0 0.930272 0.976786 774 66346 0 33.1217 3.03328 45.1023 33.9298 35.5456 588 186 2.70009
1 0.96162 0.97619 633 57065 607 32.9249 1.91854 38.0728 27.8338 28.3254 469 164 0.196736
2 1 0.906542 560 36932 546 25.1583 12.3088 35.7396 27.2908 24.7027 388 172 0.119079
3 0.861386 1 506 52097 454 28.8504 11.0015 35.173 30.2771 35.173 505 1 0.230823
4 0.981982 0.738983 621 70777 0 35.1034 0.861191 38.756 36.9291 27.7343 444 177 1.73717
5 1 0.997701 611 48208 604 28.3846 9.69122 41.2129 26.3794 26.3272 434 177 0.127128
6 0.983673 0.799337 612 51904 0 33.4656 3.2281 37.0223 36.5585 29.6549 490 122 1.68194
7 0.941924 0.982955 728 87319 0 35.0223 1.65144 47.7155 35.5767 36.858 551 177 2.36575
8 0.950851 0.976699 650 67409 0 33.6231 1.99038 43.2848 34.6903 36.0197 529 121 1.89266
9 0.9182 0.772806 630 75951 0 35.7541 1.44875 43.6149 40.3854 34.0225 489 141 1.85746
10 0.90708 0.756458 594 86104 0 34.2909 1.85683 38.2307 35.0982 29.3918 452 142 1.579
11 0.524775 0.533181 668 75739 524 37.1677 2.03705 47.7876 28.4296 32.07 444 224 0.631371
12 0.985772 0.711144 690 85952 0 36.2883 1.38908 48.9205 48.2807 34.549 492 198 2.15934
13 0.91866 0.927536 631 69236 531 34.0687 1.467 37.3756 24.4502 24.7855 418 213 0.451125
14 0.84 0.925754 599 46183 550 34.2701 1.83508 37.4638 26.4219 29.3541 475 124 0.236953
15 0.904 0.909457 646 88330 0 34.0027 2.0899 43.5458 34.1111 33.999 500 146 1.94257
16 1 0.978723 471 36106 470 26.6996 10.5481 29.5433 29.5433 28.9525 460 11 0.08714
17 0.906977 0.968944 617 48882 536 31.1465 5.72266 38.078 30.4457 32.2772 516 101 0.347477
18 0.981818 0.797637 688 73768 0 34.3921 2.08681 43.0408 42.3407 33.6349 550 138 2.13932
19 0.836935 0.898734 689 78264 460 32.2029 4.45721 43.2956 30.0732 31.9167 509 180 0.90852
20 0.978947 0.916256 648 68948 602 37.5189 0.898171 43.1955 27.4432 25.7399 380 268 0.30134
21 1 0.625 433 18772 432 19.8179 16.9519 25.119 25.119 15.6895 270 163 0.0440517
22 0.994737 0.75 514 38457 0 35.7028 2.12454 33.03 32.5041 24.2235 380 134 1.22707
23 0.920168 0.952174 645 48432 590 33.8952 2.45928 40.9948 28.6275 29.6022 476 169 0.261498
24 0.853748 0.763072 694 69351 0 33.9884 2.32747 44.0491 39.3933 34.3046 547 147 2.17132
25 0.957672 0.721116 530 65827 0 37.6563 0.984951 35.7775 33.969 24.8426 378 152 1.33541
26 0.870488 0.703259 645 66873 0 35.7396 1.16529 46.096 41.7807 30.6412 471 174 1.9007
27 0.950893 0.902542 625 54158 580 32.1962 4.15309 36.4988 27.6316 26.1643 448 177 0.249722
28 1 0.638021 385 15185 384 16.1657 21.7852 21.6219 21.6219 13.3802 245 140 0.0358998
29 0.9375 0.771028 706 115760 0 36.0783 1.12509 45.4897 41.7545 33.4128 528 178 2.31688
30 0.955782 0.950931 785 89304 0 36.3286 1.42791 51.5196 38.3055 37.5237 588 197 2.763
31 0.881603 0.902985 727 62752 0 34.7099 2.41788 46.9715 33.7228 34.2099 549 178 2.3358
32 0.959551 0.966063 610 51418 580 35.3714 2.35917 39.3005 28.0409 28.4444 445 165 0.22094
33 0.878543 0.917548 644 52421 563 33.3966 2.05415 37.3749 27.7741 28.9755 494 150 0.35974
34 0.968165 0.738571 718 78916 0 34.9866 1.54443 45.6144 44.7651 34.0571 534 184 2.30749
35 0.951883 0.726837 672 71179 0 36.4009 1.04646 42.4286 39.5166 30.4234 478 194 2.04624
36 0.881579 0.664306 803 76654 0 31.5962 4.90919 48.2352 43.5629 32.4137 532 271 2.87874
37 0.809717 0.704225 675 76628 0 34.0649 1.80783 43.0047 35.8935 30.4801 494 181 2.09922
38 0.544513 0.593679 667 70155 432 34.9893 1.92482 43.3901 28.4978 31.8608 483 184 0.893386
39 0.922932 0.899267 678 54650 0 31.7083 3.49506 41.3982 33.4262 32.407 532 146 2.04397
40 0.939076 0.729201 643 69068 0 38.3146 0.71647 45.37 43.365 30.643 476 167 1.89788
41 0.895833 0.993072 658 94022 572 37.6013 0.869923 48.0032 29.6155 32.9022 480 178 0.460764
42 0.99513 0.860955 723 80648 0 33.4133 2.24668 43.6288 42.7015 37.0623 616 107 2.37099
43 0.932743 0.836508 786 93770 0 36.3813 0.982734 51.5757 41.2223 37.3023 565 221 2.77614
44 0.837963 0.737772 859 70938 0 31.3032 5.07859 53.9659 46.2103 39.6119 648 211 3.27257
45 0.873394 0.952 758 75194 618 35.0089 1.81932 46.1975 30.5585 33.5818 545 213 0.675358
46 0.966851 0.695825 518 40524 506 24.783 11.6654 30.9642 30.1478 21.0339 362 156 0.125811
47 0.848758 0.688645 640 83454 0 36.693 1.15132 43.0153 37.0144 30.2362 443 197 1.8843
48 0.527237 0.622989 686 102271 513 37.407 0.805425 46.0275 27.1647 34.6582 514 172 0.784856
49 0.848592 0.977688 715 66718 665 32.3797 4.31774 44.9396 30.5013 35.4798 568 147 0.310972
50 0.59887 0.642424 714 78261 445 35.4109 1.36669 43.7988 29.767 31.8317 531 183 1.05629
51 0.846809 0.756654 641 55369 505 32.9256 1.88571 36.9438 30.2655 27.1237 470 171 0.537871
52 0.864865 0.726003 659 58452 0 29.413 6.75928 38.0668 33.5846 27.9742 481 178 1.95765
53 0.951327 0.736301 607 85955 0 33.8377 2.04156 40.466 38.9308 30.4479 452 155 1.72605
54 0.977667 0.98995 579 34037 550 27.4271 11.2572 36.4159 23.7952 24.2492 403 176 0.156953
55 0.940898 0.89842 558 71282 509 37.8336 0.236337 38.3901 30.3468 29.1302 423 135 0.283386
56 0.92112 0.937824 609 52587 581 37.7854 0.423312 42.7293 27.2337 27.9274 393 216 0.183918
57 0.838509 0.695876 661 67873 0 34.8724 2.09973 46.355 40.2379 30.2072 483 178 1.97371
58 0.960317 0.883212 595 65723 560 36.027 1.50261 39.9207 27.2521 24.8426 378 217 0.234153
59 0.960581 0.924152 684 70362 0 35.7192 0.912817 45.5949 33.328 32.0279 482 202 2.0865
60 0.741259 0.921739 778 76692 675 33.4073 1.68367 47.899 27.7149 35.2442 572 206 0.557561
61 0.948276 0.958606 580 54358 519 32.7136 4.33894 39.362 30.4345 30.6926 464 116 0.167126
62 0.991749 0.768542 789 79103 0 35.6968 1.86755 50.8976 50.5659 38.4682 606 183 2.79172
63 0.945245 0.614232 559 39967 532 19.9621 18.4804 31.641 30.3751 18.9561 347 212 0.158521
64 0.776991 0.920335 741 95123 507 33.9512 2.55499 48.178 30.4625 36.7839 565 176 1.03365
65 0.925926 0.775547 624 48468 0 30.8124 5.24581 39.4402 34.969 28.9573 459 165 1.73686
66 0.803774 0.603399 813 88061 0 37.7864 0.680106 53.7152 46.7307 35.3445 530 283 2.95782
67 0.971761 0.962171 818 93179 0 35.182 1.90073 50.7417 38.6916 37.9886 602 216 2.98486
68 0.9 0.885542 682 98909 578 33.7897 2.15205 41.4581 29.9664 29.9295 490 192 0.501698
69 0.975309 0.722561 669 94763 0 37.3111 0.964717 46.974 46.3071 32.7939 486 183 2.06559
70 0.976654 0.745914 751 125411 0 37.2493 0.791708 51.7287 47.0005 36.1171 514 237 2.62248
71 0.86444 0.91858 663 72605 546 32.3283 4.137 41.3644 29.7759 31.3952 509 154 0.538685
72 0.88551 0.925234 764 74168 0 34.9252 1.38351 45.2649 31.9387 32.972 559 205 2.62129
73 0.853565 0.723856 728 63670 0 31.5835 5.99938 45.2392 38.832 32.0248 519 209 2.37614
74 0.904274 0.813846 716 70997 0 33.1589 2.2699 44.1131 40.3144 36.433 585 131 2.29776
75 1 0.751592 472 21587 471 18.1798 18.0205 26.9666 26.9666 19.5765 354 118 0.0506564
76 0.551181 0.607375 696 62394 418 34.3032 2.65544 43.3316 28.426 31.5335 508 188 1.04837
77 0.922027 0.703869 724 92496 0 36.0542 2.878 49.4287 46.0042 35.7481 513 211 2.38465
78 0.770073 0.802281 759 73203 506 33.4212 2.07209 43.4895 30.529 32.2003 548 211 1.0775
79 0.895257 0.947699 646 55206 563 32.8754 2.26448 40.7598 30.0625 32.3038 506 140 0.403151
80 0.910959 0.82438 628 72900 531 33.236 2.33816 38.1175 29.2595 26.186 438 190 0.404898
81 0.940898 0.802419 608 45989 574 27.0503 9.72179 35.5439 29.1489 24.6593 423 185 0.199806
82 0.826888 0.953291 720 78921 0 36.2702 0.699167 48.1717 30.6382 35.3409 543 177 2.32041
83 0.864198 0.957031 730 66999 596 31.7529 4.4861 44.9675 30.476 33.7894 567 163 0.610684
84 0.90998 0.913556 681 55101 554 31.1079 4.52992 41.4253 30.5422 30.9274 511 170 0.561523
85 0.937381 0.893309 676 67326 0 34.5426 1.71381 43.2959 35.8489 34.1077 527 149 2.0331
86 0.638581 0.606316 672 65654 430 32.9469 2.80369 41.7093 29.0059 28.5865 451 221 0.934848
87 0.562731 0.583174 763 85212 445 33.874 2.32381 45.3918 30.5817 32.6089 542 221 1.31952
88 0.969432 0.748735 651 70841 0 35.3333 1.29295 45.3273 40.547 29.8933 458 193 1.947
89 0.869658 0.847917 710 52018 541 33.8815 3.90334 46.7779 30.4816 30.3971 468 242 0.680572
90 0.758261 0.962472 747 102922 512 37.775 0.884403 50.558 29.6092 37.5649 575 172 1.03051
91 0.984615 0.775087 606 69013 0 37.0845 1.5161 40.678 38.3495 29.8725 455 151 1.7198
92 0.938429 0.864971 638 83828 0 33.6081 1.4274 38.8378 31.6164 28.6425 471 167 1.86429
93 0.898345 0.71028 579 59306 526 31.2323 4.72055 32.641 30.4646 23.7157 423 156 0.267612
94 0.8528 0.935088 862 99535 0 35.2807 1.48528 57.7156 37.0703 40.0604 625 237 3.32036
95 0.767824 0.724138 728 80005 0 34.9701 2.30562 44.6276 35.1343 33.8876 547 181 2.39664
96 0.659271 0.825397 821 113032 642 33.9493 2.55155 51.3439 30.5976 38.6465 631 190 0.964422
97 1 0.827214 464 35508 463 24.8697 13.2161 28.4394 28.4394 23.1742 383 81 0.0770117
98 0.882828 0.888211 714 64910 0 33.0342 2.75993 45.1203 30.753 31.2801 495 219 2.27205
99 0.866803 0.94 663 64316 603 31.0336 4.2395 40.0994 26.6401 28.9062 488 175 0.339336
100 0.946644 0.956522 701 94394 0 36.7835 1.44002 47.8717 38.9073 39.4401 581 120 1.83077
101 0.868534 0.917995 640 78106 527 35.9849 1.18759 42.4435 29.6352 31.1384 464 176 0.525906
102 0.863946 0.963947 800 73876 0 34.0321 2.27393 48.5532 31.8726 36.0448 588 212 2.8364
103 0.88668 0.781086 629 54839 0 33.356 2.7114 39.4711 36.0719 30.264 503 126 1.78433
104 0.731239 0.912854 726 88847 0 35.2606 1.48032 48.701 30.6885 39.096 573 153 2.3897
105 0.835526 0.815846 636 86577 535 32.5319 2.78503 39.6002 29.2511 28.7134 456 180 0.487178
106 0.970149 0.726837 642 59363 0 34.1693 2.09656 39.7057 38.7113 29.8182 469 173 1.8755
107 0.986737 0.744 509 43496 506 31.9902 3.21326 30.7997 30.273 22.8493 377 132 0.108443
108 0.958661 0.956778 677 45211 0 35.1896 3.13059 47.2692 34.3821 34.3266 508 169 2.04058
109 0.96475 0.750361 716 62728 0 33.65 2.15076 43.1863 41.8533 33.2051 539 177 2.28582
110 0.814672 0.923414 648 79269 502 34.8603 1.73195 43.4429 30.2399 34.8798 518 130 0.631905
111 0.990148 0.730909 559 53377 0 36.0668 1.91121 37.5967 37.1131 27.1117 406 153 1.42514
112 0.935294 0.991684 650 75129 0 34.2489 1.6523 40.9576 30.6766 32.3009 510 140 1.90787
113 0.895745 0.812741 577 61896 500 31.7814 3.36478 34.0393 30.3899 28.1148 470 107 0.354705
114 1 0.375 265 7956 264 10.6611 28.2983 14.5149 14.5149 5.26822 99 166 0.0190318
115 0.811784 0.928839 812 80595 0 36.6019 1.72406 56.5229 36.5894 42.3608 611 201 2.92997
116 0.92891 0.790323 593 59039 494 33.4707 1.60102 36.8234 30.4726 26.225 422 171 0.399191
117 0.848812 0.786 720 60563 0 33.8857 3.43025 46.2249 32.3625 29.9408 463 257 2.2996
118 0.969072 0.780083 748 105797 0 35.4487 1.14133 46.98 45.5616 36.295 582 166 2.56161
119 0.988281 0.751857 680 82896 0 35.9819 1.41207 44.5747 44.251 34.0491 512 168 2.13075
120 0.947126 0.940639 585 50681 546 32.0482 3.04486 35.7769 26.7689 26.3139 435 150 0.214438
121 0.932755 0.968468 602 60191 389 35.3389 1.76107 41.491 30.3846 31.5936 461 141 0.738131
122 0.862669 0.944915 716 67933 504 35.6055 1.80026 46.654 30.5452 34.1775 517 199 0.862156
123 0.850103 0.953917 678 76194 587 35.1668 2.41068 48.1774 30.3992 34.2769 487 191 0.479283
124 0.872255 0.826087 713 79799 0 37.1774 1.10132 48.4333 36.3116 34.0539 501 212 2.29688
125 0.897921 0.87477 764 73936 0 33.526 2.1633 44.8089 32.1752 31.4628 529 235 2.60186
126 0.969762 0.764906 617 53556 0 31.7346 2.8438 37.8899 36.3192 28.644 463 154 1.70244
127 0.833969 0.947939 706 56356 602 32.5056 3.39698 41.2307 26.4892 30.2955 524 182 0.483412
128 0.864151 0.88588 723 56383 650 33.2526 3.04653 44.6164 30.1452 31.1824 530 193 0.38563
129 0.915152 0.723642 674 45395 0 34.1658 2.19329 44.8927 41.8039 32.091 495 179 2.00058
130 0.952965 0.95102 684 104214 0 34.0009 2.12773 45.4694 31.6169 31.3343 489 195 2.13037
131 0.975983 0.708399 652 71521 0 36.8557 1.12116 44.7737 43.2424 31.7085 458 194 1.93253
132 0.967337 0.710332 561 28574 0 25.6347 11.6115 34.8536 33.5683 23.3104 398 163 1.40561
133 0.821691 0.886905 669 62460 549 33.6677 1.79997 39.77 30.3614 32.0957 544 125 0.482727
134 0.931393 0.933333 651 47100 603 27.9648 8.04827 37.4035 27.8276 27.669 481 170 0.265473
135 0.970588 0.701062 679 54786 0 31.8446 4.98532 42.0436 40.8691 29.15 476 203 2.02657
136 0.865731 0.93913 615 81637 475 34.2661 2.1181 41.166 30.5404 33.1949 499 116 0.387107
137 0.937916 0.710924 637 49083 0 36.7367 1.24661 43.219 40.5515 30.0967 451 186 1.81359
138 0.992683 0.823887 503 39915 490 29.394 7.46485 30.8957 30.4159 25.5412 410 93 0.11275
139 0.644351 0.662366 644 77650 361 36.4228 0.719592 41.2398 30.3593 30.5112 478 166 1.04495
140 0.876543 0.928105 652 80884 598 32.6633 2.82915 39.3852 26.9719 28.7727 486 166 0.334766
141 0.753153 0.734622 749 81331 0 33.1522 2.32961 44.601 34.1066 32.8464 555 194 2.53618
142 0.733583 0.80123 731 71647 481 34.2558 2.10443 44.7699 30.1998 32.7534 533 198 1.01884
143 0.973607 0.752834 512 25405 501 23.1958 16.4426 34.1836 28.6172 20.2521 341 171 0.0837444
144 0.81741 0.78252 602 40113 503 28.7063 7.83915 36.7165 30.2219 28.8916 471 131 0.37996
145 0.866109 0.924107 774 66497 731 35.7609 1.0574 51.2726 29.0809 31.3843 478 296 0.318852
146 0.936123 0.944444 685 73672 634 35.2974 2.08006 47.2253 29.818 30.1117 454 231 0.325052
147 0.784452 0.766839 711 76063 0 35.7285 0.977751 46.3958 37.7365 37.2413 566 145 2.28725
148 0.982801 0.845666 538 43649 490 33.6879 2.76121 34.3677 30.4425 25.9245 407 131 0.194555
149 0.789223 0.97456 851 103571 750 35.2133 0.820425 50.9779 30.2141 37.4459 631 220 0.650462
150 0.965184 0.834448 633 54819 0 28.8598 7.82466 38.7458 36.3868 32.2855 517 116 1.80787
151 0.963325 0.922717 643 81941 592 37.9962 0.4209 46.1131 30.132 28.9668 409 234 0.319273
152 0.977654 0.94086 808 91024 0 36.9102 0.855765 55.1871 37.3592 35.9972 537 271 2.93942
153 0.869388 0.904459 666 59334 592 36.212 0.750473 43.3347 30.5613 32.0756 490 176 0.324065
154 0.895556 0.844864 602 72693 531 34.6651 1.0655 38.3717 29.6223 28.3503 450 152 0.343723
155 0.892241 0.91796 620 76267 531 31.827 4.4236 39.6944 28.5865 29.9876 464 156 0.43781
156 0.931579 0.981516 758 117802 0 37.288 1.28344 51.1823 37.5734 39.0027 570 188 2.65447
157 0.852761 0.941309 635 40592 591 33.9517 2.97516 39.1607 27.7039 30.7545 489 146 0.228748
158 0.967742 0.899358 634 64652 0 36.2405 1.20183 43.7864 32.8501 30.6184 434 200 1.82225
159 0.92487 0.706931 570 62039 0 36.9494 0.714228 39.3938 34.5615 25.8053 386 184 1.51539
160 0.96124 0.946565 687 83315 0 35.2276 0.954997 43.7262 32.8629 32.6401 516 171 2.12514
161 0.971739 0.949045 626 45946 571 31.6309 4.56501 39.5154 29.5251 28.8108 460 166 0.266955
162 0.986143 0.796642 583 57648 0 36.8791 0.816888 38.5425 35.7122 29.101 433 150 1.55725
163 0.683594 0.695825 732 96428 458 33.7798 1.80506 43.2563 29.8898 30.3822 512 220 1.15342
164 0.944231 0.889493 712 72741 0 35.7733 2.03902 45.5323 35.7707 33.8829 520 192 2.29158
165 0.892241 0.907895 649 57996 554 35.0133 1.34245 41.8933 28.5008 29.4785 464 185 0.420646
166 0.966667 0.946939 674 48754 624 34.3103 2.08591 40.9926 29.4255 28.8522 480 194 0.286854
167 0.447205 0.494279 706 109893 502 35.8309 1.34362 48.2146 28.8172 32.2166 483 223 0.913863
168 0.674948 0.662602 662 49207 418 30.3216 5.34191 40.845 30.0803 30.1587 483 179 0.910327
169 0.890947 0.883673 611 69171 523 32.5961 3.04365 36.7459 29.9097 29.7081 486 125 0.401368
170 0.997462 0.839744 595 33870 582 25.515 12.9275 38.7564 30.1129 24.3259 394 201 0.117823
171 0.871542 0.882 654 66250 603 32.6863 3.61085 39.3981 30.3227 30.5097 506 148 0.31379
172 0.988372 0.773732 781 95094 0 34.82 1.74957 48.9132 48.344 38.0935 602 179 2.76353
173 0.567812 0.630522 813 104535 445 34.3722 1.62104 48.8385 30.2222 33.1613 553 260 1.61006
174 0.861682 0.970526 667 77392 543 34.163 1.26446 42.3588 30.4586 34.5147 535 132 0.574558
175 0.959693 0.763359 677 67329 0 33.9785 2.15001 43.8057 42.6616 30.9222 521 156 2.05691
176 0.564356 0.625 683 61914 463 31.8018 3.91141 41.5924 27.5469 30.9551 505 178 0.867921
177 0.847122 0.969136 704 52660 582 36.4138 1.2165 45.2452 30.3722 35.0406 556 148 0.547175
178 0.932166 0.908316 579 54058 510 32.6745 2.59234 35.1931 28.8883 28.1738 457 122 0.302965
179 0.714851 0.735234 652 55942 0 34.2028 2.91963 42.428 32.6376 32.368 505 147 1.91077
180 0.772636 0.758893 636 91039 0 35.1003 1.96062 42.3577 34.3564 33.1063 497 139 1.90665
181 0.5625 0.604743 768 83666 489 33.1311 2.9633 44.9002 30.439 31.8446 544 224 1.19446
182 0.956522 0.678227 593 37170 547 24.7776 12.0015 34.8072 30.3415 21.4069 368 225 0.215451
183 0.59246 0.625 764 86819 471 31.9361 2.90176 44.8446 30.5775 32.4497 557 207 1.24869
184 0.583673 0.627193 672 80446 453 33.1647 3.89173 44.5127 29.8594 32.7125 490 182 0.882686
185 0.882957 0.88843 636 55600 513 29.1178 7.89847 38.9293 29.6947 29.8075 487 149 0.490263
186 0.916335 0.954357 763 70433 705 36.1145 1.85291 47.5656 30.3667 31.3651 502 261 0.378801
187 0.851171 0.975096 704 57850 0 32.5385 3.39844 42.4945 31.5274 36.1335 598 106 2.19305
188 0.816456 0.802905 636 57584 541 34.8913 1.46472 40.2776 30.4776 30.3176 474 162 0.425644
189 0.911071 1 552 41253 0 26.3892 11.5156 34.1864 31.2709 34.1864 551 1 1.38027
190 0.89375 0.899371 670 71915 562 34.4743 1.70225 43.5723 29.8951 30.7555 480 190 0.494524
191 0.932409 0.965889 775 66587 0 34.4993 2.02749 44.9051 32.7059 33.8336 577 198 2.61735
192 0.596491 0.662338 690 69762 411 35.9125 1.60018 46.3127 30.3478 33.961 513 177 1.06451
193 0.916854 0.822581 563 47267 497 32.3486 1.85958 34.4444 30.3981 26.2224 445 118 0.275663
194 0.851711 0.899598 699 96129 576 34.2556 1.34365 42.1396 30.2915 32.19 526 173 0.568981
195 0.954198 0.968992 661 49208 607 32.6587 2.72542 39.139 30.5082 30.9 524 137 0.293145
196 0.771058 0.697266 630 53652 542 32.0047 3.13113 37.3663 29.7395 26.94 463 167 0.372928
197 0.780538 0.85877 717 68477 615 34.0453 1.41456 44.9762 27.548 29.1822 483 234 0.498802
198 1 0.88 595 59272 564 37.7162 0.707656 41.1224 29.4826 26.3061 374 221 0.215461
199 0.864542 0.943478 702 88987 599 33.0742 2.42934 44.8783 28.0775 31.5043 502 200 0.525275
200 0.738041 0.692308 595 70009 373 34.2875 1.62874 39.1105 30.3331 28.4695 439 156 0.805795
201 0.859296 0.975285 751 70612 704 30.7394 4.90098 43.2411 30.5341 35.3563 597 154 0.318365
202 0.677193 0.916865 746 68486 626 34.0837 1.6942 46.6311 24.9241 35.0725 570 176 0.587881
203 0.970642 0.834385 690 66430 0 33.967 2.07729 41.7833 39.0241 32.6932 545 145 2.13322
204 0.868787 0.738176 670 61364 0 33.8238 2.35614 43.4057 38.2449 32.4515 503 167 1.96267
205 0.997214 0.852381 507 55149 466 37.8923 0.417219 34.1685 28.5576 24.2434 359 148 0.209694
206 0.980349 0.810469 582 37910 0 29.7698 6.27904 35.8878 34.0094 27.5494 458 124 1.51654
207 0.957346 0.83299 564 50338 510 33.9195 0.924647 35.2821 30.4056 26.7706 422 142 0.253592
208 0.991507 0.735433 640 59510 0 33.9634 2.9762 43.2553 42.9593 28.8701 471 169 1.86462
209 0.938298 0.788909 589 50104 0 29.5873 6.29298 36.211 34.2895 29.1617 470 119 1.57272
210 1 0.617711 464 27114 463 19.3061 19.6827 29.1452 29.1452 17.7656 286 178 0.0603103
211 1 0.704309 677 90239 0 37.773 0.88153 49.2116 49.0481 33.143 474 203 2.12557
212 0.911523 0.742044 669 93087 0 33.6874 2.33533 41.8227 37.4708 29.8803 486 183 2.0736
213 0.890411 0.995624 692 106583 626 35.0319 1.49615 46.2496 29.0829 32.8757 511 181 0.430339
214 0.941606 0.789796 590 52738 528 33.6331 2.5817 35.1308 29.5416 25.2223 411 179 0.287153
215 0.944882 0.877514 640 64125 0 34.6253 1.77389 41.2712 35.5917 32.7644 508 132 1.8761
216 0.962175 0.894505 655 57383 610 35.8022 1.16258 43.7191 29.6804 27.6075 423 232 0.266301
217 0.96875 0.70348 683 73654 0 33.441 2.82996 41.6163 40.1033 27.8717 480 203 2.1505
218 0.876087 0.971084 623 92323 569 39.1769 0.389012 44.5739 27.6043 30.5113 460 163 0.34706
219 0.981096 0.957565 659 55277 0 37.6089 0.875384 44.2203 34.8989 34.0921 529 130 1.96556
220 0.973737 0.739264 669 76680 0 34.4209 3.38528 43.16 41.8895 32.1429 495 174 2.03287
221 0.913146 0.854945 623 91586 578 34.6631 1.82277 40.7426 29.9546 27.6082 426 197 0.326991
222 0.794118 0.94186 789 118651 0 36.8075 0.907407 50.3743 32.6389 39.0226 612 177 2.81169
223 0.79633 0.966592 674 87117 594 34.4745 1.49759 42.5537 28.5085 34.9576 545 129 0.434372
224 0.925996 0.743902 717 95414 0 34.5264 1.83296 47.7679 44.1494 35.5932 527 190 2.32531
225 0.945701 0.952164 594 67033 562 35.7216 1.07737 39.8027 30.0185 30.3406 442 152 0.228569
226 0.575419 0.609467 753 67120 505 32.0211 4.99962 45.4804 30.2763 31.0875 537 216 1.05755
227 0.971739 0.91411 607 50846 509 28.7224 8.11435 37.6567 29.9458 28.015 460 147 0.410113
228 1 0.505519 454 28462 453 19.4505 20.5606 27.2806 27.2806 13.5051 229 225 0.0617799
229 0.892713 0.90184 633 80461 543 33.9492 1.74469 39.8412 29.9458 30.3178 494 139 0.418043
230 0.70922 0.655022 598 58597 385 34.7207 1.50881 37.9931 29.2697 27.0239 423 175 0.741573
231 0.968825 0.893805 616 69776 568 37.1237 1.12237 41.3516 29.5947 27.3945 417 199 0.284493
232 0.864437 0.929924 693 57642 585 31.6297 2.83858 39.6594 29.9232 32.5304 568 125 0.483638
233 0.798182 0.892276 732 69339 628 35.4046 1.16816 44.6166 30.2219 33.7016 550 182 0.536978
234 0.985882 0.961009 685 63389 662 37.1375 0.82695 45.0086 29.1229 28.4433 425 260 0.210244
235 0.482877 0.613043 764 104241 548 35.6425 1.55285 50.2307 29.2443 36.3937 584 180 1.03026
236 0.484733 0.594848 699 63550 469 36.2549 0.586958 46.0148 27.4987 32.4502 524 175 0.915471
237 0.967901 0.835821 592 40527 552 29.0151 7.85938 38.0643 30.1243 25.8167 405 187 0.206696
238 0.941772 0.832215 534 44015 477 32.022 6.93523 35.679 30.364 26.209 395 139 0.241548
239 0.943966 0.956332 566 52459 431 32.2783 3.76133 37.9665 30.5115 31.0029 464 102 0.179927
240 0.62754 0.584034 642 73551 435 33.6339 2.72044 41.1304 30.0003 26.981 443 199 0.795155
241 0.895131 0.969574 684 86369 0 35.3468 1.39317 46.3628 32.6818 35.8766 534 150 2.11388
242 0.961224 0.911025 663 66022 0 34.1661 2.49231 41.9537 32.9314 31.7047 490 173 1.98964
243 0.839286 0.921569 616 64894 549 36.2701 1.12089 42.5392 29.1554 31.4713 448 168 0.327913
244 0.938614 0.979339 713 113663 0 37.0467 1.04266 49.1094 31.7255 33.4528 505 208 2.37218
245 0.85877 0.793684 613 74404 504 33.1761 2.25513 38.0725 29.8927 27.4712 439 174 0.491461
246 0.973856 0.699531 656 89464 0 36.2038 0.722037 43.9585 43.0517 29.9811 459 197 1.98083
247 0.915584 0.901919 625 75126 572 32.9269 2.23794 40.1169 30.5226 29.9834 462 163 0.317161
248 0.923828 0.946 659 73641 600 31.336 4.65905 40.1445 30.396 31.0482 512 147 0.346864
249 0.901119 0.723054 727 62698 0 32.8946 3.28953 44.0618 40.4386 32.6555 536 191 2.35859
250 0.990431 0.658188 634 44071 0 28.4912 8.96105 39.3749 39.1254 25.4329 418 216 1.78712
251 0.912017 0.734024 635 46597 0 31.9253 4.71686 38.7343 35.6365 28.1935 466 169 1.79428
252 0.894958 0.961625 548 48918 429 30.5218 6.61476 37.3008 30.4692 32.4302 476 72 0.228679
253 0.902622 0.918095 718 115197 0 36.7615 0.967125 48.7985 35.7562 36.9942 534 184 2.4128
254 0.94697 0.813449 572 51177 477 34.2723 1.32055 36.0029 29.2643 24.7014 396 176 0.367288
255 0.876812 0.960317 589 95200 556 39.8369 0.185057 42.4321 25.3962 27.9232 414 175 0.275276
256 0.968153 0.984881 664 56729 638 34.8935 3.53647 43.8938 28.9595 29.3865 471 193 0.205984
257 1 0.686567 470 23203 469 20.9423 16.1394 26.8541 26.8541 17.8906 322 148 0.0679445
258 0.935922 0.76874 670 46629 0 31.7444 4.31824 39.0603 36.6292 29.9789 515 155 1.9821
259 0.943327 0.964486 728 55145 0 35.2081 1.92424 49.7123 36.3079 37.445 547 181 2.3527
260 0.91236 0.820202 595 55787 524 33.2059 2.37408 36.8558 30.3526 27.6914 445 150 0.323367
261 0.95098 0.889908 683 55980 0 33.6664 2.80689 43.9413 35.7377 33.3458 510 173 2.06319
262 0.872979 0.853273 581 43232 483 36.7628 1.21586 39.872 30.4654 29.6589 433 148 0.379654
263 0.875451 0.958498 701 49637 598 32.833 2.32572 42.2908 30.5333 33.6097 554 147 0.462495
264 0.871495 0.714559 587 64448 0 34.6722 1.68409 39.2116 35.0509 27.7755 428 159 1.59727
265 0.59542 0.74856 793 60525 442 32.8803 2.65706 45.8785 30.4421 38.2344 655 138 1.45671
266 0.913481 0.773424 631 56706 0 34.201 0.771485 38.0442 35.5441 29.939 497 134 1.81247
267 0.971857 0.793262 730 60397 0 33.4128 1.81568 43.5123 39.0037 32.2418 533 197 2.36328
268 0.920993 0.953271 634 44934 584 29.5863 5.5357 35.0999 23.3982 24.6105 443 191 0.247406
269 0.972222 0.882883 658 92541 0 36.7936 0.694033 44.4626 37.3688 34.3396 504 154 2.02755
270 0.931707 0.837719 591 74885 543 33.3592 3.2364 37.235 28.9284 26.0014 410 181 0.290016
271 0.991781 0.918782 556 33452 513 21.8069 17.3077 34.7024 23.3475 21.602 365 191 0.188041
272 0.908592 0.772939 694 85997 0 35.8159 0.914829 45.6382 42.7461 33.0176 547 147 2.21974
273 0.932377 0.924797 657 72475 0 36.3146 1.21844 43.7415 32.7939 32.5521 488 169 1.95265
274 0.964206 0.930886 616 44132 451 33.0402 3.19532 40.5103 30.2299 29.2864 447 169 0.097206
275 0.818356 0.864646 750 111090 491 35.8288 1.29379 47.0014 30.5151 32.2991 523 227 1.15419
276 0.940678 0.813187 619 50758 0 36.045 1.27009 41.9206 37.4516 32.6207 472 147 1.75021
277 0.488806 0.587444 740 78339 491 37.1181 0.647831 49.7224 29.1396 36.6033 536 204 1.04545
278 0.50625 0.598522 645 81647 515 38.1917 0.879606 45.9095 27.1577 33.0254 480 165 0.570843
279 0.932755 0.911017 631 48708 585 28.9364 6.01057 35.4101 26.6581 26.0839 461 170 0.245441
280 0.909274 0.949474 654 66749 439 33.4772 1.76735 42.4658 30.3715 31.3768 496 158 0.816145
281 0.811111 0.924051 759 70676 0 32.3226 3.17611 41.9935 31.8766 36.1015 630 129 2.54083
282 0.79646 0.801782 640 97507 566 37.1103 0.660986 42.9622 30.2773 30.0312 452 188 0.417337
283 0.8 0.651446 787 101308 0 34.3926 1.91734 46.7844 39.0111 31.373 535 252 2.80775
284 0.931227 0.961612 692 90264 0 33.2171 2.58348 41.7888 31.4286 32.5646 538 154 2.19402
285 0.978558 0.731778 701 72605 0 37.2457 0.891117 49.7949 48.9631 35.8671 513 188 2.17796
286 0.956522 0.863636 579 67176 522 32.2023 2.31742 35.1658 29.1664 26.4899 437 142 0.296854
287 0.974468 0.995652 517 43734 505 32.1535 7.00801 33.4022 29.8902 30.455 470 47 0.120577
288 0.893654 0.963031 754 92582 0 35.2104 1.34791 48.4143 35.5366 38.2823 583 171 2.56657
289 0.971698 0.971698 614 45283 593 27.6147 8.24671 35.0139 23.5083 23.5268 424 190 0.158318
290 0.923833 0.710775 584 54339 0 38.0976 0.672969 37.8687 34.7006 27.1834 407 177 1.56313
291 1 0.677647 426 32205 425 18.2641 19.6729 25.2038 25.2038 16.9579 288 138 0.0667371
292 0.731518 0.798301 623 72197 387 33.6904 1.93994 40.5968 30.2969 33.6555 514 109 0.864851
293 0.942623 0.759076 691 59989 0 35.692 2.10111 48.977 43.2468 34.1065 488 203 2.15158
294 0.892139 0.94027 715 75713 0 32.8596 3.1789 43.8751 31.1864 33.0433 547 168 2.31938
295 0.813596 0.920596 623 47980 539 35.4684 1.91011 40.9828 26.8475 30.3463 456 167 0.352003
296 0.993435 0.947808 593 36569 579 29.918 7.58965 37.13 29.3972 28.1709 457 136 0.119171
297 0.969529 0.859951 554 41771 527 30.6533 7.38597 38.3456 27.7494 24.5192 361 193 0.159119
298 1 0.72238 354 16595 353 17.2605 19.7116 18.8966 18.8966 13.4257 255 99 0.0365617
299 0.895792 0.856322 729 73569 628 34.8169 1.43271 43.5132 30.3644 29.2455 499 230 0.508963
300 0.935185 0.933457 727 72223 0 35.0133 1.90647 47.5276 34.1987 34.1938 540 187 2.37722
301 0.997151 0.875 508 57755 467 35.3711 0.852284 33.9639 26.2774 22.8228 351 157 0.21208
302 0.715888 0.950372 736 81439 519 36.254 1.83905 50.3328 25.4039 35.7412 535 201 0.92843
303 0.925856 0.981855 724 99377 666 35.4317 1.02868 45.9736 30.1395 32.4119 526 198 0.406029
304 0.902174 0.925651 709 58423 0 35.1959 1.95343 45.8963 34.7444 35.8024 552 157 2.24776
305 0.835509 0.679406 535 68227 0 37.0784 1.16269 36.8187 32.7077 24.7721 383 152 1.366
306 0.959578 0.816143 745 97942 0 37.6042 0.446739 51.6397 47.145 40.6709 569 176 2.53631
307 0.886076 0.674374 566 48041 520 30.6609 3.9221 33.7137 30.4339 22.3464 395 171 0.228424
308 0.832 0.872117 648 64387 572 33.1341 2.1788 37.4302 27.2972 29.0381 500 148 0.361877
309 0.987741 0.759085 761 87196 0 33.355 1.79667 43.09 41.918 32.5485 571 190 2.60595
310 0.89576 0.816425 692 58287 0 33.3178 2.39226 39.859 36.3052 32.6981 566 126 2.11752
311 0.941281 0.781388 711 60262 0 34.3084 2.269 46.2042 44.1968 37.342 562 149 2.26358
312 0.92986 0.895753 693 55206 649 32.078 2.71095 39.5129 29.6207 28.1007 499 194 0.263644
313 0.9002 0.949474 642 85284 572 34.9046 1.6959 40.9094 30.3389 32.0169 501 141 0.40762
314 0.992925 0.925275 585 50322 419 34.5893 2.79346 41.0277 30.4392 28.6987 424 161 0.104229
315 0.985099 0.78084 784 80162 0 32.455 3.16095 47.3721 46.1467 36.681 604 180 2.68581
316 0.579381 0.609544 672 55654 305 34.5442 2.39345 45.879 29.0647 33.2703 485 187 1.25842
317 0.919492 0.935345 603 66298 555 33.1708 2.70569 40.4921 30.4245 30.9577 472 131 0.276806
318 0.934211 0.891213 592 58471 514 30.6358 5.26044 36.6166 29.6161 27.8994 456 136 0.343669
319 0.954733 0.805556 623 81756 0 36.753 0.950409 44.0351 40.2351 33.708 486 137 1.81094
320 0.968858 0.823529 728 62820 0 32.5493 2.76655 41.2011 38.4847 32.4915 578 150 2.35506
321 0.981261 0.8 808 96597 0 36.0702 1.28025 52.3972 47.6354 39.8833 587 221 2.91302
322 0.837545 0.741214 736 74645 0 33.6354 2.48821 45.062 38.9346 33.8848 554 182 2.44612
323 0.799555 0.827189 613 73533 506 32.7907 2.10623 37.6383 25.8066 27.2259 449 164 0.457472
324 0.60312 0.717526 741 91362 470 35.4384 0.91278 46.7137 30.3796 36.529 577 164 1.13935
325 0.932849 0.878632 699 69948 0 33.6645 2.08945 42.2437 36.1386 33.6585 551 148 2.19814
326 0.840691 0.937901 740 109073 556 35.5374 2.20241 50.2073 30.4555 34.2759 521 219 0.883043
327 0.991886 0.75 660 53959 0 34.7161 0.945928 41.9212 41.5552 31.5904 493 167 1.95705
328 0.991398 0.754501 633 57072 0 35.4848 0.895789 41.5247 40.3134 30.4944 465 168 1.83188
329 0.890877 0.807131 722 73730 0 33.1779 2.17627 44.4636 37.5322 33.7428 559 163 2.34516
330 1 0.790451 759 74458 0 33.9392 2.34617 46.4317 46.0045 36.3559 596 163 2.56302
331 0.779476 0.653846 655 58309 0 32.4266 4.79473 40.6238 34.2282 27.363 458 197 1.92114
332 0.635789 0.637131 648 103654 451 35.8058 1.23399 41.9475 30.3996 28.5108 475 173 0.817887
333 0.944316 0.785714 555 53883 496 31.2394 4.03144 32.3086 30.075 24.9734 431 124 0.267189
334 0.953321 0.798496 759 67145 0 36.4686 1.47415 52.4085 46.2684 38.8836 557 202 2.54677
335 0.937788 0.757914 565 40272 525 27.6869 7.70401 31.8425 30.4434 24.4419 434 131 0.227055
336 0.897756 0.712871 549 52571 474 25.3602 10.7664 32.9841 30.4362 23.7911 401 148 0.304228
337 0.819231 0.896842 716 104874 625 32.1108 3.18531 46.4489 30.5783 33.7352 520 196 0.476879
338 0.861915 0.726079 634 49588 519 31.5571 2.8692 36.0716 30.4784 25.4466 449 185 0.454881
339 0.875536 0.937931 641 70836 569 34.1659 2.30116 39.3119 26.953 29.099 466 175 0.373337
340 1 0.504249 354 17343 353 15.3486 23.0329 20.1134 20.1134 9.34006 178 176 0.0385163
341 0.988722 0.853896 710 82650 0 35.7876 1.29382 45.5668 39.7553 33.2426 532 178 2.28082
342 0.941452 0.655791 648 49276 0 25.5333 13.2179 39.0407 36.8468 25.4096 427 221 1.88044
343 0.984556 0.725462 712 61521 0 34.0937 2.23901 44.536 44.1098 30.9426 518 194 2.2582
344 0.877953 0.957082 637 59797 560 33.8345 2.60148 40.4812 30.4218 32.8827 508 129 0.380951
345 1 0.265957 283 16234 282 11.9078 28.6359 17.5263 17.5263 3.80987 75 208 0.0339837
346 0.839583 0.911765 620 50894 548 33.877 2.6115 41.2619 28.2619 30.897 480 140 0.323953
347 0.937143 0.970414 621 57007 0 29.2339 6.1821 37.5568 30.6313 31.8419 525 96 1.73641
348 0.982942 0.966457 631 60424 609 34.4171 2.32286 40.2543 30.1562 29.7112 469 162 0.219598
349 0.745455 0.760668 698 52482 500 30.1857 6.09381 39.0312 30.5027 30.6101 550 148 0.780769
350 0.83042 0.851254 656 54556 0 33.1431 1.71508 38.2288 33.2337 33.7112 572 84 1.9454
351 0.908511 0.951002 592 59215 513 35.4385 1.32459 38.2962 29.8726 31.0837 470 122 0.298517
352 0.872987 0.95499 725 65167 658 32.2042 3.36009 43.5511 29.5714 32.5699 559 166 0.375514
353 0.93159 0.771667 649 51523 0 29.2284 7.12283 37.6064 34.8293 28.9129 497 152 1.89748
354 0.972851 0.964126 580 37673 520 37.1588 0.735598 39.4817 30.5306 30.2815 442 138 0.250422
355 0.912752 0.672158 654 66166 0 35.4397 1.047 41.9435 39.2389 28.1996 447 207 1.93373
356 0.938215 0.897155 669 92589 559 36.3636 0.747973 43.8271 30.4642 29.1276 437 232 0.543314
357 0.995238 0.832669 525 45427 0 36.9804 1.10228 36.008 34.486 28.9915 420 105 1.26403
358 0.566735 0.609272 679 53677 394 35.3309 1.73187 45.059 28.2569 32.1658 487 192 1.03082
359 1 0.356667 301 13965 300 10.6266 28.9996 16.7687 16.7687 5.5199 107 194 0.0312323
360 0.92607 0.833625 615 51528 0 32.8719 2.69461 39.1322 36.4528 32.8216 514 101 1.70389
361 0.981785 0.719626 760 81147 0 33.9812 3.03037 44.3566 43.9564 31.5049 549 211 2.60546
362 0.960986 0.947368 614 51845 519 29.0394 6.90802 38.1102 30.4594 30.0514 487 127 0.40837
363 0.837067 0.782857 632 67670 0 32.9449 3.02655 39.6882 33.0278 30.8678 491 141 1.80287
364 0.929385 0.858947 507 45215 473 29.1631 7.89222 32.2564 30.4423 28.2813 439 68 0.172491
365 0.596154 0.602592 668 62808 457 36.2388 0.59622 45.3658 29.4971 32.8017 468 200 0.815161
366 0.941176 0.890344 749 62752 0 32.7777 2.55177 42.4527 35.262 33.6598 578 171 2.50112
367 0.874517 0.74876 702 60241 0 34.7725 1.26488 42.2706 36.1718 30.7276 518 184 2.21479
368 0.932136 0.786195 630 69647 0 35.228 1.29537 41.3894 39.0361 33.3502 501 129 1.8049
369 0.689218 0.690678 631 67163 404 34.475 2.2906 41.2926 29.9385 31.3647 473 158 0.830509
370 0.89698 0.947467 657 65109 563 29.7005 5.80977 37.7724 30.4499 32.4594 563 94 0.432689
371 0.990676 0.923913 594 62268 577 37.3627 1.1824 37.8303 30.2277 28.3724 429 165 0.197903
372 1 0.64186 431 23606 430 16.8657 21.3477 27.057 27.057 16.3373 276 155 0.0525231
373 0.864348 0.898734 807 75727 0 33.4401 3.04366 48.5613 33.1555 35.2212 575 232 2.90381
374 0.935614 0.95679 702 72185 662 34.8705 1.20707 42.4071 29.9546 30.7543 497 205 0.285277
375 0.6 0.491266 620 76277 360 32.8901 4.23893 41.487 30.1245 24.3319 375 245 0.91831
376 0.872964 0.863124 757 69205 0 34.7165 1.22456 48.3991 39.3787 39.2838 614 143 2.52878
377 0.857411 0.932653 783 74509 692 34.1358 2.99589 48.8999 30.3967 33.0467 533 250 0.504891
378 0.781818 0.991614 761 77548 672 37.4185 0.735371 51.659 30.5501 38.7601 605 156 0.507261
379 0.89697 0.993289 669 65954 631 38.1816 0.999525 46.919 28.9041 32.0222 495 174 0.261739
380 1 0.294326 283 15114 282 10.1348 29.4969 14.9545 14.9545 4.19381 83 200 0.0322256
381 0.681275 0.797203 661 80542 527 33.3763 2.03444 43.2802 28.5461 32.2807 502 159 0.598068
382 0.851916 0.995927 724 66315 644 35.111 1.43389 45.6161 30.1933 35.1183 574 150 0.419627
383 0.870567 0.978088 752 86088 0 34.3809 1.3668 47.5212 30.9657 35.2793 564 188 2.53859
384 0.939002 0.81672 684 55225 0 33.7054 2.24922 43.5496 39.6498 34.2495 541 143 2.09786
385 0.793522 0.837607 718 89721 0 34.1739 3.20018 49.9963 31.3618 34.1932 494 224 2.33354
386 0.628049 0.639752 670 91575 448 35.6145 0.999836 43.0898 30.4194 31.7216 492 178 0.875323
387 0.632692 0.727876 652 65835 408 35.9566 1.62486 45.0526 30.1527 35.3739 520 132 0.897362
388 0.924752 0.88447 650 56786 547 29.1777 6.51965 37.0096 30.4594 29.1639 505 145 0.443554
389 0.994695 0.860092 516 68256 464 37.7896 0.747296 35.5523 29.9292 26.0277 377 139 0.293204
390 0.836879 0.921875 610 63594 571 35.5546 1.45361 41.4675 25.755 28.4103 423 187 0.20249
391 0.961165 0.849785 595 71069 526 26.6589 11.7207 37.9362 29.3325 26.0787 412 183 0.340525
392 0.698997 0.698997 789 72591 0 33.5765 3.48201 46.415 36.049 35.2253 598 191 2.74756
393 0.960106 0.886978 522 34499 487 33.5098 4.59715 34.8779 27.4638 25.1762 376 146 0.163958
394 0.968523 0.775194 541 58423 0 35.4886 1.69161 37.4115 35.7729 29.1884 413 128 1.375
395 0.924211 0.92616 631 46496 0 33.8433 3.89709 41.8071 31.9364 31.6828 475 156 1.78359
396 0.973684 0.708812 542 37407 527 25.9433 9.45134 31.3403 30.0243 22.1938 380 162 0.118734
397 0.593368 0.647619 831 68079 508 32.2058 3.27398 48.3462 30.3386 32.8595 573 258 1.43064
398 0.670146 0.714922 620 41892 415 31.6127 7.13346 41.8098 30.2265 31.8616 479 141 0.719863
399 0.608782 0.653105 666 68442 356 31.1594 4.75704 40.6537 29.1591 30.327 501 165 1.11015
400 0.92029 0.958491 778 98665 0 35.8885 2.34304 52.2947 35.416 37.1084 552 226 2.69087
401 0.980424 0.902402 713 74084 0 34.183 1.97363 44.6034 42.0253 38.9888 613 100 2.27394
402 0.983158 0.703313 673 59260 0 36.4604 2.07043 45.0859 44.622 32.2868 475 198 2.05534
403 0.986339 0.691571 544 48238 526 25.7749 10.4074 31.7201 30.2939 20.9941 366 178 0.155709
404 0.98895 0.735616 742 118566 0 34.6839 1.66542 48.3422 47.7023 35.6776 543 199 2.58531
405 0.739669 0.70751 664 77841 407 32.92 2.05275 40.114 30.1557 30.1222 484 180 0.954726
406 0.970297 0.873051 610 45167 590 28.8493 8.22045 38.4863 27.8716 24.8065 404 206 0.165666
407 1 0.64786 517 30115 0 19.955 19.0342 31.2462 31.1227 19.2471 333 184 1.21971
408 0.840659 0.95625 754 99224 633 33.6549 2.31473 49.1051 30.557 34.5108 546 208 0.639662
409 0.984783 0.791958 582 52392 0 31.2095 5.93095 37.1786 36.6116 29.6903 460 122 1.54566
410 0.972332 0.769953 663 64663 0 33.9871 2.66431 41.9351 40.4828 31.8785 506 157 2.00069
411 0.868613 0.955823 743 67727 630 33.1033 1.84795 42.4645 28.8927 31.5355 548 195 0.539925
412 0.897331 0.872255 664 51650 490 34.5396 1.11532 40.6491 30.235 29.0908 487 177 0.678589
413 0.923232 0.919517 678 57124 594 33.0251 2.89291 41.5853 30.476 30.6757 495 183 0.397584
414 0.979087 0.844262 634 52840 0 34.956 1.7702 41.1178 39.085 33.9835 526 108 1.82619
415 0.977612 0.899314 563 65332 533 38.3631 0.487429 39.6242 30.4401 28.1464 402 161 0.214458
416 0.916667 0.725047 590 41098 513 32.1341 2.25552 33.5849 30.409 23.1898 420 170 0.308143
417 0.950207 0.919679 666 54637 0 36.0556 1.33205 45.4484 33.9102 33.0332 482 184 1.99718
418 0.98731 0.894253 555 75415 507 31.9596 2.38569 33.0392 25.6941 23.3765 394 161 0.27296
419 0.889423 0.792857 819 95725 0 31.9023 4.60522 50.2299 43.3032 37.0458 624 195 3.00454
420 0.786885 0.954274 792 93228 654 35.0413 1.55791 50.4641 30.6179 37.1262 610 182 0.719979
421 0.871486 0.984127 686 62503 570 35.775 2.93234 50.9797 30.3026 33.958 498 188 0.528566
422 0.949206 0.872993 776 61924 0 33.4515 3.09725 48.2284 42.2614 38.9419 630 146 2.63018
423 0.892473 0.914097 571 41279 494 33.6376 2.42623 36.836 28.5651 29.4839 465 106 0.29924
424 0.903346 0.981818 663 51532 611 32.6127 4.50613 40.8245 30.2359 32.9062 538 125 0.279409
425 0.99183 0.794503 785 57295 0 34.0119 1.78243 45.8288 44.908 35.6776 612 173 2.70423
426 0.978102 0.895323 553 65424 0 36.7765 2.0744 40.7573 33.3892 30.6171 411 142 1.44283
427 0.956019 0.942922 606 60480 559 38.2726 0.314752 42.9454 30.4338 30.0434 432 174 0.254437
428 0.824324 0.716243 597 50830 0 33.7365 1.71121 38.009 32.1633 28.2366 444 153 1.6105
429 0.978947 0.810105 612 48426 0 35.6881 1.672 41.2864 38.9109 32.0909 475 137 1.67272
430 0.872984 0.842412 656 80844 0 37.0922 1.19781 43.0875 34.2538 33.2616 496 160 1.97977
431 0.952965 0.95102 702 59627 648 32.8056 3.77492 42.5552 30.0711 29.9036 489 213 0.321637
432 0.753747 0.670476 654 58222 424 32.0715 2.33035 38.165 30.341 27.7419 467 187 0.842028
433 0.892675 0.998095 694 53124 631 27.016 9.60786 40.3946 30.1466 34.4363 587 107 0.337926
434 0.992683 0.862288 507 38648 0 32.9558 5.60826 33.2715 30.9577 27.0882 410 97 1.16
435 0.950262 0.724551 521 54042 0 34.7419 2.00245 34.0063 32.8338 24.8557 382 139 1.23253
436 0.821429 0.70122 578 51069 519 33.0142 2.45093 35.6369 30.3812 25.7017 420 158 0.273611
437 0.882828 0.853516 697 75885 0 34.0406 2.79465 44.1885 32.6191 31.7679 495 202 2.20774
438 0.846004 0.904167 657 81167 488 34.5777 0.964545 41.3753 30.3934 32.7441 513 144 0.691615
439 0.952675 0.913215 570 55961 0 31.4893 5.52057 36.6653 32.5691 31.4881 486 84 1.50617
440 0.829412 0.839286 654 66947 568 34.1166 1.47667 40.0483 30.1972 30.8532 510 144 0.421613
441 0.810193 0.925703 729 58851 665 31.8157 3.62814 44.9445 29.6398 34.0068 569 160 0.351282
442 0.903101 0.906615 718 74461 0 34.7186 1.60497 42.9381 31.2676 31.4644 516 202 2.31718
443 0.895874 0.908367 742 78461 621 33.5946 2.26891 43.8207 29.5323 30.1157 509 233 0.608364
444 0.463654 0.495798 754 100963 534 35.0016 1.52771 46.9269 29.7715 29.7361 509 245 0.99973
445 0.942982 0.959821 655 45616 616 33.3789 2.14124 42.9163 27.7579 28.4687 456 199 0.254202
446 0.993976 0.92437 486 34152 456 28.5954 9.84411 31.5493 22.5654 20.5903 332 154 0.141263
447 0.980861 0.823293 558 43704 539 32.3459 2.8188 32.8571 29.5258 24.5673 418 140 0.140298
448 1 0.65358 434 20053 433 18.4507 19.1436 24.5213 24.5213 15.8 283 151 0.0453402
449 0.863118 0.893701 709 97777 595 33.6502 2.42608 41.483 29.4505 31.022 526 183 0.576956
450 0.979747 0.953202 505 27009 489 25.7493 12.754 32.5738 26.5581 25.4827 395 110 0.0971142
451 0.825503 0.91791 838 75584 659 32.0875 3.77474 45.4875 30.0559 33.7505 596 242 0.902974
452 0.82735 0.989775 805 89474 640 37.2956 0.700452 55.0734 30.6642 36.9678 585 220 0.852885
453 0.593928 0.646694 718 80820 386 32.2925 4.38138 45.9922 30.4498 33.4735 527 191 1.29697
454 0.987928 0.816972 632 62250 0 31.9419 6.16406 42.9587 41.1716 33.668 497 135 1.80554
455 0.989565 0.788089 732 81977 0 34.4695 2.0846 49.3713 48.6852 38.9647 575 157 2.42217
456 0.93858 0.897248 775 68852 0 33.8468 2.42377 46.0865 33.9871 32.2971 521 254 2.65154
457 0.840909 0.714976 723 88325 0 33.4745 1.61761 43.0637 37.5421 31.6337 528 195 2.38316
458 0.921098 0.962366 754 78956 0 34.1996 2.52273 47.5251 35.267 37.0516 583 171 2.53627
459 0.93318 0.926773 593 58792 530 35.6142 1.66573 38.7839 28.9014 28.5852 434 159 0.246932
460 0.972803 0.952869 662 55560 622 33.9499 4.25338 44.5809 30.4829 29.8481 478 184 0.24557
461 0.817029 0.955508 676 81057 566 32.5616 2.36608 43.7385 30.508 35.7707 552 124 0.532968
462 0.817326 0.953846 645 60929 559 31.9891 3.00408 38.9453 27.251 32.5567 531 114 0.401481
463 0.993548 0.811951 606 83882 0 33.8125 3.09625 42.4516 39.7545 32.3803 465 141 1.71659
464 0.911205 0.9329 655 68694 573 34.0251 3.4218 41.4138 30.4317 30.5998 473 182 0.418017
465 0.87234 0.957944 647 68481 601 34.9285 1.68092 43.1996 28.5608 31.7228 470 177 0.288326
466 0.877133 0.979048 806 82174 0 34.7667 2.17032 50.5174 31.4777 35.1097 586 220 2.90954
467 1 0.385802 325 10312 324 9.64767 29.7956 17.5611 17.5611 6.45392 125 200 0.0247718
468 0.951157 0.629252 615 85037 0 35.3251 1.27135 41.5194 39.7608 26.0078 389 226 1.7521
469 0.967136 0.880342 670 96144 576 35.3762 1.49434 43.9191 30.3185 27.2788 426 244 0.482452
470 0.945709 0.784884 750 81862 0 31.343 4.88742 44.9654 41.2896 33.3524 571 179 2.53404
471 0.938492 0.726575 685 62326 0 31.2139 4.96067 42.5181 40.7676 28.9972 504 181 2.11069
472 1 0.781038 444 30509 443 21.2495 16.7366 26.9254 26.9254 20.7474 346 98 0.0644957
473 0.952164 0.943567 542 50330 0 36.8291 1.56823 38.1241 31.4453 31.2773 439 103 1.3517
474 0.933333 0.708551 605 54214 0 35.348 2.13713 40.8022 39.0149 29.2993 435 170 1.6514
475 0.983696 0.817771 676 68716 0 37.0958 1.09054 46.095 45.4706 36.1029 552 124 2.07376
476 0.910638 0.904863 655 95243 0 35.4811 1.55124 45.7326 33.4705 33.3165 470 185 1.98063
477 0.967871 0.76874 648 69648 0 35.4982 1.89715 41.3687 40.1071 32.0446 498 150 1.95374
478 0.935685 0.730956 699 94755 0 36.2165 1.24291 48.738 43.4788 34.0829 482 217 2.25744
479 0.880357 0.8203 719 63220 0 30.6023 6.13262 44.58 36.783 34.0288 560 159 2.33704
480 0.995204 0.988095 528 36884 518 29.3379 8.8868 33.8854 27.0904 26.7999 417 111 0.103573
481 0.895695 0.784058 775 92949 0 34.6591 1.46577 49.0165 43.3996 36.5978 604 171 2.72736
482 0.91762 0.909297 635 53438 578 34.593 2.15796 40.2061 28.6368 28.4877 437 198 0.29594
483 0.973361 0.722983 671 77801 0 32.2079 4.65655 43.5092 42.6128 31.2296 488 183 2.05545
484 0.793548 0.722114 627 66538 0 33.0568 2.53504 39.4873 32.5672 29.7312 465 162 1.78403
485 0.943841 0.815336 688 71883 0 31.9309 5.58253 46.9613 43.7208 38.5125 552 136 2.16215
486 0.957447 0.907258 604 55620 533 33.8388 2.39686 36.5402 30.4689 28.7626 470 134 0.32421
487 0.882353 0.738916 676 45216 0 33.3211 1.89242 40.8079 36.9566 30.2364 510 166 2.01936
488 0.811966 0.969388 723 94024 604 34.6011 1.63565 43.6065 30.4136 35.9632 585 138 0.598635
489 0.722105 0.667315 661 67481 393 32.3571 2.89835 39.7519 30.4089 28.6087 475 186 0.98003
490 0.760417 0.675926 692 56302 0 29.5903 5.92349 40.7961 31.56 27.7964 480 212 2.12814
491 0.942801 0.959839 656 70830 0 35.8743 1.81623 45.8647 35.0332 35.9023 507 149 1.95875
492 0.826958 0.978448 758 60381 689 36.6251 1.2429 51.6833 29.141 34.969 549 209 0.411179
493 0.930526 0.67378 697 81130 0 35.1645 1.31184 44.9714 42.192 29.8764 475 222 2.21532
494 1 0.609877 406 20174 405 18.0113 20.5921 23.811 23.811 14.6835 247 159 0.047515
495 0.981982 0.875502 587 44295 529 32.2642 2.99585 35.865 30.3177 26.946 444 143 0.261676
496 0.938215 0.72695 601 75803 0 34.7301 2.70921 41.776 39.5444 29.3989 437 164 1.65354
497 0.601351 0.612385 637 69392 425 36.0636 1.2588 43.4632 29.5622 30.796 444 193 0.797329
498 0.742857 0.570175 554 53690 383 35.6509 2.15757 36.4825 30.2664 23.0611 350 204 0.566185
499 0.948375 0.832215 630 56640 0 33.3934 2.02224 38.5458 36.6365 32.2811 523 107 1.79044
500 0.913371 0.764984 690 67868 0 35.984 1.34177 43.3654 40.2406 32.3735 531 159 2.14056
501 0.817726 0.981928 761 83871 616 34.3171 1.92143 46.1802 30.2684 36.6769 598 163 0.714474
502 0.969466 0.729885 717 103273 0 33.7467 1.9829 42.0544 40.8677 31.3057 524 193 2.36882
503 0.988095 0.720486 582 73882 0 36.4729 0.621233 38.9935 38.7006 28.5408 420 162 1.56893
504 0.988971 0.708827 773 72568 0 34.659 2.35688 48.5664 47.6786 34.4594 544 229 2.6426
505 0.905357 0.986381 708 68247 615 32.662 2.38557 41.6336 29.8364 32.5772 560 148 0.476354
506 0.87799 0.780851 705 58661 641 32.5824 3.3036 44.0157 29.3954 26.2072 418 287 0.341421
507 0.927313 0.868041 673 73935 613 33.8209 2.44848 39.9654 29.0758 27.1603 454 219 0.342984
508 0.997868 0.716692 658 59779 0 35.3325 2.38757 43.8768 43.675 30.2379 469 189 1.95476
509 0.932432 0.721973 713 93900 0 34.7994 1.63281 45.344 42.5131 32.7233 518 195 2.2956
510 0.982262 0.809872 567 47474 0 35.868 1.0959 40.5201 39.1799 32.1544 451 116 1.47749
511 0.907598 0.986607 556 67556 0 33.4087 5.92585 39.1444 31.3294 34.5499 487 69 1.28499
512 0.636782 0.612832 639 49373 366 31.6636 6.55963 42.7852 29.7371 28.8528 435 204 0.924199
513 0.97543 0.947494 556 68837 533 37.1677 0.777812 39.7075 29.981 28.9136 407 149 0.211629
514 0.822581 0.894737 699 72080 613 34.6783 1.74301 44.8598 29.3536 32.0355 496 203 0.416239
515 0.842105 0.937238 668 71609 414 35.2326 1.5887 43.1975 30.56 34.2496 532 136 0.969495
516 0.863248 0.767477 754 87606 0 33.1748 2.11097 44.8979 39.4109 33.6256 585 169 2.53249
517 0.919922 0.938247 727 113961 0 39.0851 0.295244 53.1197 35.3073 36.3571 512 215 2.43929
518 0.969466 0.801262 706 99436 0 34.2398 2.42694 46.1492 41.9149 33.4674 524 182 2.28087
519 0.877119 0.99759 651 84777 602 39.0653 0.222684 48.2025 28.6623 32.3342 472 179 0.326595
520 0.926078 0.747927 640 48156 0 30.8416 4.84162 37.6585 35.898 28.3324 487 153 1.84911
521 0.870897 0.927739 600 94394 524 36.549 0.603236 41.6553 29.0201 30.9955 457 143 0.404167
522 0.902954 0.806026 713 71552 0 36.3904 0.902393 48.3043 36.1053 31.2034 474 239 2.27694
523 0.850694 0.942308 743 73768 0 31.5726 5.935 46.5663 33.9594 36.9402 576 167 2.45786
524 0.815884 0.856061 769 74768 0 34.4407 2.64704 48.0247 32.0433 33.937 554 215 2.65578
525 0.933071 0.96146 694 60998 0 35.62 1.48677 47.4419 33.5836 34.7527 508 186 2.1523
526 0.931727 0.888889 688 69551 595 32.244 3.10387 40.7262 30.3216 28.7047 498 190 0.484426
527 0.815054 0.838496 633 75297 445 35.1202 0.983292 41.6953 29.7167 30.0347 465 168 0.708431
528 0.970472 0.731454 717 94878 0 34.2894 1.51759 47.2506 43.7525 33.1904 508 209 2.35245
529 0.917031 0.961098 633 60492 580 37.5141 0.949431 44.4265 29.8517 31.3302 458 175 0.286639
530 0.863636 0.970213 756 80006 640 33.0304 2.92992 47.4546 29.0822 32.1423 528 228 0.606597
531 0.485232 0.526316 691 85859 466 35.5954 1.38436 43.3325 26.2637 29.6553 474 217 0.915496
532 0.96 0.755245 599 52057 0 35.0421 1.72373 36.6574 34.9668 27.9353 450 149 1.61958
533 0.635438 0.682713 647 70750 439 36.7243 1.77894 43.8497 30.5468 34.3446 491 156 0.804305
534 0.954064 0.830769 677 70843 0 35.1117 1.72467 42.9747 41.5798 35.5859 566 111 2.06767
535 0.79223 0.803082 768 88425 0 35.0999 1.18227 50.9962 38.169 39.2484 592 176 2.67153
536 1 0.652574 552 45544 0 23.9218 13.2422 33.1914 32.6762 21.4745 355 197 1.39765
537 0.90495 0.914 686 102291 559 34.1551 1.5811 41.586 30.1821 30.7653 505 181 0.616376
538 0.969697 0.949772 551 58597 0 36.3988 1.55557 39.6569 31.5992 31.1463 429 122 1.40761
539 0.957447 0.925234 681 83982 0 35.3701 1.15643 44.9506 36.0315 34.9214 517 164 2.09219
540 0.888412 0.787072 611 71667 543 32.0783 2.47607 35.3394 30.4616 26.9413 466 145 0.328822
541 0.918919 0.948207 706 78817 0 35.0583 2.06637 45.1784 31.7879 33.1248 518 188 2.24796
542 0.796477 0.847917 667 100958 578 32.5222 3.27041 40.0765 29.0774 31.0223 511 156 0.48454
543 0.706402 0.704846 597 55311 350 34.8666 1.51616 40.2496 30.4377 31.3063 453 144 0.81837
544 0.570588 0.631236 687 55231 492 34.8769 2.67753 47.0996 30.4 34.6276 510 177 0.780653
545 0.772727 0.877934 640 78999 550 35.0933 1.20744 40.1314 26.4925 30.0185 484 156 0.437929
546 0.555556 0.658436 756 56518 553 34.6501 2.62804 48.8881 30.3392 36.7611 576 180 0.860059
547 0.848249 0.770318 648 44958 0 31.4654 4.46244 39.6313 34.6346 31.6748 514 134 1.8721
548 0.867958 0.719708 761 118631 0 36.5818 0.818505 54.2391 49.5032 38.2003 568 193 2.67914
549 0.98835 0.8144 643 79585 0 34.8714 1.30806 40.6638 39.4973 32.706 515 128 1.86363
550 0.985981 0.961276 587 53227 556 32.6193 5.63948 39.0913 27.8338 27.009 428 159 0.198514
551 0.913978 0.915948 667 61244 601 35.5374 1.2546 43.6727 29.9093 30.077 465 202 0.347151
552 0.865234 0.967249 690 71977 613 36.4947 0.825682 45.7445 29.527 33.4769 512 178 0.419316
553 0.940952 0.76 687 92810 0 34.7908 1.91078 47.1387 45.1211 34.5335 525 162 2.18307
554 0.948515 0.965726 694 112756 0 37.1403 0.455842 48.1391 34.0969 34.9606 505 189 2.23975
555 0.924242 0.974886 582 67433 385 34.7281 3.27296 40.6781 30.4338 32.1489 462 120 0.70686
556 0.958549 0.932773 731 99532 0 35.2822 1.92395 51.0419 41.9324 40.5863 579 152 2.44385
557 0.923414 0.954751 623 65635 580 35.0222 1.50191 42.3923 29.9972 30.7623 457 166 0.266357
558 0.920086 0.914163 613 85922 538 35.1223 1.51841 39.2526 29.7568 29.5027 463 150 0.393294
559 0.99789 0.792295 607 55312 0 34.7775 2.2213 39.943 39.4234 31.4156 474 133 1.67028
560 1 0.704797 543 33143 542 26.6291 8.9336 30.3999 30.3999 20.7802 382 161 0.073987
561 0.979008 0.884483 678 65097 0 33.4569 2.16427 40.348 35.0985 31.5758 524 154 2.09927
562 0.995798 0.768233 624 48493 0 36.6259 0.748656 41.6315 41.3217 30.5451 476 148 1.75946
563 0.928839 1 739 100691 664 35.0652 1.68063 44.3833 30.4478 32.7856 534 205 0.48509
564 0.946429 0.978892 548 49594 520 36.8264 0.942564 36.369 25.0959 26.0758 392 156 0.171845
565 0.920259 0.91828 605 51684 575 33.432 3.82237 40.2481 29.9712 30.0223 464 141 0.196532
566 0.944334 0.967413 639 85574 0 32.6848 3.15615 40.1548 30.63 31.6283 503 136 1.90914
567 0.862745 0.866521 656 87745 543 35.7378 1.58324 44.33 30.5646 30.3391 459 197 0.517279
568 0.95843 0.943182 587 63143 518 31.9238 4.3997 36.86 27.8172 27.4534 433 154 0.322641
569 0.909091 0.960784 724 65628 660 33.2323 2.3068 42.4978 29.8324 31.4063 539 185 0.389682
570 0.971678 0.881423 598 53233 547 26.9273 9.70378 35.3001 29.9672 26.7272 459 139 0.258515
571 0.915563 0.932546 803 78808 0 35.9704 1.31444 51.8747 38.156 38.7649 604 199 2.86853
572 0.957031 0.892532 699 61523 0 34.2045 2.43134 44.2695 35.1337 32.9524 512 187 2.18063
573 0.932939 0.995789 671 88264 620 34.9729 1.63494 44.4202 29.6206 31.7417 507 164 0.333616
574 0.96139 0.922222 702 55885 0 34.3659 3.43701 44.2743 33.7121 32.2404 518 184 2.22173
575 0.935551 0.905433 628 54319 573 26.9328 10.0315 37.8645 30.3607 29.6593 481 147 0.281506
576 0.792642 0.717095 810 76367 0 35.1973 1.3985 47.7566 39.6745 34.775 598 212 2.9232
577 0.892057 0.775221 625 73351 0 33.5864 1.35548 38.2403 34.6316 29.289 491 134 1.79255
578 0.942356 0.944724 559 67050 502 35.8829 0.998477 37.8596 24.7874 25.0149 399 160 0.287958
579 1 0.986395 640 54316 621 27.8053 11.1951 41.3789 27.2339 26.8741 435 205 0.196107
580 0.508806 0.549683 753 100582 519 36.5046 1.25758 50.2386 30.1337 34.279 511 242 1.03708
581 0.842912 0.849421 668 54576 548 31.4627 3.77302 37.2248 29.5252 29.5192 522 146 0.531827
582 0.823899 0.79878 694 65156 0 31.0173 5.88812 44.4692 31.4029 29.4305 477 217 2.14909
583 0.901919 0.763538 651 53660 0 35.3641 1.94627 41.0657 34.8609 29.4282 469 182 1.87855
584 0.921305 0.684736 744 74784 0 34.3606 2.21977 46.4919 44.0392 32.826 521 223 2.44402
585 0.911051 0.759551 605 62070 471 31.3832 3.12006 35.6705 25.3215 21.1048 371 234 0.516986
586 0.925197 0.789916 644 54124 0 32.3791 3.05715 38.3052 35.1046 30.7997 508 136 1.81223
587 1 0.370166 363 15351 362 10.5027 29.105 19.3275 19.3275 6.87322 134 229 0.0454234
588 0.919643 0.969868 753 60642 680 31.9613 4.22744 43.795 30.3906 31.9833 560 193 0.399717
589 0.911712 0.965649 699 51039 602 32.415 3.56983 40.5769 30.1774 32.6815 555 144 0.443611
590 0.625 0.703297 656 91763 416 35.0662 3.35206 42.8506 29.0254 33.3574 512 144 0.933222
591 0.861856 0.826087 686 49512 598 32.9753 2.32857 40.1484 29.2587 27.9098 485 201 0.39827
592 0.978903 0.946939 664 44841 606 29.4882 8.12425 40.2061 28.8933 28.0034 474 190 0.304299
593 0.95122 0.856419 708 52142 0 33.4864 3.6776 45.5263 38.2356 34.6384 533 175 2.1971
594 1 0.599099 445 36191 444 23.3005 13.6593 26.3247 26.3247 15.035 266 179 0.0774774
595 0.985801 0.910112 723 52645 0 36.5355 1.56436 51.0187 36.9547 33.748 493 230 2.34595
596 0.91502 0.939148 652 76182 567 32.6032 3.24102 39.5136 30.3896 31.2421 506 146 0.441974
597 0.84127 0.868852 742 85327 0 35.5898 1.68889 48.3891 36.5691 37.4808 567 175 2.45204
598 0.971867 0.750988 555 33518 536 26.0168 10.0934 32.5838 29.6593 22.4377 391 164 0.124705
599 0.950324 0.817844 741 74808 0 33.449 4.15808 47.5276 35.2254 30.0747 463 278 2.45992
600 0.759804 0.803109 784 97428 0 34.6037 1.75167 45.1347 34.3908 36.0119 612 172 2.7581
601 0.976445 0.666667 708 50251 0 32.6836 4.46154 43.9814 42.3925 29.5911 467 241 2.2078
602 0.953846 0.937365 617 91253 545 35.5735 2.1029 40.113 30.2773 29.6599 455 162 0.380141
603 0.920388 0.957576 727 56081 0 33.2231 3.83073 46.0774 31.1864 32.6108 515 212 2.36883
604 0.778523 0.948875 714 76053 608 35.1593 1.37655 43.1108 29.8133 36.4024 596 118 0.508575
605 0.979775 0.704362 629 85139 0 36.3577 1.31013 43.2541 42.5537 29.0441 445 184 1.84744
606 0.908549 0.944215 647 55851 591 31.9893 2.47097 35.88 26.5812 27.6797 503 144 0.288337
607 0.922566 0.88535 610 65680 539 33.231 2.5932 38.1246 30.0631 29.057 452 158 0.341012
608 0.549348 0.602041 764 64378 529 36.4428 1.10079 47.944 30.0003 33.4288 537 227 1.00442
609 0.964206 0.721943 638 59719 0 33.5789 2.27823 40.3861 37.807 28.1578 447 191 1.85703
610 0.88009 0.884091 597 44546 474 33.3485 2.37065 37.6915 27.0754 26.7194 442 155 0.449457
611 0.939866 0.888421 579 58752 526 33.1157 2.78581 35.2938 29.1637 27.2259 449 130 0.268963
612 0.853755 0.710526 693 70482 0 33.0391 2.34424 40.7086 35.3244 29.6839 506 187 2.17658
613 0.871739 0.856838 621 51880 537 34.0619 1.75228 40.841 30.5173 30.3237 460 161 0.356827
614 0.995402 0.762324 573 39707 0 26.7232 11.0301 34.9284 34.7327 25.9925 435 138 1.48685
615 0.886869 0.685937 704 64775 0 35.09 1.50521 45.1172 41.4827 31.9783 495 209 2.21887
616 0.965517 0.760181 696 98113 0 36.7845 0.660483 49.6798 47.0607 37.222 522 174 2.25026
617 0.944568 0.894958 629 65506 531 35.382 1.48357 40.3733 30.4307 28.8196 451 178 0.43108
618 0.911708 0.944334 684 57010 617 31.7619 3.83547 40.2583 28.6666 30.1026 521 163 0.356474
619 0.878914 0.680129 685 66928 0 35.0142 1.82737 45.0834 40.8011 27.6195 479 206 2.11369
620 0.561062 0.652263 742 106279 419 35.4801 1.90087 50.1098 30.4877 37.7926 565 177 1.34554
621 0.859964 0.939216 710 73367 601 32.9001 2.12631 42.7024 30.1172 33.1982 557 153 0.544228
622 0.916811 0.9566 747 65539 0 31.989 5.57067 48.2213 33.9683 35.6396 577 170 2.48167
623 0.571429 0.565657 712 95769 373 33.4761 2.23259 43.3772 30.4693 30.6033 490 222 1.31147
624 0.970944 0.975669 589 57925 567 37.2396 0.96672 40.5466 27.2535 27.3841 413 176 0.179567
625 0.889908 0.975855 729 71895 599 32.0863 4.57905 45.316 30.3129 33.3609 545 184 0.626209
626 0.966292 0.947137 632 39639 601 28.345 8.92056 38.3152 26.2438 25.9013 445 187 0.18487
627 0.616197 0.702811 720 83653 419 33.2766 2.09687 44.1375 29.8987 35.5454 568 152 1.21112
628 0.83542 0.945344 735 86657 0 35.5669 1.67648 49.8771 32.9381 37.1361 559 176 2.44606
629 0.522436 0.650699 816 83831 385 34.8819 1.1981 48.1271 30.1895 37.6667 624 192 1.79383
630 0.77234 0.623711 693 55960 0 30.3508 5.35682 41.9477 35.2219 26.727 470 223 2.14314
631 0.978992 0.949084 610 69185 0 34.233 1.98726 39.48 32.1327 31.1607 476 134 1.70459
632 0.818681 0.615702 552 47476 477 28.9666 8.82802 33.7973 29.5871 22.5279 364 188 0.248849
633 0.895871 0.927509 690 80716 0 34.5128 1.53057 42.4106 33.3825 34.4403 557 133 2.18381
634 0.992537 0.707447 757 75860 0 32.1863 4.7929 47.6068 47.1745 33.2598 536 221 2.55603
635 0.972477 0.91974 595 48516 530 33.0112 3.76355 37.8338 29.8321 28.0451 436 159 0.294677
636 0.922027 0.852252 738 91871 0 36.3792 1.37115 51.4941 38.4969 35.9853 513 225 2.4809
637 0.914928 0.953177 762 55217 0 30.1449 6.7317 43.4138 35.1592 36.4899 623 139 2.51692
638 1 0.684211 457 23268 456 19.0321 18.1278 27.1399 27.1399 18.2894 312 145 0.0517077
639 0.991209 0.7216 646 83096 0 37.1482 0.503495 45.4347 44.0413 31.4343 455 191 1.92241
640 0.758684 0.967366 715 101747 642 37.554 0.653184 48.5863 26.6838 34.2943 547 168 0.464962
641 0.895556 0.96875 649 54724 630 36.5939 1.47768 41.5442 26.835 29.0895 450 199 0.188279
642 0.967366 0.902174 627 89164 0 37.6821 1.10984 47.707 34.8328 32.2787 429 198 1.83328
643 0.643705 0.568134 636 66521 361 33.9757 1.98129 40.5216 30.3699 25.5385 421 215 0.937084
644 0.985612 0.973934 523 49312 434 35.6583 3.21102 37.611 30.4677 29.8765 417 106 0.328816
645 0.777336 0.799591 722 69673 590 32.1103 3.09331 41.6558 28.1958 29.2295 503 219 0.62154
646 0.889503 0.958333 714 95753 0 33.242 3.55677 44.8843 31.773 34.1411 543 171 2.29004
647 0.765432 0.635897 725 80060 0 34.8082 1.92651 45.2579 36.5984 31.2534 486 239 2.36073
648 0.928854 0.941884 618 49761 0 34.3841 2.09321 42.2627 33.6146 34.1918 506 112 1.72182
649 0.786561 0.742537 650 50876 435 31.3069 3.43373 36.8705 30.422 29.2825 506 144 0.76451
650 0.954365 0.732116 681 51559 0 33.8659 2.64251 42.5804 40.605 32.1518 504 177 2.06317
651 0.915179 0.870488 687 86534 0 36.4995 0.962625 48.5344 31.4439 29.5041 448 239 2.16879
652 0.932624 0.773529 737 93346 0 35.5458 1.42618 45.4801 42.1352 34.8609 564 173 2.47684
653 0.966469 0.785256 646 88611 0 36.3003 1.11131 43.6478 42.4389 34.8621 507 139 1.91358
654 0.984405 0.648267 788 113799 0 33.1686 4.03545 52.2783 51.5808 33.6481 513 275 2.84627
655 0.92418 0.971983 636 75894 579 35.9892 1.43295 43.2198 30.4034 32.4235 488 148 0.312315
656 0.931641 0.78843 642 76862 0 35.2341 1.79308 42.7657 40.4585 34.619 512 130 1.89957
657 0.460043 0.466083 726 58889 537 33.8482 3.36362 46.2941 29.3072 28.3419 463 263 0.801624
658 0.997653 0.709516 611 70539 0 34.8066 1.82646 40.0434 39.2643 27.6951 426 185 1.70502
659 0.857732 0.978824 689 77709 635 36.5184 0.612995 46.5113 28.4118 32.5364 485 204 0.354825
660 0.879418 0.875776 639 60640 0 33.2851 3.55031 41.9033 31.8345 31.9769 481 158 1.82183
661 0.970093 0.8304 654 81405 0 33.9056 2.84549 41.8157 40.1775 34.5109 535 119 1.93779
662 0.928261 0.926247 619 61667 0 35.3031 1.80899 40.0833 30.6751 30.5987 460 159 1.73204
663 0.944444 0.704142 529 33993 514 22.9253 15.0956 31.8728 30.4158 22.6925 378 151 0.111203
664 0.944672 0.950515 625 79721 0 35.9872 1.94584 43.096 34.209 34.1998 488 137 1.81983
665 0.954023 0.779343 505 37157 496 35.2687 1.86747 34.3396 28.6306 22.7037 348 157 0.0979235
666 0.929435 0.966457 697 63008 620 34.3862 1.46055 46.3515 30.5063 31.4017 496 201 0.40581
667 0.950249 0.876147 582 82819 534 36.1404 1.19033 40.5223 30.3552 28.087 402 180 0.277128
668 0.895582 0.925311 688 76900 0 35.1344 1.53332 46.4929 31.4344 32.5792 498 190 2.14594
669 0.815574 0.792829 656 56855 514 33.113 1.86552 38.9165 29.8626 28.977 488 168 0.559438
670 0.93913 0.785455 590 64517 0 33.3197 1.81424 37.1852 34.5192 28.4776 460 130 1.59574
671 0.900463 0.894253 594 47845 547 30.0801 5.69165 34.6954 24.9415 25.3618 432 162 0.253453
672 0.982178 0.978304 703 81399 0 35.3621 1.22985 46.6431 33.1127 32.7924 505 198 2.23295
673 0.908511 0.850598 628 57357 549 33.4501 3.0118 37.5099 30.0493 27.8167 470 158 0.374539
674 0.932609 0.83301 575 40645 0 28.3314 7.86419 34.018 30.4831 27.2106 460 115 1.4921
675 0.940937 0.942857 657 58810 621 34.449 1.6558 41.6189 29.7002 29.3344 491 166 0.234466
676 0.97281 0.912181 549 33956 510 24.2359 12.842 33.5046 21.2785 19.6654 331 218 0.177777
677 0.708889 0.736721 642 69333 472 34.9824 1.58155 38.4604 26.1134 27.3586 450 192 0.677552
678 0.926778 0.733444 644 78394 0 35.3499 1.21747 43.2151 40.6905 28.7725 478 166 1.88911
679 0.849558 0.793388 769 113686 0 35.7577 1.3972 48.7352 38.9856 36.1056 565 204 2.71742
680 0.93379 0.910913 644 78987 583 37.8349 0.512811 43.6348 29.7613 29.1518 438 206 0.340502
681 0.986742 0.791793 666 49045 0 31.2281 5.01233 38.4423 37.8772 31.3366 528 138 1.96245
682 0.944898 0.976793 714 56612 692 27.8847 10.7703 45.3675 27.3458 28.4544 490 224 0.219781
683 0.870564 0.934978 682 116519 588 38.5515 0.730498 49.4325 30.6304 32.9996 479 203 0.53947
684 0.550265 0.753623 673 74439 473 31.3352 6.07872 44.8429 26.6881 37.2475 567 106 0.806936
685 0.801869 0.717391 725 64885 0 32.9416 3.19355 44.2688 36.1053 31.9248 535 190 2.33355
686 0.95825 0.711965 701 53136 0 30.6363 6.54743 44.4054 43.1416 31.5355 503 198 2.18002
687 0.498344 0.645923 771 66685 569 37.0152 1.15151 51.9429 30.641 38.8237 604 167 0.911118
688 0.730973 0.691792 759 99089 0 34.8207 1.81898 48.0449 38.0871 35.5284 565 194 2.61354
689 0.574324 0.582192 628 74700 402 35.9249 1.95913 43.2485 29.8642 28.648 444 184 0.835355
690 0.968487 0.925703 601 72334 0 28.6081 8.69532 38.2173 32.2772 30.6377 476 125 1.65667
691 1 0.379562 275 8199 274 9.74153 29.6677 14.7738 14.7738 5.36319 104 171 0.0200915
692 0.945238 0.92757 592 87183 549 39.5843 0.175622 43.4834 29.8232 29.226 420 172 0.297138
693 0.944954 0.804688 674 55251 0 33.1961 3.90945 41.3721 39.2639 33.7307 545 129 2.01193
694 0.887299 0.980237 710 54616 630 33.8961 1.74214 43.3232 30.5336 33.6305 559 151 0.41156
695 0.961832 0.936803 710 75912 0 35.624 2.06025 48.2319 36.916 36.423 524 186 2.26361
696 0.898148 0.887872 667 71830 553 36.2849 0.954242 43.0566 27.9641 27.6547 432 235 0.533073
697 0.771231 0.870841 762 77754 483 33.6725 2.6636 43.9656 29.3114 34.1219 577 185 1.18329
698 0.946939 0.7424 682 62056 0 33.9558 1.2763 42.8651 39.3036 31.0846 490 192 2.10479
699 0.915354 0.95679 676 68088 0 37.4758 0.770184 44.9609 32.637 34.3739 508 168 2.05982
700 0.783366 0.761278 649 52790 0 33.5026 1.99573 40.5533 33.1494 31.7068 517 132 1.90063
701 0.912682 0.908903 640 56503 578 33.0603 2.26525 39.7787 29.532 29.0887 481 159 0.311045
702 0.934426 0.930612 640 59508 587 33.4105 2.87507 40.0471 30.4618 30.129 488 152 0.288558
703 0.876884 0.666031 602 64814 0 32.8696 2.38625 38.0523 32.1848 23.4051 398 204 1.67463
704 0.977477 0.975281 594 51896 0 36.3418 1.74801 40.7145 31.1042 30.9662 444 150 1.59641
705 1 1 323 16015 322 13.0153 26.4761 18.8601 18.8601 18.8601 322 1 0.0351388
706 0.884937 0.668246 709 82994 0 33.6802 2.47143 45.9909 40.8629 30.4284 478 231 2.28019
707 0.812183 0.979592 735 65432 650 31.1569 4.20676 46.0399 30.0003 36.8301 591 144 0.442787
708 0.884927 0.978495 769 65219 0 33.9243 2.2802 46.8653 32.4369 36.2111 617 152 2.60548
709 0.833645 0.913934 703 109585 0 34.05 2.12316 44.0004 30.6342 33.4742 535 168 2.31455
710 0.923364 0.95 702 59422 0 34.0845 2.79292 46.2406 32.3849 33.2443 535 167 2.19801
711 0.907776 0.965385 698 70852 0 32.9792 3.24036 44.8881 34.1453 36.196 553 145 2.21604
712 0.788871 0.956349 790 110116 511 35.2245 0.992329 48.8823 30.5507 36.7171 611 179 1.25803
713 0.831373 0.963636 704 78647 541 35.0318 1.72916 47.0639 29.7399 34.177 510 194 0.712025
714 0.979123 0.852727 657 72043 0 35.3591 1.4815 42.1441 35.5313 31.1166 479 178 1.97494
715 0.851852 0.766667 603 50868 578 32.9364 3.09666 36.0213 30.2576 27.7964 459 144 0.161664
716 0.920755 0.99389 534 61544 0 27.4 10.2448 33.5041 30.6447 33.1779 530 4 1.34374
717 0.926441 0.850365 710 78810 0 33.8077 2.46299 44.5181 34.1231 31.4653 503 207 2.26621
718 0.952096 0.721634 697 83692 0 32.5357 3.52455 41.9852 39.9994 29.3694 501 196 2.223
719 0.945701 0.891258 617 48149 0 37.3606 1.8219 41.4144 31.9512 30.2181 442 175 1.71566
720 0.875862 0.863946 582 67865 515 34.029 2.14125 39.8632 30.2586 29.6266 435 147 0.333037
721 0.906796 0.668097 748 102079 0 35.1725 1.16715 51.1217 46.5845 32.6599 515 233 2.54798
722 0.841699 0.962472 648 61416 573 34.6757 1.72109 43.8656 30.5544 35.6689 518 130 0.358839
723 0.894958 0.95302 701 50917 663 30.1507 6.23624 40.562 25.0669 26.9594 476 225 0.236525
724 0.848039 0.981096 759 72469 0 34.9817 1.35094 47.3262 32.773 38.0014 612 147 2.56862
725 0.959223 0.877442 706 114330 0 34.6738 2.9215 46.4789 35.7922 32.8744 515 191 2.32803
726 0.980687 0.960084 603 44626 573 28.2708 7.81404 34.5622 27.3356 26.8918 466 137 0.185072
727 0.915751 0.948767 700 60827 595 33.1768 2.13984 40.6042 30.3102 31.8067 546 154 0.496106
728 0.931507 0.864407 662 77924 548 33.8696 1.61133 39.2194 27.3486 25.0728 438 224 0.490636
729 0.907127 0.958904 623 71026 568 35.7005 1.75791 42.7784 30.1037 31.7634 463 160 0.331512
730 0.845878 0.731783 738 99518 0 35.9626 1.05615 50.6739 44.5439 33.9961 558 180 2.49925
731 0.880658 0.877049 697 101701 525 34.0978 1.92653 42.641 30.1741 30.141 486 211 0.772991
732 0.983437 0.997899 590 57802 567 33.8769 2.75632 37.2502 30.2562 30.6944 483 107 0.166193
733 0.955645 0.885981 701 102131 0 34.3418 2.11772 45.4235 34.952 31.9113 496 205 2.28594
734 0.458647 0.535088 759 72918 508 34.2491 2.46166 51.1125 28.7134 35.6245 532 227 1.07883
735 0.496169 0.602326 703 61619 506 34.3846 1.62015 45.0065 26.0759 33.9877 522 181 0.801871
736 1 0.38255 299 11446 298 11.4168 28.1096 16.7018 16.7018 5.92773 114 185 0.0259531
737 1 0.720222 729 95593 0 36.6182 0.987571 51.0411 50.6715 36.215 520 209 2.42784
738 0.9875 0.980149 482 40866 472 36.2934 1.16119 32.0654 26.7279 26.68 400 82 0.105671
739 0.7 0.837607 735 71404 609 34.1262 1.87296 46.1156 29.9646 35.5398 560 175 0.596475
740 0.983129 0.842313 814 87823 0 37.5523 0.809879 53.1043 50.214 42.0227 652 162 2.98418
741 0.995423 0.673375 650 79433 0 35.5974 2.54481 44.4031 44.2472 28.2675 437 213 1.94408
742 0.963043 0.880716 660 90044 0 37.1331 0.544407 46.7429 35.9534 32.5198 460 200 1.99935
743 0.939709 0.930041 621 76165 0 35.7295 1.92576 42.9009 34.3603 33.9097 481 140 1.78147
744 0.906522 0.830677 643 73077 556 32.7011 2.81096 39.4106 29.8384 28.2817 460 183 0.421338
745 0.947489 0.941043 517 49239 462 34.9333 1.85779 34.0039 29.4318 29.1129 438 79 0.238618
746 1 0.707317 495 40759 0 33.7188 2.12486 31.063 30.9578 21.9393 348 147 1.10054
747 0.977737 0.708333 775 97261 0 33.9408 2.41253 47.1667 45.3248 32.8588 539 236 2.70876
748 0.881625 1 567 50786 533 22.7797 15.4072 34.4868 30.0659 34.4868 566 1 0.200062
749 0.905263 0.762411 637 61308 0 33.9227 1.62146 39.2847 35.2261 28.9569 475 162 1.83071
750 0.592213 0.614894 679 78366 422 36.0128 0.974745 44.1587 29.73 30.7983 488 191 1.01058
751 0.725941 0.659696 659 55228 280 33.6442 2.08173 37.2351 29.832 27.3948 478 181 1.25819
752 0.828473 0.780291 783 111212 0 35.3455 2.59333 52.3557 42.013 39.7517 583 200 2.80942
753 0.878403 0.945312 765 93052 0 33.6665 2.65893 49.5538 33.809 36.365 551 214 2.59603
754 0.552632 0.620455 675 63041 417 34.097 2.47186 45.5088 29.6545 32.1536 494 181 0.950296
755 0.745055 0.719745 614 74613 522 32.4829 3.3924 38.1134 29.1743 27.5907 455 159 0.42474
756 1 0.726902 752 114400 0 35.2605 1.51601 48.9318 47.6709 35.0274 535 217 2.58247
757 0.629555 0.590133 729 77999 433 33.3032 1.9629 41.7104 29.8323 28.4656 494 235 1.19476
758 0.892593 0.993814 677 52149 620 30.7968 6.1254 42.5386 30.2231 34.0756 540 137 0.299402
759 0.482051 0.609071 767 78214 353 34.8128 1.9696 53.0135 30.6579 36.7925 585 182 1.65445
760 1 0.627907 474 26622 473 20.0578 17.4331 27.1881 27.1881 16.8814 297 177 0.0587594
761 0.991554 0.782667 757 88506 0 35.5469 0.822679 46.9811 46.6884 36.3867 592 165 2.57542
762 0.960552 0.855888 762 63316 0 34.6226 1.83593 47.1957 35.6147 31.5294 507 255 2.58803
763 0.981053 0.859779 615 47928 0 36.2968 1.39537 41.0795 35.7681 31.3455 475 140 1.68484
764 0.974468 0.962185 605 83625 0 36.5431 0.766915 40.2563 32.0381 31.815 470 135 1.70281
765 0.869947 0.811475 690 77601 0 32.348 2.9256 41.7951 37.043 34.7087 569 121 2.1767
766 0.857645 0.924242 747 102558 0 34.8451 2.05272 47.6984 34.2681 36.5729 569 178 2.55784
767 1 0.787879 265 9989 264 11.1679 27.8405 14.5417 14.5417 11.3108 208 57 0.023099
768 0.887417 0.862661 604 54176 532 34.5303 1.88864 39.0754 30.0185 28.7864 453 151 0.329815
769 0.943503 0.8016 705 83738 0 34.3149 2.07427 45.8225 40.9775 34.3153 531 174 2.25846
770 0.860037 0.935872 724 70130 0 35.6434 1.49601 46.5177 32.3541 35.0229 543 181 2.35385
771 0.959596 0.703704 697 60964 0 34.9093 1.94944 44.2319 43.0901 30.7695 495 202 2.15585
772 0.970402 0.780612 604 78821 0 36.0377 1.13656 40.5163 39.6958 31.4846 473 131 1.72022
773 0.481481 0.570439 703 105660 460 35.9181 1.202 45.5384 27.0953 32.5293 513 190 0.97675
774 0.717268 0.747036 775 75932 629 33.7894 2.24889 47.3355 30.3919 30.8017 527 248 0.712186
775 0.805648 0.973896 722 90640 465 32.9476 3.21853 45.0055 30.0835 36.8209 602 120 1.06533
776 0.925373 0.911765 701 94430 0 37.5894 1.24229 48.8725 32.5995 32.519 469 232 2.27063
777 0.896 0.787346 662 87506 0 35.6837 1.41701 42.5013 36.3434 32.2904 500 162 1.98674
778 0.903226 0.92891 622 60189 557 31.9046 2.54968 35.1485 22.8529 23.861 434 188 0.303755
779 0.632381 0.666667 729 80143 327 32.7283 3.16765 44.1567 29.3117 31.3423 525 204 1.52132
780 0.994434 0.773449 708 61659 0 35.6794 1.70448 44.4611 43.514 33.7498 539 169 2.26065
781 1 0.405594 287 11684 286 10.6721 28.5294 16.1979 16.1979 6.09407 116 171 0.0261043
782 0.933775 0.693443 649 87213 0 33.4839 2.08572 42.28 39.5904 27.9121 453 196 1.94334
783 1 0.564948 504 34097 502 19.3884 19.1303 31.1114 29.9216 16.7697 274 230 0.075804
784 0.962529 0.964789 580 56512 561 37.8643 0.708793 40.2043 29.628 29.9413 427 153 0.179972
785 0.926357 0.997912 687 83664 634 36.1113 1.81377 46.4744 29.9567 32.2313 516 171 0.350449
786 1 0.727003 681 101262 0 35.593 0.775493 45.1503 44.8231 32.5371 490 191 2.1396
787 0.939638 0.760586 656 44000 0 35.1632 1.93429 44.141 41.5119 31.7079 497 159 1.89885
788 0.881743 0.803403 588 47363 0 33.5177 1.93762 35.2765 31.4072 28.546 482 106 1.47989
789 0.944206 0.730897 644 50075 0 32.4706 3.91222 40.9347 38.7681 27.9106 466 178 1.84198
790 0.865643 0.926078 674 70287 513 34.5488 2.54581 41.5635 29.5178 31.0217 521 153 0.674255
791 0.978805 0.863946 696 85406 0 33.4297 2.80896 43.7009 36.3959 32.3145 519 177 2.20215
792 0.853782 0.958491 783 98107 0 35.2357 2.12387 52.8645 35.3694 39.7499 595 188 2.76814
793 0.920949 0.928287 744 93019 693 33.5525 2.38659 45.1737 30.262 31.2889 506 238 0.374192
794 0.960707 0.912313 717 62931 0 36.464 1.38851 48.469 36.0648 33.9555 509 208 2.30164
795 0.988426 0.708126 640 54247 0 36.3076 1.88063 44.4132 42.1274 29.03 432 208 1.85175
796 0.841355 0.957404 708 111617 0 35.1675 2.15614 48.0158 33.5332 38.3659 561 147 2.31151
797 0.779964 0.754325 720 70352 0 34.2521 2.62906 44.1808 34.8744 35.1726 559 161 2.33099
798 0.76392 0.740821 580 68059 360 34.2099 1.74296 38.3938 30.4266 29.5195 449 131 0.755082
799 0.980851 0.896887 622 56373 0 34.0417 2.38576 40.5897 33.8688 30.9741 470 152 1.73844
800 0.8583 0.836292 664 59128 558 33.8077 1.74922 38.0426 29.6857 28.5593 494 170 0.465145
801 0.875969 0.91129 661 66479 549 32.7274 2.75086 41.1724 30.4919 31.3945 516 145 0.521216
802 0.907725 0.950562 606 61579 522 36.0983 1.24351 39.9791 29.7175 31.2211 466 140 0.373366
803 0.895833 0.853791 737 83900 0 33.765 1.50769 44.3452 32.4711 31.5566 528 209 2.45808
804 0.768262 0.65032 584 66189 330 35.2249 1.40319 37.5924 29.8199 26.2242 397 187 0.84556
805 0.880995 0.957529 764 61628 0 29.678 6.88947 45.9869 30.9169 33.9897 563 201 2.584
806 0.977505 0.875458 633 84745 0 34.7887 1.27053 40.8364 35.4926 31.4187 489 144 1.85688
807 0.890173 0.905882 728 65942 0 30.2969 7.14044 42.5981 30.7584 30.5114 519 209 2.40853
808 0.802083 0.911243 736 56284 404 32.5219 2.88799 44.0399 29.2131 33.6401 576 160 1.27879
809 0.910788 0.734114 665 51462 0 32.0133 2.16347 38.9833 34.6916 28.3782 482 183 1.94669
810 1 0.396396 334 14797 333 11.6002 27.2634 19.259 19.259 7.17323 132 202 0.0329847
811 0.962963 0.741445 553 60033 0 35.3996 1.23939 35.5945 34.0303 26.4185 405 148 1.42302
812 0.512621 0.56531 723 67464 502 33.6404 1.65641 44.8762 28.2733 30.8178 515 208 0.920157
813 0.882466 0.870722 726 72016 587 32.3379 3.25705 41.7318 30.5562 30.6992 519 207 0.634935
814 0.842105 0.874494 673 87044 596 34.1859 1.62353 42.3947 30.3701 31.8857 513 160 0.43928
815 0.958246 0.711628 666 72043 0 35.3088 1.38529 44.8878 43.7143 29.3657 479 187 2.00678
816 0.819048 0.675835 594 52031 0 31.33 3.78224 35.6163 30.6367 24.7245 420 174 1.60358
817 0.536017 0.56982 673 80538 429 36.9129 0.709864 45.6561 29.76 31.309 472 201 0.946322
818 0.967742 0.724432 722 106116 0 36.3254 1.52734 50.4361 49.1436 34.6486 527 195 2.40262
819 0.840726 0.881607 678 46311 606 29.5728 7.18158 40.1658 28.3109 29.7965 496 182 0.334598
820 0.944282 0.884615 517 76767 483 37.8919 0.78986 36.0381 24.9584 23.5327 341 176 0.249147
821 0.958258 0.977778 682 75424 0 32.3012 3.94729 42.646 34.2192 34.9627 551 131 2.09885
822 0.883168 0.859345 653 51976 562 33.2267 1.83931 38.4186 29.9806 29.0459 505 148 0.428288
823 0.723562 0.730337 692 93072 0 34.4263 1.96127 43.9006 33.2225 34.3578 539 153 2.16338
824 0.959641 0.988453 632 69932 602 37.2154 1.30932 42.6635 29.911 30.9831 446 186 0.258831
825 0.847426 0.960417 715 111032 554 34.5449 1.84081 45.0365 30.5303 34.3826 544 171 0.766559
826 0.964435 0.77479 615 38605 0 35.8713 1.51782 40.7155 39.4322 32.3792 478 137 1.70468
827 0.855263 0.90099 678 56708 625 28.2435 9.31896 40.2041 29.8473 31.3351 532 146 0.296572
828 1 0.678922 409 21014 408 18.9688 18.5444 24.0327 24.0327 16.2143 277 132 0.0470717
829 0.657315 0.676289 663 80114 480 34.9764 1.29558 42.3896 30.4951 30.3903 499 164 0.768991
830 0.854352 0.963928 691 58174 529 32.873 3.25213 42.0251 30.5088 34.4202 563 128 0.659496
831 0.950249 0.900943 542 51397 490 36.9425 0.964684 36.2354 28.9899 27.1898 402 140 0.195521
832 0.805726 0.67121 691 49535 0 30.579 5.20154 39.9434 33.9191 28.4278 489 202 2.14355
833 0.702079 0.592593 645 65168 448 33.1208 1.72817 38.2357 30.5042 24.5839 433 212 0.759886
834 0.780488 0.688845 617 56675 542 32.4382 2.82174 36.1367 29.834 26.0221 451 166 0.336805
835 0.962389 0.620542 719 60230 0 37.2165 0.825963 47.2592 46.2026 27.7167 452 267 2.30901
836 0.891156 0.977612 720 61739 0 33.4753 2.96891 43.7589 32.9577 36.008 588 132 2.31743
837 0.881423 0.946921 724 69013 634 34.6491 1.73853 46.5935 29.6973 31.8081 506 218 0.460526
838 0.979253 0.870849 688 69430 0 35.1986 1.27784 43.458 34.4747 31.0711 482 206 2.11629
839 1 0.418803 352 14399 351 13.2539 27.2953 21.4268 21.4268 7.87279 147 205 0.033239
840 0.9 0.753191 768 77337 0 34.6272 2.94254 50.4284 46.6919 37.5223 590 178 2.61175
841 0.977995 0.680272 602 93775 0 38.4723 0.283077 43.6338 42.8114 29.0232 409 193 1.71763
842 0.872165 0.935841 620 75831 559 35.0988 2.84718 43.203 30.3154 32.7226 485 135 0.340669
843 0.988938 0.748744 603 45659 0 24.3844 12.4875 32.8581 32.6158 25.2593 452 151 1.65963
844 0.823024 0.977551 707 87396 604 33.6877 2.09147 42.5631 30.4561 35.5871 582 125 0.508074
845 0.901768 0.910714 711 63225 641 27.2639 10.3057 42.7343 27.9853 28.9062 509 202 0.402573
846 0.808171 0.794066 755 65984 0 32.0692 4.07577 43.3745 32.6938 32.4132 563 192 2.53173
847 0.724265 0.707361 731 93154 0 35.8429 0.468658 47.4936 36.6545 34.8336 544 187 2.4326
848 1 0.599022 410 25983 409 16.0018 22.7408 24.8121 24.8121 14.0057 245 165 0.055927
849 0.942116 0.897338 676 72987 0 36.2752 1.38373 46.5447 36.5583 34.6401 501 175 2.05346
850 0.608949 0.653445 722 97777 405 34.2634 1.6801 45.6669 29.6659 32.4135 514 208 1.24285
851 0.819615 0.936 746 56636 0 33.8641 2.75489 47.6498 31.0731 36.0374 571 175 2.44505
852 0.954357 0.725552 657 55831 0 32.9291 2.37002 40.6499 39.1311 29.9105 482 175 1.95177
853 0.508547 0.534831 687 74461 348 34.1087 1.57736 45.5269 28.8252 28.7798 468 219 1.23561
854 0.983562 0.949735 504 42664 364 35.52 2.46648 35.1075 26.6205 25.7061 365 139 0.0849877
855 0.943567 0.947846 685 53286 630 36.4042 0.901846 45.3032 28.5536 28.7035 443 242 0.297251
856 0.951477 0.96162 645 68139 585 33.4103 4.46584 41.8534 29.6273 29.9591 474 171 0.326709
857 0.955102 0.78392 620 91543 0 37.3732 0.896942 42.2415 40.8266 32.8655 490 130 1.82673
858 0.778662 0.748851 800 110344 0 34.931 2.74053 53.9708 44.3978 41.3162 628 172 2.91103
859 0.743707 0.667351 618 48383 498 31.846 2.68314 35.9324 28.3549 25.8627 437 181 0.482278
860 0.904 0.88454 653 78738 0 34.8242 1.73809 40.2932 31.6641 30.6526 500 153 1.94092
861 0.967963 0.959184 650 67653 622 37.1001 0.908455 44.9358 29.6573 29.5416 437 213 0.211456
862 0.930233 0.894309 648 83961 0 35.3235 2.27614 43.0394 32.6775 31.2465 473 175 1.96899
863 0.940171 0.932203 761 92549 0 34.0343 1.94655 48.3334 37.8188 37.6669 585 176 2.61468
864 0.72296 0.724335 675 66834 537 32.2832 2.74762 38.7893 30.512 30.8264 527 148 0.586915
865 0.884766 0.978402 660 69207 595 31.6165 5.84608 43.0224 30.5451 34.4296 512 148 0.354431
866 0.81162 0.933198 700 60311 561 32.9773 2.23885 41.685 28.9526 33.9856 568 132 0.600478
867 0.99784 0.773869 619 51283 0 31.0675 4.71638 37.996 36.8438 28.644 463 156 1.72628
868 0.880081 0.931183 650 61748 601 31.8701 3.15252 39.7779 27.8234 29.9817 492 158 0.296123
869 0.931264 0.871369 617 58727 476 32.647 2.70568 37.3151 28.9495 26.9445 451 166 0.475643
870 0.80035 0.790657 712 83933 0 32.0855 4.13383 44.8444 36.4919 36.3568 571 141 2.31385
871 0.692153 0.686627 666 52050 398 29.915 6.06322 40.1614 30.1884 29.5668 497 169 0.966535
872 0.993562 0.809441 607 57858 0 35.985 1.19888 40.2928 38.1098 31.2001 466 141 1.6679
873 0.954315 0.781163 754 86174 0 32.711 2.91435 43.8681 42.0111 35.234 591 163 2.5768
874 0.495606 0.606452 756 86883 450 33.9365 1.88284 46.8961 29.6182 32.837 569 187 1.29244
875 0.903073 0.896714 548 70170 470 31.8393 2.46546 32.8579 25.4173 25.2613 423 125 0.348279
876 0.818526 0.89648 721 99975 0 35.591 0.974165 46.8882 31.1694 34.9954 529 192 2.41143
877 0.850716 0.918322 693 92803 591 36.9033 0.505816 45.4794 30.4427 32.6942 489 204 0.536094
878 0.842505 0.988864 645 78389 569 30.7659 7.17983 42.6531 30.3982 35.7635 527 118 0.400509
879 0.576923 0.618557 710 73041 449 31.8765 3.71409 43.7285 29.2657 32.6056 520 190 1.0508
880 0.953629 0.983368 672 58487 0 37.2575 1.06961 43.5214 31.9327 32.8689 496 176 2.02873
881 0.792164 0.972803 752 80238 584 34.9557 1.64415 46.9734 30.5819 37.6857 587 165 0.773499
882 0.918004 0.946691 694 61800 0 32.8472 3.60997 43.4107 33.7365 35.1548 561 133 2.15916
883 0.9117 0.93018 619 42297 558 33.4183 2.37233 37.9163 27.5673 28.3891 453 166 0.27088
884 0.952282 0.754934 637 71259 0 35.1481 1.3178 42.3081 40.2843 30.411 482 155 1.85458
885 0.904236 0.92467 745 83692 0 34.5634 1.9783 46.2565 33.8114 34.4335 543 202 2.50712
886 0.814727 0.851117 598 67653 534 34.1522 1.64298 38.4321 26.3614 27.4183 421 177 0.324021
887 0.882114 0.977477 693 77234 586 35.4195 0.936703 43.7213 28.0267 30.7732 492 201 0.509738
888 0.971175 0.658647 679 63366 0 37.21 0.569042 44.4276 43.2918 30.188 451 228 2.09697
889 0.937209 0.846639 636 101283 0 37.9279 0.849304 42.8638 32.0381 28.8925 430 206 1.9013
890 0.978587 0.741883 660 55747 0 37.7907 0.762234 45.6417 42.8677 32.3468 467 193 1.92698
891 0.704036 0.678186 620 69340 400 33.9476 1.73693 39.4188 29.2483 27.8619 446 174 0.785785
892 1 0.697628 507 31408 506 21.2652 15.4223 28.3157 28.3157 19.317 353 154 0.0690606
893 0.890467 0.690252 691 90772 0 33.511 2.71224 42.3688 39.4283 27.9833 493 198 2.20347
894 0.825893 0.860465 653 60643 549 36.1143 0.968504 44.2858 27.7353 29.03 448 205 0.447792
895 1 0.514403 244 6755 243 10.8056 27.8268 13.2327 13.2327 6.97309 125 119 0.0162174
896 0.989247 0.747967 745 105972 0 35.8541 2.58806 50.1022 49.5623 37.1616 558 187 2.5473
897 0.937768 0.783154 608 43715 0 31.1591 3.00021 36.0392 33.0815 27.3161 466 142 1.6583
898 0.919517 0.954071 679 50824 647 34.1171 1.52346 42.9007 29.5779 30.9899 497 182 0.220159
899 0.554167 0.604545 665 81136 372 35.508 1.16876 45.0336 28.8435 32.712 480 185 1.08814
900 0.982418 0.69195 664 56924 0 35.3176 2.29141 44.7184 43.5907 29.9957 455 209 1.97661
901 0.743455 0.794776 697 55728 0 29.6912 6.65898 40.7757 31.7295 32.9561 573 124 2.16904
902 0.965184 0.812704 635 39676 0 26.5423 11.6462 41.9281 40.5425 33.8862 517 118 1.79419
903 0.871753 0.990775 779 68641 0 32.9085 4.64458 49.3994 34.6949 39.4588 616 163 2.70117
904 0.871841 0.838542 696 65141 0 31.7726 4.61123 41.8646 34.4195 33.0914 554 142 1.50602
905 0.856016 0.970917 634 66884 572 34.5857 2.08199 43.4313 30.5478 34.0587 507 127 0.328331
906 1 0.544379 339 13304 338 15.3908 22.7993 19.9429 19.9429 10.3027 184 155 0.0309357
907 0.959135 0.876923 604 85249 0 36.4177 1.80481 40.9198 31.4621 28.9001 416 188 1.7121
908 0.629964 0.69246 717 59702 417 32.9722 2.5658 44.0167 29.7271 34.3628 554 163 1.14553
909 0.881132 0.95501 739 73799 611 33.4858 2.89168 43.8951 29.372 31.8538 530 209 0.630035
910 0.933333 0.918033 732 84835 0 34.6444 2.00119 46.4991 34.773 34.1096 540 192 2.43643
911 0.913953 0.752874 603 34044 0 29.0589 6.36852 34.9953 30.5355 25.3539 430 173 1.61811
912 0.95202 0.961735 586 46948 540 28.7392 7.86583 34.8032 22.733 22.9562 396 190 0.228521
913 0.932806 0.69514 719 98743 0 36.089 1.24638 50.0036 47.6561 35.3242 506 213 2.37676
914 0.97065 0.794168 626 68575 0 33.0173 2.28081 39.4861 36.5006 30.2167 477 149 1.81643
915 1 0.387454 272 11016 271 11.9093 29.6184 16.2484 16.2484 5.30747 105 167 0.0244249
916 0.849462 0.947242 623 85053 522 34.2257 2.01895 43.4117 28.7073 31.801 465 158 0.459254
917 0.948827 0.934874 625 57317 0 35.414 1.27674 41.3656 31.7386 31.5035 469 156 1.74612
918 0.848754 0.707715 762 111325 0 35.4268 1.40283 49.0485 43.8337 35.2514 562 200 2.65159
919 0.907514 0.779801 706 75987 0 33.4501 1.82463 42.529 36.7763 32.0264 519 187 2.24725
920 0.922414 0.924406 646 89115 575 36.8708 0.877858 42.595 30.5528 30.0509 464 182 0.402477
921 0.852941 0.758879 614 50550 519 28.5767 6.70321 34.8943 30.4042 26.8345 476 138 0.407904
922 0.527682 0.640756 751 75014 374 32.5168 4.8177 47.9069 30.0221 35.2228 578 173 1.47684
923 0.928412 0.841785 616 59771 538 33.7941 2.102 39.001 30.5218 27.9157 447 169 0.351052
924 0.987685 0.737132 555 46451 0 37.8566 0.393856 38.9313 38.3152 27.8324 406 149 1.41004
925 0.941399 0.876761 698 83562 0 35.335 1.72667 46.5275 38.0276 35.1195 529 169 2.21058
926 0.950311 0.972458 609 56473 534 35.1456 1.84407 39.97 30.4277 31.5414 483 126 0.338853
927 0.52292 0.620968 796 125614 541 34.4686 1.93755 50.0388 29.7486 38.018 589 207 1.22477
928 0.961397 0.966728 772 75231 0 36.3787 1.32425 52.7894 36.4001 36.7623 544 228 2.6774
929 0.566866 0.651376 668 70571 435 33.3925 2.12473 43.2591 26.1213 33.0232 501 167 0.872067
930 0.588803 0.640756 697 60063 360 35.5747 1.8349 44.4862 29.4389 31.5438 518 179 1.23149
931 0.967532 0.912245 613 64080 0 34.2024 2.01155 39.127 31.3649 29.4225 462 151 1.71283
932 0.956395 0.617261 553 52643 0 36.5807 1.01765 34.6873 33.4436 21.9178 344 209 1.40504
933 0.973995 0.867368 604 69423 536 32.8553 2.53419 37.1523 28.9079 25.409 423 181 0.333438
934 0.956311 0.865934 579 46010 0 36.2026 2.24076 42.0072 33.4438 30.3401 412 167 1.52605
935 0.980535 0.683051 607 56057 0 30.9296 3.81699 35.48 34.4456 22.9414 411 196 1.67345
936 1 0.673469 491 33674 490 26.2205 10.4767 29.1226 29.1226 19.3121 330 161 0.0720038
937 0.981261 0.780488 760 71170 0 33.1205 3.34977 47.2274 45.5474 36.8275 587 173 2.57714
938 0.942786 0.733075 548 41623 518 32.0988 2.28784 32.1784 30.4593 23.3034 402 146 0.167081
939 0.958785 0.91134 608 73332 567 34.4895 0.92269 38.3853 29.2657 28.1461 461 147 0.26181
940 0.562887 0.601322 692 80478 452 34.6869 1.69822 47.0601 29.1053 32.5998 485 207 0.972241
941 0.992593 0.777939 704 58051 0 32.8513 2.7772 40.8793 40.2248 31.7965 540 164 2.21331
942 0.892344 0.914216 594 52925 539 32.403 3.36249 38.2307 26.353 26.8208 418 176 0.269244
943 0.988095 0.827243 618 56524 0 34.7459 3.11524 41.6293 40.6987 34.5278 504 114 1.72647
944 0.926499 0.805042 655 57896 0 32.8455 2.87216 37.8987 34.4145 30.0283 517 138 1.9021
945 0.897482 0.794586 690 78839 0 35.6458 1.93528 48.2341 44.3101 39.1423 556 134 2.17423
946 0.574669 0.600791 741 97779 435 34.2573 2.01623 45.2398 30.25 31.3446 529 212 1.26506
947 0.970472 0.880357 616 75599 0 35.539 0.836118 40.6728 37.2092 33.5218 508 108 1.75155
948 0.91195 0.935484 623 73029 530 34.5648 2.06755 40.7315 29.9924 30.6157 477 146 0.444894
949 0.825688 0.916497 724 61889 600 33.7581 3.98201 44.9536 30.4257 34.5473 545 179 0.555988
950 0.423488 0.544622 774 110137 430 36.6459 1.35914 50.9221 26.9811 36.925 562 212 1.47344
951 0.992647 0.739726 736 66209 0 34.4237 1.41216 45.9326 45.7112 32.5578 544 192 2.43256
952 0.850638 0.976987 791 67115 697 36.0835 1.34927 51.0481 30.6307 35.0099 549 242 0.518366
953 0.979112 0.680581 562 73430 0 35.8509 1.11907 35.7626 35.1962 24.1977 383 179 1.47583
954 0.843177 0.9 646 52688 559 32.8441 2.25138 39.7907 27.8816 29.9555 491 155 0.383321
955 0.895753 0.902724 676 72266 0 32.1598 3.84504 41.0327 31.2196 31.1804 518 158 2.08205
956 0.968379 0.962672 691 63133 0 36.6655 1.8494 46.9744 34.8796 34.6645 506 185 2.16494
957 0.833628 0.949597 783 61290 682 33.8624 2.2782 44.5261 29.5858 33.0245 565 218 0.517544
958 0.982759 0.917505 644 82398 0 37.3473 0.692389 44.5052 34.0155 31.5949 464 180 1.93279
959 0.84 0.945205 740 69406 664 32.9302 2.76309 44.303 30.2141 34.1467 575 165 0.41998
960 0.96139 0.946768 681 76153 0 35.2298 1.46052 44.236 34.5156 34.1576 518 163 2.10067
961 0.765306 0.907258 771 72817 0 33.8432 1.99941 47.8286 30.8194 36.9228 588 183 2.63801
962 0.845865 0.918367 666 61003 558 32.7664 2.87573 41.0243 30.4391 33.171 532 134 0.43866
963 0.997722 0.904959 596 39300 567 25.8373 10.3806 36.7645 29.8808 26.7563 439 157 0.170212
964 0.817978 0.870813 616 79899 549 35.1968 1.44203 41.4563 27.4328 29.7089 445 171 0.381031
965 0.940552 0.731023 650 69716 0 34.5262 1.96322 42.6012 40.0227 29.3865 471 179 1.92143
966 0.926625 0.755556 634 51285 0 31.8532 3.93961 37.0384 34.4261 28.203 477 157 1.83459
967 1 0.495146 413 19797 412 20.2805 18.8502 27.3266 27.3266 11.4654 204 209 0.045094
968 0.959574 0.709119 659 64449 0 32.6719 4.11548 41.8614 40.4218 29.5734 470 189 1.96001
969 0.975564 0.860697 628 59930 0 27.9231 8.53074 38.1062 36.6985 32.9247 532 96 1.78056
970 0.753817 0.741088 667 68583 0 33.2471 4.05642 42.1003 33.4937 32.9811 524 143 2.01148
971 1 0.641079 483 43816 441 28.7588 6.83682 29.0118 29.0118 17.9309 309 174 0.0901994
972 1 0.686801 448 24127 447 18.7405 19.7326 25.7204 25.7204 17.6956 307 141 0.05461
973 0.947047 0.918972 687 54341 612 30.3451 5.49153 40.0773 29.3535 28.3446 491 196 0.383648
974 0.922939 0.787462 705 59751 0 32.4004 2.78499 41.358 38.5008 31.8513 558 147 2.21159
975 0.862782 0.958246 628 39920 547 30.3361 3.33354 36.864 28.1712 31.3101 532 96 0.34224
976 0.799625 0.848907 611 40325 358 28.6905 8.94572 36.488 30.2195 32.2877 534 77 0.819411
977 0.943601 0.935484 687 108185 0 39.1791 0.16463 48.44 32.1118 31.798 461 226 2.22315
978 0.92126 0.932271 620 49491 571 31.7152 2.96638 34.6364 28.3385 28.5984 508 112 0.254677
979 0.976526 0.875789 636 80469 575 35.7433 1.41812 39.732 30.2301 27.1482 426 210 0.355869
980 0.97541 0.85 591 51757 0 29.6947 8.72424 39.2738 36.9584 32.8161 488 103 1.59765
981 0.892473 0.828343 626 80017 558 33.616 2.02901 38.2289 30.5154 28.615 465 161 0.367761
982 0.925439 0.95045 625 54601 597 36.5696 1.40932 42.2635 28.9999 29.4681 456 169 0.216414
983 0.908722 0.763203 722 84365 0 34.3132 1.65978 47.3685 38.2672 31.5196 493 229 2.35771
984 0.97931 0.957303 644 69926 0 37.7189 1.02722 46.5822 32.8404 31.7208 435 209 1.90333
985 0.693182 0.705202 693 69234 459 33.5202 2.21909 40.2057 30.1262 31.0204 528 165 0.930443
986 0.91 0.947917 629 48011 0 34.2523 3.17284 42.8765 33.405 34.5796 500 129 1.76492
987 0.848548 0.739602 637 55271 0 32.5286 3.9534 38.826 33.9454 29.5388 482 155 1.83474
988 0.845865 0.955414 650 45887 560 33.6931 1.93506 39.216 28.5225 32.5352 532 118 0.386065
989 0.997608 0.866944 587 43012 569 26.7279 9.77947 36.5937 29.2258 25.288 418 169 0.141857
990 0.93576 0.93177 638 53994 588 32.6065 2.02424 38.98 27.9585 27.9052 467 171 0.264739
991 0.984305 0.825188 544 41661 0 34.8388 2.59954 35.5754 34.7923 29.2306 446 98 1.34639
992 0.87384 0.951515 736 88849 0 35.8659 1.09977 49.4093 32.3244 36.2495 539 197 2.47028
993 0.939759 0.977035 638 54134 560 32.5951 2.66502 38.1884 27.9857 28.9173 498 140 0.374923
994 0.882114 0.906054 655 43577 602 31.7609 3.01609 39.7842 28.9602 30.012 492 163 0.265942
995 0.612457 0.70099 756 76682 370 34.0286 1.59045 45.3384 30.4833 33.8613 578 178 1.51577
996 0.611219 0.601905 742 72491 341 34.6486 1.70683 44.5089 30.56 31.1321 517 225 1.53417
997 0.943158 0.749164 644 63479 0 35.1788 1.84407 42.4646 39.8972 32.2704 475 169 1.90226
998 0.945419 0.977823 675 74411 0 33.831 3.09654 43.566 32.2406 33.1729 513 162 2.07414
999 0.975359 0.767367 642 66366 0 32.9524 1.95749 37.0292 35.9064 28.1751 487 155 1.83368
