0 0.997613 0.816406 611 37433 595 25.0977 12.4766 33.5603 28.5962 23.5897 419 192 0.140945
1 0.992629 0.874459 568 58903 517 34.4196 1.74029 37.3666 30.5052 27.0271 407 161 0.278977
2 0.916667 0.952577 728 73575 681 33.7036 3.28526 44.3767 29.1242 30.1263 504 224 0.31866
3 0.990762 0.990762 564 48228 554 25.3685 12.5027 34.1548 26.5079 26.527 433 131 0.125015
4 0.911504 0.959032 746 81166 0 33.727 1.32788 42.4739 31.2389 32.8451 565 181 2.46175
5 0.941452 0.839248 607 63830 553 32.3333 2.14455 36.9832 29.2557 26.182 427 180 0.283712
6 0.979545 0.874239 620 61218 602 28.7989 8.95522 39.0341 29.709 26.1613 440 180 0.181728
7 0.880478 0.952586 664 65724 602 34.4396 1.32697 39.7642 27.7944 30.0287 502 162 0.34546
8 0.50087 0.647191 734 101337 503 35.8901 1.58379 52.2149 30.5728 40.2289 575 159 1.02017
9 0.882662 0.842809 666 69626 0 33.939 2.1212 40.9868 37.0417 35.0258 571 95 2.00119
10 0.989083 0.857955 656 86821 0 36.754 1.29358 44.8416 36.2311 31.0021 458 198 1.99505
11 0.922261 0.957798 701 75574 0 33.834 1.36463 42.6999 33.4279 34.4406 566 135 2.18742
12 0.55314 0.452569 702 59443 470 32.7126 3.00338 42.8311 30.2034 24.8624 414 288 0.921981
13 0.862705 0.907328 615 68469 540 31.5177 2.89074 36.3884 27.5473 29.1411 488 127 0.367752
14 0.983373 0.990431 618 49777 599 37.3045 1.29561 43.3159 29.9549 30.2805 421 197 0.190258
15 0.871224 0.964789 796 120727 0 36.1386 0.906323 53.0883 38.7599 42.7886 629 167 2.89661
16 0.92638 0.900596 659 55699 0 33.732 1.52003 43.0289 33.0627 32.0497 489 170 1.94159
17 0.938326 0.712375 627 71562 0 35.215 1.50644 43.0195 40.8433 29.584 454 173 1.83951
18 0.765517 0.666 605 40263 344 31.4881 3.73201 36.0966 30.1369 25.6633 435 170 0.814278
19 0.995624 0.991285 625 41226 597 33.3999 3.3874 38.7735 28.1251 27.9997 457 168 0.176887
20 0.969008 0.973029 661 55830 638 33.7552 3.4312 41.5712 29.7067 29.8324 484 177 0.191521
21 0.987207 0.94877 631 56019 609 32.727 4.57259 41.2699 29.5336 28.3403 469 162 0.184342
22 0.987302 0.702032 495 29989 490 23.3707 15.2132 32.085 28.6757 18.2377 315 180 0.0761317
23 0.518304 0.556936 736 63322 470 33.5912 2.39895 45.4236 29.3642 30.3204 519 217 1.08598
24 0.894094 0.81146 617 62550 566 31.0074 2.99038 34.6148 30.3884 27.789 491 126 0.26922
25 0.991416 0.913043 513 34898 0 23.175 14.864 32.9763 32.5874 30.2167 466 47 1.20123
26 0.984894 0.649402 515 36600 506 24.932 12.8916 31.2907 30.3338 20.4584 331 184 0.0989284
27 1 0.538793 465 22606 464 21.6169 17.0533 28.2748 28.2748 15.1446 250 215 0.0518574
28 0.993915 0.809917 633 65746 0 33.0518 1.76112 37.8411 36.1798 30.3188 493 140 1.84138
29 0.989669 0.977551 680 77007 0 37.8463 0.623493 46.6058 33.2279 32.8228 484 196 2.11494
30 0.704388 0.61245 627 65556 452 34.0189 2.03269 37.7639 30.0127 24.0121 433 194 0.670755
31 0.98153 0.76701 493 53723 0 35.5659 2.66046 33.1126 32.6779 25.7392 379 114 1.12118
32 0.436364 0.618026 851 124782 474 36.2338 1.11982 55.9935 29.1696 43.7512 660 191 1.75678
33 0.922551 0.797244 665 59257 581 31.5031 5.3354 40.1031 30.4684 26.5498 439 226 0.416917
34 0.933868 0.937626 669 58663 618 32.41 3.29658 41.2669 30.056 29.9705 499 170 0.291218
35 0.872566 0.986 761 58631 602 32.7308 3.79052 46.6164 30.5109 34.3794 565 196 0.737184
36 0.839056 0.701975 680 75629 0 36.96 0.702548 45.416 37.6741 30.4289 466 214 2.10343
37 0.875622 0.98324 785 78804 0 33.8954 1.94933 48.7364 34.0981 38.8201 603 182 2.76354
38 0.868908 0.960967 811 130535 0 35.0827 1.39397 51.0714 33.5807 36.9517 595 216 2.98746
39 0.888889 0.956701 684 58859 578 33.417 3.27053 42.7697 30.2975 32.78 522 162 0.477228
40 0.965021 0.961066 640 60430 0 35.0323 2.37582 42.2334 31.6447 31.3536 486 154 1.83561
41 0.900922 0.733583 577 61257 0 34.3455 2.05078 36.8345 33.8621 27.7549 434 143 1.54386
42 0.995885 0.99384 691 75746 671 35.4486 1.47847 43.6288 30.257 30.2047 486 205 0.222843
43 0.572581 0.613391 676 70639 409 35.1001 1.75298 44.968 30.5815 33.9166 496 180 1.00502
44 0.994911 0.701975 570 69016 0 34.9205 1.50763 36.8113 35.9585 25.5152 393 177 1.51
45 0.605263 0.782313 682 54757 413 31.3404 5.27473 41.634 26.9346 34.8575 570 112 1.00585
46 0.575472 0.622449 716 55562 356 32.6205 3.18754 44.4571 30.4391 32.7521 530 186 1.33485
47 0.977273 0.987474 708 88884 0 37.8598 1.02086 47.9723 31.7689 32.2722 484 224 2.3113
48 0.853763 0.792415 591 37884 337 29.8177 5.50046 35.6227 30.4244 27.6688 465 126 0.786663
49 0.819444 0.785171 626 54628 491 28.5484 7.69711 36.1158 30.4822 29.1397 504 122 0.534039
50 0.974757 0.941839 704 68932 0 36.7828 1.22851 45.6291 34.8706 33.2562 515 189 2.23751
51 0.932143 0.972067 729 78321 0 35.5496 1.69218 46.7904 34.4859 35.5003 560 169 2.38669
52 0.466418 0.595238 710 72129 525 36.0572 1.10896 48.1563 27.0019 36.1364 536 174 0.779844
53 0.735409 0.768293 633 68574 411 35.0313 1.41017 39.2139 30.2624 32.2002 514 119 0.821453
54 0.950355 0.990758 729 83846 0 37.1375 1.19103 50.1018 34.3678 35.9482 564 165 2.40906
55 1 0.96748 563 36944 548 24.5393 14.6555 35.5427 23.2381 22.4084 357 206 0.121942
56 0.943158 0.969697 585 58950 515 33.681 1.82617 37.2394 30.146 30.8776 475 110 0.316784
57 0.983516 0.99169 547 34167 537 23.789 13.6195 32.8298 21.1583 21.3155 364 183 0.100097
58 0.639053 0.662577 677 74349 459 32.9559 2.35593 41.6021 30.3871 30.2529 507 170 0.871876
59 1 0.967078 635 39841 620 32.257 5.50765 39.3747 30.4205 29.1808 470 165 0.133808
60 0.964286 0.816635 555 39411 513 29.905 3.88981 32.1177 30.4355 26.0638 448 107 0.19592
61 0.949791 0.947808 569 71123 526 33.1846 2.92623 35.453 30.0887 30.1722 478 91 0.261507
62 0.894834 0.947266 727 120574 641 34.1792 1.82614 44.5398 30.5501 32.3213 542 185 0.564518
63 0.996109 0.82183 626 39371 0 33.9184 3.11396 39.7246 39.5973 32.3211 514 112 1.74943
64 0.978131 0.98994 613 63716 0 32.5639 2.56629 39.0332 31.3357 31.4864 503 110 1.7372
65 0.813022 0.983838 751 80737 690 33.3232 2.62043 45.6936 30.19 36.3671 599 152 0.390515
66 1 0.38191 200 6395 199 8.83933 29.7076 10.3656 10.3656 3.84963 76 124 0.0147667
67 0.850267 0.959759 704 67751 0 35.7272 1.21862 45.0147 32.0076 36.2649 561 143 2.22241
68 0.939959 0.972163 660 50901 617 34.5496 1.51106 42.8696 30.1438 30.9167 483 177 0.247781
69 1 0.345794 215 6918 214 8.49954 30.3894 11.254 11.254 3.67854 74 141 0.0159403
70 0.772824 0.715128 621 66062 457 32.5914 2.45952 36.7071 30.2342 28.0673 471 150 0.641602
71 0.975113 0.945175 601 54313 530 33.927 2.05796 38.6774 29.754 28.7903 442 159 0.321828
72 0.934043 0.988739 624 50147 599 31.2608 2.71123 37.1281 26.2338 27.9861 470 154 0.182971
73 0.989975 0.985037 596 61595 580 38.0126 1.08843 42.7155 28.9953 28.8564 399 197 0.172222
74 0.961039 0.944681 607 63813 566 34.1056 1.71964 38.393 29.8501 29.2678 462 145 0.251116
75 0.949515 0.987879 717 80403 0 35.6413 1.66397 47.1963 31.8367 33.2792 515 202 2.326
76 0.900971 0.980973 668 71191 595 32.932 2.06252 37.9905 26.8893 28.642 515 153 0.386186
77 0.963834 0.985213 699 55588 0 33.4085 2.82988 46.9872 35.9391 37.1363 553 146 2.16976
78 0.896247 0.84058 586 43610 518 32.8194 2.77045 37.2986 30.1405 28.4707 453 133 0.30097
79 0.945534 0.898551 594 54846 556 31.5088 2.98636 35.0769 29.0407 27.634 459 135 0.221379
80 0.436911 0.517857 759 97765 464 36.2746 1.21254 51.0622 30.3812 34.2286 531 228 1.2621
81 0.951515 0.993671 642 58017 0 34.3212 3.57014 44.0655 31.4543 33.1474 495 147 1.86124
82 0.882682 0.938614 714 77407 625 33.9375 2.94596 43.5416 30.5063 32.4726 537 177 0.493134
83 0.942982 0.912951 654 54555 585 31.8021 3.15262 37.6308 26.8036 25.7698 456 198 0.332177
84 0.878788 0.711321 594 59073 0 34.3085 2.06583 39.0587 35.0275 27.6506 429 165 1.59667
85 0.969907 0.901075 585 60600 534 32.1748 2.93377 34.9224 27.69 25.8042 432 153 0.294817
86 0.943069 0.981959 614 53602 580 32.3942 3.46674 37.8693 24.3952 25.4798 404 210 0.213935
87 0.633333 0.670588 609 99943 455 36.0542 1.19046 40.6844 27.4469 29.6254 450 159 0.63874
88 0.976344 0.984816 623 51706 590 33.3591 3.73218 41.4232 30.4499 30.9109 465 158 0.231012
89 0.977556 0.790323 506 37676 0 30.8244 6.48464 32.7929 31.9591 26.1893 401 105 1.1526
90 0.943867 0.678625 698 58833 0 34.9845 2.56606 47.0333 45.3493 31.6718 481 217 2.19218
91 1 0.486486 334 15227 333 15.2682 24.4399 21.0585 21.0585 8.93897 162 172 0.0346904
92 0.545643 0.605991 696 80975 459 35.5216 1.33816 45.5842 28.4947 32.0764 482 214 0.967655
93 0.922105 0.914405 578 56286 496 32.6448 1.55462 33.1672 27.4607 27.2648 475 103 0.346838
94 0.947262 0.956967 638 54421 0 34.766 1.61649 40.1068 31.0944 31.1977 493 145 1.85398
95 0.579143 0.660297 704 102949 425 35.2809 1.38635 44.7472 30.2261 35.2057 537 167 1.14946
96 0.874126 0.957854 728 55919 0 35.4875 1.45719 46.363 33.1425 36.053 572 156 2.35851
97 0.96868 0.937229 550 51180 461 31.5714 6.64017 36.5896 30.4763 29.4483 447 103 0.172674
98 0.979253 0.985386 706 93852 677 30.7125 6.23242 41.3339 29.2384 29.3698 482 224 0.286252
99 0.995885 0.849123 689 94485 0 36.2253 0.961286 45.6365 37.4658 32.0366 486 203 2.1777
100 0.933824 0.960302 725 71799 0 35.5165 0.932253 48.5532 36.2182 37.2997 544 181 2.3413
101 0.964286 0.898129 589 40462 560 32.2044 3.92065 36.1652 28.9251 27.0427 448 141 0.17054
102 0.513859 0.507368 704 71501 480 31.9133 4.69123 46.0516 30.1376 29.619 469 235 0.918307
103 0.93159 0.985106 641 59751 584 33.3828 2.54257 41.3451 30.2984 32.3191 497 144 0.299087
104 0.926471 0.907407 652 57016 0 34.6271 1.44774 44.1619 33.3305 32.5611 476 176 1.88469
105 0.678984 0.632258 605 46701 501 29.9731 8.01462 38.5397 29.5547 24.3267 433 172 0.421643
106 0.968504 0.899452 715 81173 0 35.7399 1.97448 47.8976 36.8118 33.7822 508 207 2.30906
107 0.971739 0.941053 628 64329 0 35.4272 2.42422 42.5372 31.5305 30.1903 460 168 1.807
108 0.885553 0.979253 716 96915 637 34.7178 1.30062 45.9756 30.2558 33.9336 533 183 0.466339
109 0.84632 0.942169 603 45975 560 33.5476 1.76542 36.4544 23.8036 26.4049 462 141 0.224668
110 0.875244 0.951271 705 64168 661 32.8834 2.99856 41.6667 27.7671 30.4323 513 192 0.287574
111 0.889535 0.940574 717 90798 602 35.7838 1.05767 45.1374 30.3832 32.2313 516 201 0.598386
112 0.777293 0.73251 590 34119 404 32.5625 4.22562 36.9077 30.4394 28.6756 458 132 0.598745
113 0.964912 0.960699 634 85276 539 36.3522 1.80079 41.5979 30.0383 29.754 456 178 0.476434
114 0.983051 0.77592 611 50949 0 26.7702 9.77174 36.3579 35.366 27.4685 472 139 1.68953
115 0.993407 0.729032 627 63828 0 33.4724 1.89062 36.6767 36.3763 26.7734 455 172 1.75933
116 0.936475 0.925101 695 70257 0 33.7849 3.70399 44.5714 31.6209 31.1169 488 207 2.17543
117 0.924386 0.981928 733 87653 696 35.3023 2.65629 49.1774 29.7076 31.562 529 204 0.307575
118 0.986486 0.995455 618 39887 607 31.8304 2.99771 34.3001 24.7703 24.9483 444 174 0.134229
119 0.394945 0.623441 795 94862 482 34.4443 1.40608 50.5245 24.496 40.5604 633 162 1.38674
120 0.78209 0.606481 509 59649 336 37.8431 0.954879 34.4213 29.1013 22.4904 335 174 0.515835
121 0.93211 0.978805 708 93699 622 32.5068 2.83876 41.7828 30.0307 32.3392 545 163 0.492494
122 0.631474 0.66457 670 52711 465 34.7968 1.15966 42.0186 29.8346 31.27 502 168 0.771948
123 0.947047 0.924453 682 48376 634 31.354 4.41825 40.3089 28.9247 28.2458 491 191 0.264687
124 0.662844 0.60334 636 76304 420 30.1838 6.62143 40.7655 30.0667 25.8377 436 200 0.835793
125 0.963265 0.979253 669 42634 651 29.933 5.8438 39.4868 28.0719 28.3922 490 179 0.154399
126 1 0.714286 658 86469 0 36.4532 1.32025 47.6799 46.7038 32.9116 460 198 2.01512
127 0.985537 0.97546 631 71688 0 36.3373 0.598701 41.7482 32.6204 32.4806 484 147 1.79893
128 0.821608 0.698718 549 40843 0 35.6788 0.739821 37.8661 32.1637 27.0673 398 151 1.35084
129 0.542194 0.582766 662 73263 491 36.8594 0.646804 46.2482 30.2268 33.4902 474 188 0.710125
130 0.958621 0.883475 593 58853 565 35.283 1.72698 37.6504 29.6951 27.7056 435 158 0.193503
131 0.918197 1 778 107649 0 38.1722 1.28608 58.0381 37.8938 41.1676 599 179 2.74556
132 0.703896 0.5803 599 52883 501 32.6813 2.44374 38.3807 29.8533 23.3295 385 214 0.415614
133 0.942913 0.973577 722 66295 694 27.1078 11.3563 45.244 29.5517 30.7997 508 214 0.237215
134 0.976238 0.978175 695 45219 676 29.0786 7.59246 42.1394 29.7042 30.0362 505 190 0.163131
135 0.905242 0.951271 693 90525 667 35.9612 0.880058 44.5488 29.4086 31.053 496 197 0.253745
136 0.486538 0.617073 689 72807 476 36.9737 0.491539 49.2975 29.0091 36.0239 520 169 0.87337
137 0.907143 0.768533 726 69597 0 33.2305 3.82401 45.8039 41.7716 35.4475 560 166 2.37403
138 0.965583 0.90991 717 80629 0 32.3143 2.12351 43.2405 33.4034 31.6486 523 194 2.32401
139 0.96008 0.98768 720 96125 674 32.0357 4.01835 42.8396 27.992 28.8774 501 219 0.350147
140 0.911153 0.967871 699 111819 592 34.9841 1.20515 42.9847 30.3161 32.3879 529 170 0.593086
141 0.600427 0.667458 627 61001 397 34.9803 1.63924 41.7384 27.5316 31.3259 468 159 0.803062
142 0.992736 0.915179 563 46256 541 30.9567 6.86496 37.6993 30.2004 27.8663 413 150 0.154179
143 0.972477 0.828125 615 39189 576 31.4576 3.36271 35.9197 30.4294 25.7146 436 179 0.219727
144 0.856887 0.954183 781 88056 0 32.6443 3.77769 49.9603 31.2009 34.7377 559 222 2.73942
145 0.987562 0.827083 532 55798 495 32.9097 2.02906 32.6097 29.2143 24.6173 402 130 0.21004
146 0.924706 0.987437 635 57410 622 33.387 4.06977 40.9123 25.5009 27.3325 425 210 0.162746
147 0.906198 0.987226 746 103549 0 34.758 1.64984 48.332 35.1026 38.6288 597 149 2.54781
148 0.944238 0.990253 731 99613 0 34.174 2.52341 46.7283 32.6251 34.2975 538 193 2.4497
149 0.97555 0.925754 549 57544 508 36.47 1.14876 36.9639 29.1915 27.9028 409 140 0.220692
150 0.932203 0.960699 667 71239 621 35.5073 1.55353 43.729 30.5616 31.6075 472 195 0.31294
151 0.492453 0.594533 710 96888 548 36.3876 1.67207 48.3911 29.2336 33.3365 530 180 0.739638
152 0.912639 0.991919 667 75250 0 35.4412 1.99737 46.5176 34.0878 37.4093 538 129 2.03645
153 0.679287 0.71934 597 72841 404 35.4491 2.02576 40.0821 28.1694 30.6207 449 148 0.699629
154 0.947368 0.934537 615 93920 570 36.8224 0.73635 41.166 29.4658 29.147 437 178 0.342938
155 0.466418 0.530786 765 86085 532 34.6596 3.24623 50.3436 29.7618 35.7916 536 229 1.04049
156 0.764344 0.747495 623 61052 377 32.8835 2.77017 37.439 30.254 29.1185 488 135 0.84934
157 0.97955 0.97556 714 79841 666 34.9315 1.91286 44.9044 30.3803 30.4383 489 225 0.344984
158 1 1 457 41864 456 26.2784 11.4994 28.5899 28.5899 28.5899 456 1 0.0877705
159 0.835979 0.951807 711 91025 0 34.1595 1.85199 45.4973 32.4405 36.5015 567 144 2.29746
160 0.842315 0.784387 639 70378 0 34.8168 1.2595 42.0029 35.1954 33.1841 501 138 1.84687
161 0.990123 0.838912 599 45281 559 27.4308 10.78 37.322 29.9748 25.4485 405 194 0.209935
162 0.991453 0.960663 608 47407 598 32.2426 2.65169 35.2142 27.3588 26.4303 468 140 0.127844
163 0.947257 0.842402 629 43200 565 32.1713 2.72164 36.4772 30.4854 26.9817 474 155 0.299678
164 0.983834 0.970387 606 67261 570 36.5009 1.50967 41.5455 30.3949 29.8971 433 173 0.244341
165 0.875887 0.995968 688 85240 0 33.9827 2.63742 44.3199 32.1468 36.5191 564 124 2.16406
166 0.962105 0.997817 618 39736 595 34.9005 1.66515 39.1935 28.4303 29.8601 475 143 0.15789
167 0.971134 0.989496 685 82059 0 34.6465 2.40733 43.4245 30.6926 31.3854 485 200 2.13344
168 0.985612 0.911308 564 67827 0 33.4934 3.76763 38.548 30.5327 27.9165 417 147 1.51215
169 0.994801 0.789546 738 98424 0 32.3348 4.26424 46.0503 45.3254 35.3078 577 161 2.48538
170 0.863063 0.985597 720 68446 0 35.5568 1.07977 46.4953 31.0103 35.4283 555 165 2.30914
171 0.934483 0.755927 756 66510 0 34.6747 1.76693 48.1458 45.8193 37.0563 580 176 2.53932
172 0.946154 0.953488 658 61628 0 35.9977 1.51233 45.0484 35.7994 36.3141 520 138 1.93958
173 0.663102 0.751515 687 61411 454 33.0551 3.18641 42.1493 29.9316 34.309 561 126 0.881354
174 0.898911 0.974705 823 94894 0 33.7791 2.26538 47.5007 34.4814 37.9209 643 180 3.0204
175 0.906667 0.959677 750 99294 549 33.5003 2.6336 47.1674 30.4708 33.1064 525 225 0.597972
176 0.523381 0.598765 756 80454 543 32.3686 4.9744 48.3211 30.4394 34.7648 556 200 0.954188
177 0.524793 0.619512 646 70592 467 35.5261 1.68006 42.4447 25.9855 31.6586 484 162 0.713935
178 0.918567 0.987741 798 86086 0 33.0543 2.50114 49.9558 35.3411 37.9856 614 184 2.82386
179 0.943739 0.97561 686 74133 0 32.095 4.9505 46.1771 35.5143 36.5894 551 135 2.14164
180 0.973094 0.698873 654 63217 0 31.1014 4.98401 41.3302 39.1387 27.121 446 208 1.93563
181 0.950287 0.93597 677 71515 0 36.2122 1.03064 44.0237 34.6891 34.1389 523 154 2.06596
182 0.747148 0.698046 702 59996 0 32.3172 2.06141 39.8429 31.4726 30.3199 526 176 2.23275
183 0.932653 0.90495 654 57324 599 33.5298 2.11055 39.9756 30.1537 29.519 490 164 0.290571
184 0.981096 0.988571 679 52778 0 31.855 3.96627 41.7051 32.0903 32.4871 529 150 2.04737
185 0.8413 0.934183 644 47769 585 35.1102 1.76966 41.6723 30.4967 34.0164 523 121 0.289065
186 0.918164 0.952381 700 82972 0 35.3794 1.08094 45.6834 30.9653 31.4529 501 199 2.2522
187 0.957871 0.716418 654 74245 0 33.2286 2.80676 43.2557 40.3846 29.2454 451 203 1.95102
188 0.985577 0.70568 590 52030 0 36.6594 0.659662 40.7673 40.3032 28.9362 416 174 1.60382
189 0.981651 0.901053 631 49844 560 30.8099 6.65566 39.4202 29.7839 27.5021 436 195 0.324352
190 0.884752 0.959615 715 66809 0 33.2365 2.53117 44.8104 31.834 35.1463 564 151 2.2942
191 0.96679 0.983114 680 59398 0 32.9489 3.76599 43.4474 33.9156 34.5349 542 138 2.03909
192 0.963783 0.983573 664 80330 0 35.9004 2.13908 47.1594 34.8971 35.6247 497 167 2.03031
193 0.943262 0.985185 585 70315 541 33.4959 1.48795 36.7602 24.7401 25.845 423 162 0.266956
194 0.975771 0.982262 595 68387 570 36.0218 1.30214 41.8027 30.5529 30.8266 454 141 0.210097
195 0.897143 0.706147 733 58495 0 30.6142 5.05752 42.1023 38.2131 30.4124 525 208 2.40033
196 0.994 0.930712 670 42636 0 34.8832 2.40014 43.8023 35.5578 33.4845 500 170 2.00178
197 0.945607 0.951579 701 65951 647 33.9675 3.06946 44.2256 30.4913 30.6966 478 223 0.322432
198 0.962704 0.947248 607 99978 573 37.7877 0.420624 43.0474 30.4844 29.7769 429 178 0.294783
199 0.696121 0.646 644 53207 454 32.7738 2.92792 39.2121 30.3043 27.8305 464 180 0.726362
200 0.972477 0.963636 578 83359 535 34.3157 1.77131 39.2543 27.8811 27.7929 436 142 0.285821
201 0.858907 0.997951 629 63075 0 29.9604 6.73659 40.4615 31.4387 36.5282 567 62 1.59456
202 0.933045 0.915254 727 73854 667 35.5743 1.24549 46.6883 30.2275 29.7018 463 264 0.379248
203 0.73201 0.610766 601 72782 514 31.8267 3.17817 36.3694 29.0488 22.2908 403 198 0.36292
204 0.953846 0.94898 794 89798 0 34.6531 1.60513 46.3314 35.0469 35.2278 585 209 2.80833
205 0.97093 0.967181 708 96870 0 35.9254 1.15943 46.2461 34.3073 33.9821 516 192 2.31317
206 0.935556 0.956818 682 56659 644 34.7034 2.24823 42.494 27.5895 28.2794 450 232 0.247084
207 0.995134 0.908889 587 50911 566 36.9934 1.95676 38.3449 30.273 27.2155 411 176 0.190094
208 0.967495 0.988281 672 44399 661 32.4817 3.70899 40.0091 29.5955 30.1697 523 149 0.136702
209 0.972826 0.950442 767 62204 0 36.7878 1.02116 48.8233 37.0431 35.9527 552 215 2.58176
210 0.54291 0.655405 690 76642 394 33.9253 1.43383 41.9214 26.5396 32.2216 536 154 1.11749
211 0.486034 0.538144 762 78009 485 34.4453 2.2951 48.0089 30.5472 31.551 537 225 1.16871
212 0.977273 0.951327 570 47901 518 37.2516 0.855194 38.8067 30.0713 29.2702 440 130 0.245382
213 0.867698 0.974903 786 72354 0 34.6221 1.58229 47.6513 32.0209 35.983 582 204 2.724
214 0.826667 0.685083 667 75683 0 34.519 1.7362 42.0936 34.5101 28.1478 450 217 2.03519
215 0.828185 0.705592 703 63524 0 34.0169 2.20365 43.0032 37.1561 32.8657 518 185 2.1833
216 0.88972 0.979424 678 100689 625 33.0327 2.05822 42.7532 30.4099 33.478 535 143 0.392209
217 0.626168 0.590308 619 87030 420 35.8663 1.59841 40.7791 29.2266 27.6477 428 191 0.752137
218 0.996 0.690707 752 80781 0 38.4283 0.412227 54.8047 52.4415 34.3963 500 252 2.53286
219 0.964211 0.970339 613 66299 0 37.2533 0.942085 42.0515 32.713 32.7493 475 138 1.74498
220 0.974257 0.966601 624 64985 565 32.4564 2.29616 37.0919 30.2577 30.1529 505 119 0.300549
221 0.924569 0.91863 644 71669 534 32.978 2.48584 38.9412 28.1244 27.942 464 180 0.484002
222 0.889447 0.69685 553 43994 0 32.4296 3.64307 35.268 32.433 22.1174 398 155 1.37039
223 0.757937 0.795833 720 76924 571 33.0411 3.34216 42.937 27.1871 28.8788 504 216 0.678421
224 0.867672 0.975518 822 80841 0 35.3317 1.91253 49.3542 32.613 36.0114 597 225 2.98194
225 0.934426 0.966102 625 51963 564 33.1233 2.47784 37.444 28.6292 29.672 488 137 0.295816
226 0.92381 0.979798 706 59896 638 33.3593 2.46346 43.1793 30.3715 32.1395 525 181 0.355571
227 0.919492 0.805195 586 63960 0 34.3553 1.29866 38.3395 35.5317 31.3366 472 114 1.57413
228 0.8725 0.991477 579 77626 563 39.7199 0.278883 43.6709 24.455 28.1676 400 179 0.199132
229 0.91439 0.980469 701 57689 660 32.7983 2.44459 41.9573 30.547 32.8154 549 152 0.282056
230 0.987835 0.953052 566 71587 514 35.9936 1.19615 36.6241 27.7915 26.7528 411 155 0.270935
231 0.890359 0.991579 654 79664 0 33.9474 2.34904 42.1136 30.8939 34.6321 529 125 1.936
232 0.913934 0.963283 579 62392 519 34.5318 1.82437 37.4099 30.2219 31.5996 488 91 0.312173
233 0.901328 1 566 70009 0 30.3913 8.40371 37.9861 32.0746 35.6646 527 39 1.44388
234 0.997802 0.976344 613 56952 598 25.9579 11.3548 35.4007 26.8422 26.3032 455 158 0.160235
235 0.49692 0.548753 709 63696 492 33.1321 4.99515 44.828 26.9346 30.8097 487 222 0.87356
236 0.879865 1 757 77539 0 36.4004 1.35964 51.26 31.2814 35.8743 591 166 2.52685
237 0.983229 1 683 46986 671 33.3997 2.94569 40.0971 27.728 28.3059 477 206 0.140789
238 0.966469 0.985915 711 72339 0 32.4341 5.5805 47.1768 33.2036 33.8222 507 204 2.2854
239 0.924528 0.946352 638 59360 570 33.7001 1.84347 40.2555 29.2899 30.1847 477 161 0.331511
240 0.941296 0.972803 703 61216 660 34.4085 1.80005 44.1193 29.7406 30.5052 494 209 0.277574
241 1 0.409692 228 6259 227 9.03256 29.4702 12.2129 12.2129 4.80801 93 135 0.0150861
242 0.967249 0.681538 666 59603 0 31.9007 5.43264 44.0008 43.1603 29.2871 458 208 2.01812
243 0.925993 0.986538 688 64924 616 31.5272 3.50258 39.8483 30.5133 32.1699 554 134 0.377901
244 0.980603 0.881783 644 50401 0 30.1798 7.57368 41.3726 32.4207 29.1139 464 180 1.88372
245 0.930279 0.947262 744 115960 671 34.7585 1.50521 47.3141 30.3644 30.919 502 242 0.494111
246 0.986717 0.796325 743 65803 0 33.9707 3.20235 47.5763 42.0768 34.1379 527 216 2.43411
247 0.919499 0.986564 659 85392 0 31.6242 6.01322 41.0483 32.7322 34.9812 559 100 2.00421
248 0.925651 0.752266 712 68328 0 35.5809 1.54664 47.9019 44.9011 37.5569 538 174 2.26191
249 0.981439 0.905782 589 51712 538 35.2571 2.05674 37.9206 29.9597 27.7805 431 158 0.270435
250 0.897727 0.985447 653 69238 0 33.7706 3.83238 43.4849 31.7425 34.6253 528 125 1.92895
251 0.976048 0.91573 683 65066 0 35.9592 2.74321 47.463 37.1015 34.9459 501 182 2.08581
252 0.911422 0.759223 557 32151 532 29.208 5.92786 32.8218 30.0762 24.4027 429 128 0.139092
253 0.872038 0.734531 578 57641 0 33.1962 2.77205 36.5671 31.6889 26.9137 422 156 1.52619
254 0.888889 0.890625 762 97484 0 36.5748 0.882112 51.7573 33.9775 33.7933 513 249 2.62292
255 0.971602 0.965726 690 49277 665 31.3645 5.4987 43.8428 30.5167 30.4785 493 197 0.192654
256 0.978155 0.82582 559 63348 484 32.495 2.02442 33.6934 29.3149 24.5766 412 147 0.34575
257 0.958015 0.972868 731 62018 637 35.0895 1.55631 44.6389 30.577 30.8708 524 207 0.459017
258 0.960432 0.996269 714 80030 0 34.8475 1.88979 46.0978 32.9112 34.3642 556 158 2.29128
259 0.930693 0.941884 643 69220 0 32.9995 3.14471 41.7727 32.26 32.7694 505 138 1.88864
260 0.951644 0.98008 720 101150 684 34.4534 1.6699 43.9862 30.5178 31.3026 517 203 0.349376
261 0.986928 0.984783 598 48636 587 29.5978 7.53538 36.7314 28.1983 28.1875 459 139 0.13256
262 0.945055 0.767857 586 89692 0 33.3226 1.999 37.0406 35.1571 28.3445 455 131 1.60263
263 0.992509 0.772595 691 80993 0 36.0413 1.28517 45.0112 44.8192 32.6424 534 157 2.19075
264 0.944923 0.919598 780 77434 0 33.9912 2.04741 48.6088 36.964 36.0181 581 199 2.70278
265 0.850598 0.938462 646 51185 584 34.7627 1.45533 39.4483 28.3538 31.0366 502 144 0.304645
266 0.563492 0.620087 693 63746 432 35.7101 0.765724 44.1925 30.1834 32.0333 504 189 1.01721
267 0.977901 0.994382 722 81910 684 34.2314 1.83787 40.6371 30.5005 31.1213 543 179 0.28774
268 0.94332 0.937626 626 51485 528 30.8874 3.86682 37.5668 30.1994 29.8853 494 132 0.423382
269 0.891122 0.996255 709 60732 0 32.054 2.69375 41.7288 30.941 35.5056 597 112 2.23049
270 0.924812 0.982036 705 74022 0 33.8475 1.86596 43.7092 30.9365 33.1528 532 173 2.22747
271 0.827804 0.954463 843 75791 0 32.9378 3.1437 48.1514 32.501 37.3295 633 210 3.11807
272 0.948413 0.977505 658 43858 628 33.8768 2.37135 40.0737 29.7169 30.4798 504 154 0.192027
273 0.618151 0.742798 719 71837 485 33.8301 2.18866 44.3854 29.5406 36.0896 584 135 0.965608
274 0.6337 0.731501 675 60479 461 34.4797 1.62358 40.1416 27.6009 32.8761 546 129 0.813636
275 1 0.567134 500 31636 499 18.9317 19.886 29.8588 29.8588 16.633 283 217 0.0759028
276 0.674286 0.695481 740 63491 565 32.6375 3.38757 45.1778 30.5418 31.9205 525 215 0.764794
277 0.904483 0.989339 728 111313 637 34.9616 1.84362 48.6774 30.4436 33.1722 513 215 0.550072
278 0.365657 0.427896 740 89247 535 36.8775 0.867721 51.8482 29.0933 34.4879 495 245 0.915215
279 0.895795 0.931559 707 50818 591 29.8964 6.65404 39.6292 30.2901 31.4061 547 160 0.525008
280 0.885177 0.754448 618 53853 0 34.0128 2.21197 40.424 36.747 30.7409 479 139 1.72507
281 0.891635 0.943662 736 91080 0 35.616 2.29087 47.7796 32.3866 33.8603 526 210 2.4383
282 0.871743 0.889571 702 82027 598 34.1842 1.47942 43.7925 30.5286 31.3974 499 203 0.521688
283 0.925926 0.963391 679 55245 0 34.2273 2.05823 42.6438 33.25 34.6928 540 139 2.05149
284 1 0.473214 337 10742 336 13.9284 24.5592 18.5035 18.5035 8.81571 159 178 0.0265111
285 0.842105 0.873294 770 85314 667 33.0137 1.81158 45.9788 30.002 31.5065 532 238 0.525358
286 0.968343 0.928571 750 77633 0 33.3482 2.70615 47.6387 34.3323 32.8604 537 213 2.53728
287 0.856597 0.765812 687 68411 0 32.9948 2.18123 42.2675 35.3645 32.2789 523 164 2.1204
288 0.920696 0.97541 694 71086 0 35.5936 1.60213 45.9316 31.5063 33.627 517 177 2.18307
289 1 0.795337 387 27958 386 14.2233 23.8798 22.1583 22.1583 17.7057 307 80 0.0574657
290 0.856031 0.892495 715 71770 617 33.5175 1.70184 42.4441 28.5357 30.1697 514 201 0.484067
291 0.960905 0.779633 620 57057 0 32.7142 1.98722 35.9863 34.747 28.0744 486 134 1.76457
292 0.994382 0.972527 551 29524 542 21.811 16.7322 32.3418 21.227 20.6778 356 195 0.0900692
293 0.947826 0.933619 676 93577 604 36.0561 1.33458 45.0422 30.1646 30.0527 460 216 0.41801
294 0.526221 0.632609 728 80507 442 34.1843 2.00743 41.9643 26.5356 32.3831 553 175 1.16081
295 0.985537 0.832461 595 45310 0 29.2147 6.56537 36.232 34.8691 29.211 484 111 1.60284
296 0.855576 0.981132 716 80139 0 35.0269 1.85185 47.9777 31.9139 36.5543 547 169 2.29479
297 0.783664 0.715726 604 57558 482 30.1091 6.99634 37.2355 30.4745 27.1582 453 151 0.498336
298 0.930579 0.969019 756 73934 0 33.4258 2.79697 46.1467 35.6035 37.2486 605 151 2.53345
299 0.980237 0.830821 640 45981 0 32.3987 4.98836 38.919 36.5996 30.3928 506 134 1.81279
300 0.898876 0.989691 683 69583 638 34.197 1.82904 41.0687 28.733 31.8293 534 149 0.316928
301 0.904494 0.838542 695 61803 0 34.1622 1.17532 40.6707 33.8383 31.1667 534 161 2.14542
302 0.931707 0.765531 579 52523 520 31.7565 2.89208 35.1386 29.9449 23.9048 410 169 0.295064
303 0.604167 0.591837 690 84972 451 33.5333 2.6628 43.4561 30.088 29.7179 480 210 0.942884
304 0.523913 0.550228 682 68577 408 35.4305 1.46583 45.5079 28.9445 31.1697 460 222 1.04046
305 0.869875 0.964427 768 65549 0 33.0768 4.31704 48.4114 31.4067 34.5403 561 207 2.62667
306 0.995671 0.995671 595 52633 585 30.866 7.35267 40.1629 30.5183 30.4973 462 133 0.139329
307 0.961806 1 751 60539 0 34.9736 1.58718 45.388 32.7984 33.9769 576 175 2.46854
308 0.97254 0.990676 600 75335 569 37.8451 0.759414 41.9838 30.4878 30.8731 437 163 0.232826
309 0.875205 0.998127 807 110633 0 35.5535 1.27373 53.0436 35.0457 40.3463 609 198 2.96199
310 0.947126 0.95814 607 48513 582 29.6556 6.6135 38.1833 27.0526 27.1012 435 172 0.1746
311 0.8322 0.792657 539 63940 379 36.2484 1.12862 35.4783 30.4399 28.8136 441 98 0.522954
312 0.908915 0.916016 681 62130 0 33.6312 1.87098 41.4758 30.835 31.8009 516 165 2.07786
313 0.979452 0.888199 645 77566 0 36.0202 0.729703 41.3914 31.3332 28.679 438 207 1.91319
314 0.888636 0.859341 593 60557 512 35.1106 1.22004 39.3691 30.1057 29.0816 440 153 0.361622
315 0.974843 0.987261 638 65276 626 35.0334 1.62847 39.1055 28.8208 29.0163 477 161 0.171024
316 0.52974 0.587629 745 96020 455 35.9745 1.12229 47.5387 30.0666 34.3651 538 207 1.22028
317 0.930417 0.985263 655 84216 583 34.5777 2.04033 42.1742 30.3715 32.2855 503 152 0.399529
318 0.950739 0.973109 789 82369 0 32.9204 3.43146 50.0862 38.3594 38.8998 609 180 2.79668
319 0.997669 0.739206 626 74227 0 37.2292 2.26865 44.1764 40.6409 29.9573 429 197 1.80531
320 0.958159 0.925253 588 62694 544 32.0561 3.06405 35.8857 29.5835 28.5702 478 110 0.249713
321 0.905512 0.982906 645 87734 553 33.902 0.929952 41.1685 30.5173 33.0721 508 137 0.480036
322 0.944134 0.975 715 81559 661 34.224 1.93118 42.2724 30.343 31.4076 537 178 0.35604
323 0.844098 0.753479 580 38738 484 32.6645 2.71348 35.0315 30.1946 27.3267 449 131 0.355716
324 0.665377 0.721174 651 49737 373 35.353 1.49266 40.9503 30.0045 32.4749 517 134 0.970047
325 0.872549 1 675 81024 605 37.8513 1.52383 48.6295 29.8397 34.0574 510 165 0.398222
326 0.988235 0.9375 570 70849 530 35.1149 1.81937 38.534 30.0491 28.5176 425 145 0.257147
327 0.922027 0.95171 722 50200 0 32.7675 2.68721 44.1923 30.914 32.0549 513 209 2.32173
328 0.950192 0.99002 528 62763 506 25.6782 11.1788 31.9467 30.4456 31.5274 522 6 0.149892
329 0.930337 0.95612 620 75928 568 34.123 1.96498 38.4863 27.005 27.7483 445 175 0.309649
330 0.913127 0.975258 736 86578 681 33.9071 2.63639 44.4872 29.7389 31.9042 518 218 0.372439
331 0.960552 0.934741 677 77672 625 33.3904 1.97781 40.2848 29.7875 28.7402 507 170 0.348289
332 0.97381 0.699145 608 63983 0 34.7796 0.786527 40.4325 38.9008 26.2984 420 188 1.68863
333 0.957944 0.938215 616 78038 586 34.5005 2.28932 41.0555 29.5025 28.5983 428 188 0.242839
334 0.935986 0.971275 748 65829 0 32.8137 4.32628 44.5448 33.7893 35.0733 578 170 2.5229
335 1 0.81741 540 38275 532 24.5764 14.5543 34.1467 29.4697 23.6848 385 155 0.100317
336 0.960302 0.754829 713 62192 0 32.8249 2.71101 39.3753 37.441 29.8737 529 184 2.27525
337 0.944444 0.974308 648 41882 0 34.0975 2.36608 40.421 31.5475 32.3767 522 126 1.86863
338 0.57393 0.657016 675 67025 468 35.4931 1.17605 42.8873 27.6604 32.6767 514 161 0.802149
339 0.90835 0.973799 650 50390 612 33.0918 1.93772 39.6516 27.0054 29.4306 491 159 0.225817
340 0.449735 0.550756 781 67178 516 36.0781 1.78155 50.3421 30.4399 36.0811 567 214 1.12344
341 0.853659 0.709459 671 55604 0 32.3185 4.07977 43.2359 38.1708 30.4925 492 179 2.00737
342 0.865455 0.85 744 65291 0 35.7461 2.06472 48.7176 37.0179 36.6117 550 194 2.47562
343 0.970667 0.965517 503 42932 488 34.9668 2.67694 34.4636 26.2023 26.2022 375 128 0.123807
344 0.496881 0.554524 681 108108 463 37.5085 1.54479 47.6915 27.0016 34.8872 481 200 0.936452
345 0.977178 0.995772 682 58248 664 29.9188 8.14041 43.0843 27.8232 28.4975 482 200 0.185569
346 0.711409 0.658385 643 79512 435 32.6547 3.01401 40.712 30.4862 28.2706 447 196 0.796205
347 0.570934 0.6875 730 61687 465 33.8814 2.58444 45.9285 29.4882 35.6587 578 152 1.06133
348 0.923387 0.936605 668 64301 584 34.9354 1.03867 41.3187 30.0783 30.674 496 172 0.431627
349 1 0.995455 583 39700 575 27.4898 10.9516 38.0848 28.3274 28.2189 438 145 0.108188
350 0.823661 0.736527 587 47206 502 32.7033 2.08764 35.1462 30.1662 26.9115 448 139 0.341315
351 0.973196 1 641 61579 625 35.4668 1.28773 42.8278 28.9529 29.7165 485 156 0.167924
352 0.970833 0.966805 677 59148 636 32.0302 3.45275 43.0058 30.3319 29.9294 480 197 0.261368
353 0.89414 0.955556 690 70659 0 34.3198 1.95389 44.6555 32.4452 34.5736 529 161 2.07003
354 0.872987 0.964427 738 86284 0 35.044 1.00408 44.2228 30.6755 34.1249 559 179 2.45031
355 0.972477 0.968037 580 60869 555 34.0911 2.50592 36.6592 27.5392 27.4513 436 144 0.192912
356 0.992857 0.997608 553 28032 546 23.3044 13.4072 31.3071 23.4866 23.604 420 133 0.0820292
357 0.659292 0.597194 664 49112 435 30.2608 6.68312 40.8333 30.4148 27.0873 452 212 0.84329
358 0.819106 0.688889 677 76379 0 34.1713 1.57317 42.2633 36.0007 31.2335 492 185 2.09079
359 0.654102 0.617155 644 64359 423 33.401 1.56887 39.53 29.5749 27.8364 451 193 0.799627
360 0.986301 0.975169 622 41401 591 34.8739 1.71802 37.9489 27.5377 27.3837 438 184 0.188834
361 0.788785 0.857724 658 75337 560 34.4406 1.45592 40.544 30.3129 33.0796 535 123 0.472
362 0.997462 0.88914 574 47262 549 35.9908 1.26833 38.0353 28.6524 25.7167 394 180 0.169273
363 0.967391 0.98234 626 49287 597 34.4776 2.25443 41.018 29.1721 29.8611 460 166 0.190389
364 0.904936 0.946463 724 91605 651 34.7927 2.12588 43.2912 30.4859 31.6327 547 177 0.452716
365 0.921875 0.936508 605 56651 568 32.3697 5.20426 40.0676 29.184 29.484 448 157 0.225451
366 0.975446 0.914226 621 79761 546 34.3503 2.33817 39.7258 30.3527 28.4743 448 173 0.378469
367 0.941392 0.966165 729 76754 0 34.8426 1.70871 47.4458 33.9101 34.7576 546 183 2.39771
368 0.709865 0.74898 647 78685 349 33.5082 1.91364 40.2178 30.1645 32.1392 517 130 1.07822
369 0.923554 0.965443 685 72290 620 33.945 2.25723 41.6432 27.158 28.5935 484 201 0.369795
370 1 1 504 35045 501 23.7677 12.7314 27.9845 27.9845 27.9845 503 1 0.0752557
371 0.975758 0.964072 657 62504 0 35.0768 2.03098 46.021 34.1946 33.9273 495 162 1.96449
372 0.976344 0.978448 689 105536 662 36.4077 1.09699 46.2828 29.3595 29.5474 465 224 0.296734
373 0.956023 0.992063 716 68891 695 29.9117 7.02851 43.5949 30.505 31.6911 523 193 0.215066
374 0.967742 0.865979 648 45849 0 34.3542 2.41479 41.7786 31.7168 28.2125 434 214 1.88207
375 0.949698 0.930966 643 55260 572 31.5033 3.58704 37.0848 29.3547 29.0759 497 146 0.331841
376 0.945205 0.940909 600 69225 574 34.3939 1.89365 38.6001 28.2067 28.2843 438 162 0.212054
377 0.961847 0.985597 645 74334 606 33.5108 2.7484 39.9551 30.0997 30.9493 498 147 0.288141
378 0.773438 0.968689 828 94471 0 32.4658 4.14582 50.1048 31.141 38.3785 640 188 3.05917
379 0.934579 0.761035 737 77649 0 33.5014 3.27587 45.582 41.0144 33.5133 535 202 2.44385
380 0.90927 0.898635 714 112052 0 36.1311 0.761267 48.7398 35.3881 34.7204 507 207 2.35333
381 1 0.636546 499 28123 498 23.3338 13.6333 29.6137 29.6137 18.7739 317 182 0.063014
382 1 0.738854 633 52267 0 35.5601 1.82004 41.702 41.3049 31.024 464 169 1.80912
383 0.911661 0.975425 744 96533 0 37.4042 1.03958 53.2678 37.2585 39.5421 566 178 2.51513
384 0.567951 0.576132 702 55362 444 34.8974 1.8819 44.0711 30.2082 30.4329 493 209 0.976164
385 0.942177 0.978799 720 64264 0 33.1395 3.2921 43.0775 34.2272 35.7124 588 132 2.33239
386 0.929791 0.997963 717 79372 0 35.113 1.91156 47.3044 30.9079 33.111 527 190 2.3067
387 0.948276 0.906593 700 60202 0 34.1366 2.68797 44.5272 34.2539 32.5132 522 178 2.19353
388 0.802846 0.958738 649 80783 589 33.7444 1.90541 39.7261 25.3464 30.6822 492 157 0.328042
389 0.811448 0.979675 764 67066 611 33.4099 2.74089 46.2552 29.7818 36.4647 594 170 0.71952
390 0.497268 0.583333 752 102962 542 35.7982 1.43924 49.6703 30.0208 33.7867 549 203 0.976873
391 0.924949 0.980645 638 72549 584 33.0137 1.67364 41.2981 30.0843 32.3781 493 145 0.318598
392 0.977083 0.726006 668 82261 0 34.8778 2.29289 42.5793 41.2472 29.2318 480 188 2.02905
393 0.891847 0.940351 802 119813 0 34.7883 1.56273 50.8642 35.4529 38.5314 601 201 2.90985
394 0.78125 0.726141 584 45822 479 32.1217 3.14205 36.1694 29.7288 27.7378 448 136 0.390394
395 0.986014 0.942094 623 60402 0 36.0224 1.81908 42.4868 31.1762 29.7957 429 194 1.75585
396 0.950787 0.96988 672 52932 634 33.3764 2.20565 42.0621 29.8263 30.3973 508 164 0.236811
397 0.95858 0.997947 724 110750 0 33.8681 1.91132 47.5597 31.1951 32.6872 507 217 2.42871
398 0.467257 0.567742 774 97399 548 36.6257 1.16325 49.2227 30.282 36.3186 565 209 1.04792
399 0.976027 0.974359 732 115487 0 36.0663 1.95214 48.9758 39.3518 39.3262 584 148 2.44455
400 0.971193 0.983333 623 49247 0 31.7076 4.14657 39.9373 31.5375 31.9091 486 137 1.7204
401 0.910747 0.990099 735 65325 688 33.5655 3.32331 50.0469 30.5782 33.1718 549 186 0.303367
402 0.842276 0.957486 799 83307 0 31.3884 6.40346 51.4393 34.5713 39.3622 615 184 2.84164
403 0.995392 0.993103 553 68487 0 37.0897 0.683188 38.5702 30.7603 30.6814 434 119 1.43891
404 0.956044 0.9375 634 75896 565 33.5199 1.71944 40.9994 30.2557 29.7606 455 179 0.362031
405 0.668616 0.680556 681 49421 645 30.4978 5.61702 39.6519 29.21 29.6203 513 168 0.227251
406 1 0.652268 464 23523 463 27.5267 11.321 29.5812 29.5812 18.9253 302 162 0.0532951
407 0.995434 0.986425 595 40259 583 36.432 2.09046 38.4866 27.8671 27.6302 438 157 0.122014
408 0.976695 0.976695 605 49655 577 32.9565 4.12395 39.0875 30.508 30.6435 472 133 0.201977
409 0.942238 1 648 79935 0 36.0025 1.84621 43.8409 35.6313 37.6943 554 94 1.92977
410 0.98998 0.932075 687 92145 0 35.9097 1.34939 47.1582 36.5569 34.5523 499 188 2.16985
411 0.772043 0.697087 631 47316 516 32.4437 2.0399 37.5659 30.4099 26.9976 465 166 0.45531
412 0.96281 0.94332 652 45424 611 24.3004 13.3624 39.4769 28.836 28.136 484 168 0.231056
413 0.962193 0.998039 674 60548 0 36.3272 1.20543 45.1842 34.177 35.318 529 145 2.02688
414 0.517668 0.602881 760 107391 491 34.5263 2.40096 46.0971 29.3577 33.3774 566 194 1.19494
415 0.951172 0.960552 633 53772 606 31.1556 4.03692 36.1643 29.2128 29.5968 512 121 0.194969
416 1 0.575 521 27461 520 20.7099 17.2901 29.9798 29.9798 16.6926 299 222 0.0632889
417 0.578732 0.643182 649 75136 516 38.6326 0.298021 44.726 29.7256 32.1852 489 160 0.586129
418 0.987124 0.699088 669 51176 0 34.8779 2.01015 42.3987 41.6903 29.6295 466 203 1.97969
419 0.995671 0.722135 640 45220 0 32.5578 5.34193 43.7623 43.6279 28.4865 462 178 1.86143
420 0.926366 0.728972 572 40593 545 29.414 5.36294 32.1869 30.325 23.3639 421 151 0.162352
421 0.936508 0.979253 686 74649 0 34.4389 1.57927 43.5926 30.7078 32.0333 504 182 2.13496
422 0.936709 0.984791 706 83853 0 34.745 2.17946 43.9121 32.7442 34.4631 553 153 2.27227
423 0.962422 0.985043 694 54635 671 33.1308 2.23832 42 27.6219 28.2372 479 215 0.196409
424 0.992974 0.976959 527 50249 494 36.1816 1.14233 35.4396 29.273 28.8902 427 100 0.180502
425 0.924603 0.991489 679 111216 579 34.4477 2.2013 44.334 30.2769 32.364 504 175 0.548486
426 0.946309 0.961364 580 50058 420 34.5531 4.2154 39.0322 30.1099 30.2839 447 133 0.197092
427 1 0.610417 481 29486 480 22.4094 15.6872 30.0754 30.0754 17.7677 293 188 0.0653239
428 1 0.610979 420 23138 419 19.4428 19.6915 25.7201 25.7201 15.5113 256 164 0.0518629
429 0.941327 0.913366 572 51446 524 33.6008 1.82629 34.491 24.367 23.5205 392 180 0.238631
430 0.95186 0.736041 620 47440 0 30.0688 7.22432 38.7838 37.1084 28.4719 457 163 1.68115
431 0.949561 0.947484 621 51947 544 36.094 0.994213 42.4105 30.414 30.3991 456 165 0.360187
432 0.917466 0.983539 692 112055 0 34.2307 2.29353 45.7115 31.0965 33.0473 521 171 2.20206
433 0.929066 0.990775 716 55592 0 32.529 3.82326 43.2304 32.9749 35.2913 578 138 2.26877
434 0.574427 0.600798 741 89096 452 34.6151 2.44244 44.8108 30.0001 32.7425 524 217 1.18441
435 0.715536 0.671458 621 58250 305 33.8268 1.95273 38.4943 30.4884 27.7251 457 164 1.0312
436 0.817978 0.938144 615 61498 569 32.4471 1.98735 36.0062 22.4849 26.4241 445 170 0.264912
437 0.920664 0.986166 603 43882 582 28.439 8.00578 36.9725 30.4862 33.216 542 61 0.155283
438 0.990499 0.988152 529 42763 515 37.1081 1.16725 37.3721 29.1434 29.2116 421 108 0.124013
439 0.974155 0.976096 614 62902 599 33.9817 2.28867 37.3649 30.4721 30.6639 503 111 0.17394
440 0.893709 0.784762 586 55480 514 31.2723 3.51176 34.0479 30.2487 26.2976 461 125 0.319183
441 0.939781 0.980952 690 72338 0 32.946 4.51255 44.7423 34.5851 36.2628 548 142 1.64662
442 0.596491 0.595186 646 60538 447 34.9545 1.79546 42.0595 30.2192 29.3857 456 190 0.752039
443 0.966 0.723054 688 54950 0 34.592 1.80133 44.7686 43.6916 31.1916 500 188 2.12467
444 0.588933 0.586614 737 79822 459 32.9425 2.17592 42.8781 29.6162 29.448 506 231 1.13752
445 0.984163 0.9375 695 55897 0 31.1558 6.14717 46.4607 30.8342 29.3702 442 253 2.16431
446 0.840804 0.973166 786 103266 0 34.9365 2.48423 53.0085 37.9272 43.2384 647 139 2.7762
447 0.952703 0.839286 529 48766 509 30.6939 4.46737 31.6499 30.1252 26.8468 444 85 0.150697
448 0.962264 0.977011 742 93088 0 38.0543 0.516344 51.0535 35.5397 36.3516 530 212 2.50729
449 0.95082 0.95082 724 104053 0 36.9223 1.06489 49.4725 32.8193 32.52 488 236 2.41858
450 0.933723 0.983573 723 65848 693 33.9422 1.24524 42.7388 28.5031 30.3103 513 210 0.248901
451 0.955823 0.931507 656 55706 0 32.7969 3.12927 41.7362 33.3754 32.4636 498 158 1.9315
452 0.974138 0.95966 614 41757 591 32.8826 3.1606 37.5164 28.2428 28.1544 464 150 0.158754
453 0.657143 0.775794 711 83634 501 32.2968 3.86499 42.7231 30.4335 36.5314 595 116 0.896909
454 0.942263 0.87931 591 50416 539 30.7546 4.48757 37.2444 29.0356 27.3856 433 158 0.254894
455 0.980496 0.747297 753 102046 0 33.9773 1.58682 47.2656 46.6051 33.9653 564 189 2.5691
456 0.747212 0.754221 676 52965 558 30.2107 4.45926 38.4945 29.7702 30.9875 538 138 0.514516
457 0.973684 0.766575 742 74764 0 35.5668 1.47293 47.5922 46.7161 36.5673 570 172 2.46415
458 0.992147 0.984416 574 58848 542 39.0213 0.180898 37.8697 25.4877 25.2995 382 192 0.2046
459 0.962025 0.944938 679 72947 0 34.468 1.92005 44.7277 37.1829 36.4044 553 126 2.02241
460 0.928 0.968685 616 65228 0 37.5077 0.396625 42.9112 33.1583 34.8179 500 116 1.7546
461 0.936015 0.946396 699 96960 0 34.1229 1.67929 44.0092 34.5084 34.4899 547 152 2.22755
462 0.942431 0.920833 667 89865 611 33.8439 2.26897 43.0071 29.3292 29.2998 469 198 0.34939
463 0.781705 0.758065 602 48327 550 30.7992 4.74499 37.3836 30.2638 30.451 481 121 0.255468
464 0.693405 0.785859 670 67043 467 34.3823 1.95849 39.4244 29.9316 33.4435 561 109 0.787045
465 0.980609 0.698225 525 61444 511 33.1335 2.32714 31.4776 30.3451 21.9554 361 164 0.152951
466 0.67193 0.700183 745 89343 419 34.2653 1.27614 41.9475 30.3302 32.837 570 175 1.33993
467 0.591474 0.723913 716 110564 438 35.3745 0.994056 46.7289 28.74 36.547 563 153 1.16349
468 0.959335 1 542 38236 531 23.9798 12.8134 31.4929 30.3642 31.4929 541 1 0.109304
469 0.944215 0.984914 604 50626 586 28.1195 7.89894 34.8623 27.1376 28.3406 484 120 0.158143
470 0.929336 0.725753 645 85859 0 36.219 1.32086 44.9963 42.0513 32.8362 467 178 1.93001
471 0.461216 0.591398 629 48677 627 33.3873 3.31432 41.1874 22.8177 28.9236 477 152 0.117065
472 0.979167 0.92967 629 51774 608 33.288 3.63745 41.0856 28.7008 27.2079 432 197 0.174564
473 0.922222 0.97456 718 94847 643 33.4289 1.45823 42.6794 29.5723 31.6275 540 178 0.454617
474 0.93295 0.941973 797 82941 0 36.1735 1.36881 51.9338 32.4789 32.4744 522 275 2.83342
475 0.975352 0.966841 766 62847 0 31.1392 6.63742 47.2062 34.734 34.4114 568 198 2.62445
476 0.974194 0.953684 617 60820 580 33.4358 3.44969 40.3227 30.4205 29.7662 465 152 0.241205
477 0.9566 0.981447 669 67224 0 35.0561 2.29149 48.5327 39.2432 40.2608 553 116 2.01392
478 0.982955 0.792366 665 90733 0 35.2862 0.997036 42.6645 42.2293 34.4053 528 137 2.05093
479 0.990196 0.762264 535 35358 0 36.2849 2.04359 38.9748 38.7141 28.5316 408 127 1.28971
480 0.937391 0.987179 738 83947 0 33.6246 2.02518 43.271 32.1099 33.7752 575 163 2.43419
481 1 0.690949 454 31780 453 20.6936 17.4509 26.3558 26.3558 18.2345 313 141 0.0670546
482 0.919708 0.978641 719 93310 0 35.0496 0.821441 44.7852 32.1557 34.1852 548 171 2.35132
483 0.933333 0.973415 672 95731 615 33.102 2.41698 43.2099 30.1747 31.7082 510 162 0.37413
484 0.962656 0.941176 644 58133 613 34.1856 1.91612 39.6135 30.5265 29.8175 482 162 0.219739
485 0.87963 0.987526 773 65086 0 34.163 3.04722 50.4593 31.0702 34.6421 540 233 2.64011
486 0.960938 0.960938 517 40094 501 35.3685 1.53855 33.0188 24.4096 24.6659 384 133 0.121291
487 0.916376 0.988722 746 79301 0 33.6244 2.54949 46.2005 32.9314 35.6786 574 172 2.50678
488 0.979695 0.946078 490 35111 473 34.1349 2.19364 32.3945 27.243 26.4417 394 96 0.111957
489 0.965368 0.733553 632 86398 0 37.9937 0.717224 44.1526 42.5707 32.1908 462 170 1.86014
490 0.701794 0.677489 618 73073 390 34.5151 1.37139 39.2224 29.4984 28.2368 446 172 0.823196
491 0.92418 0.951477 666 61721 580 32.4427 3.37571 42.6136 30.5459 31.2071 488 178 0.406292
492 0.914773 0.962151 676 84781 0 32.8694 2.78968 42.3173 31.7412 33.55 528 148 2.06737
493 0.560086 0.605568 642 68364 473 35.9015 2.73594 44.5439 30.0134 32.4592 466 176 0.662385
494 0.983051 0.76652 543 34797 524 26.7356 11.8288 34.3009 28.34 21.7459 354 189 0.141621
495 0.659524 0.642691 584 69228 364 34.3113 1.8193 37.7949 27.6476 27.5453 420 164 0.747901
496 0.869811 0.972574 744 74345 0 35.2239 1.96835 50.9809 31.5892 35.071 530 214 2.47794
497 0.971275 0.996317 732 74974 0 39.3859 0.570435 53.3496 37.2907 38.3176 557 175 2.41857
498 0.974122 0.963437 680 61348 0 34.1366 1.45308 40.3853 33.0381 32.8143 541 139 2.08912
499 0.964844 0.984064 658 60864 0 34.0001 2.50164 42.125 32.6558 33.4052 512 146 1.95695
500 0.952229 0.782723 795 74049 0 34.5237 1.66897 48.1903 46.2372 37.497 628 167 2.82778
501 0.948207 0.989605 715 89917 0 36.4911 1.13167 45.6062 31.3798 32.8434 502 213 2.32612
502 0.882236 0.940426 646 91067 0 37.1032 0.91191 42.9202 32.0574 34.219 501 145 1.9325
503 0.580517 0.599589 743 97747 506 34.9358 1.466 45.1076 29.2514 30.3357 503 240 1.04583
504 0.916342 0.925344 615 42838 528 31.8623 2.8902 36.1973 30.2574 30.552 514 101 0.347552
505 0.941432 0.842718 602 64138 536 31.0748 3.59539 35.5901 30.1975 26.3266 461 141 0.336785
506 0.958592 0.989316 615 73838 0 32.6727 3.26996 40.8233 31.4898 32.5583 483 132 1.73603
507 0.918367 0.714286 607 70488 0 33.474 1.94964 38.5149 35.7214 27.5893 441 166 1.69979
508 0.986564 0.943119 687 90290 0 35.6982 1.10551 45.0548 36.3491 34.9717 521 166 2.17169
509 1 1 468 43782 467 25.1339 12.1231 28.5781 28.5781 28.5781 467 1 0.0880977
510 0.985915 0.92511 618 80272 584 35.3496 1.15612 40.8837 30.2155 28.3603 426 192 0.256119
511 1 0.691928 621 81940 0 36.014 2.5511 40.9573 40.2328 27.4737 420 201 1.81791
512 0.924829 0.749077 582 44670 0 29.8046 6.5845 36.3089 33.5846 27.6192 439 143 1.52616
513 0.993333 0.687692 684 57304 0 27.7915 9.58355 41.0337 38.8264 26.5596 450 234 2.0988
514 0.878 0.745331 651 72514 0 36.6197 1.00324 45.0606 41.3781 32.1034 500 151 1.92147
515 0.966102 1 713 56501 0 34.7562 2.19034 45.5897 31.4561 32.6564 531 182 2.26451
516 0.980562 0.976344 637 122447 0 38.4262 0.502085 44.8198 31.561 31.272 463 174 1.95883
517 0.946463 0.963035 642 42831 565 32.4054 2.69467 37.5258 29.8373 30.3923 523 119 0.345031
518 0.868852 0.944554 712 69919 638 32.8731 2.08866 42.1343 30.0118 32.3567 549 163 0.380269
519 0.558767 0.599174 750 98936 459 33.5801 3.33008 44.9564 28.7574 30.5098 519 231 1.23223
520 0.903461 0.750378 721 74995 0 33.7939 1.70051 43.0443 40.2313 32.1403 549 172 2.34168
521 0.9 0.997423 615 91546 533 35.3526 2.12109 40.0012 24.6603 27.2461 430 185 0.425648
522 0.923611 0.996255 761 88072 0 37.4777 1.14885 54.441 35.9195 38.402 576 185 2.61749
523 0.984466 0.823052 632 45891 0 33.86 1.8394 40.3032 39.0938 32.3691 515 117 1.80003
524 0.913717 0.625758 700 62884 0 33.8225 1.80946 42.7744 40.5846 27.5848 452 248 2.20704
525 0.978541 0.968153 622 98779 0 37.9342 1.02832 45.7115 34.7373 34.3905 466 156 1.84198
526 0.95825 0.791461 631 63121 0 34.3502 1.42834 40.5852 39.0715 31.9821 503 128 1.8187
527 0.932432 0.894168 622 87542 0 36.1762 0.239286 42.5506 31.5951 30.2739 444 178 1.77387
528 0.988189 0.965385 670 75135 0 35.6086 1.77493 45.145 35.3514 34.4686 508 162 2.06385
529 0.964222 0.947276 697 56067 0 33.2359 3.2833 44.1651 36.0946 35.1795 559 138 2.15019
530 0.994638 0.994638 523 56527 513 38.636 1.21946 39.1304 26.0977 26.1126 373 150 0.156525
531 0.991285 0.888672 632 76403 0 35.597 1.35997 41.6333 34.0007 30.4638 459 173 1.80313
532 0.935662 0.942593 683 70335 0 33.8361 2.02223 43.8473 34.4984 34.4338 544 139 2.10527
533 0.512777 0.611789 787 70804 512 32.532 4.45486 47.9584 30.5658 36.0614 587 200 1.19649
534 0.872763 0.995465 700 83632 661 38.2108 0.422264 49.5397 28.3376 32.7337 503 197 0.306238
535 0.97482 0.942609 708 62510 0 35.0815 2.53688 46.5218 38.091 36.5753 556 152 2.23175
536 0.959302 0.928705 705 60241 669 30.9166 4.75143 42.8995 30.5285 29.7413 516 189 0.256267
537 0.980815 0.703959 626 80924 0 37.9593 1.36375 43.8837 40.8169 29.3365 417 209 1.8262
538 0.923241 0.847358 604 72967 556 32.3306 3.12695 36.0764 30.4506 28.2119 469 135 0.293077
539 0.898947 0.692058 683 61270 0 33.6118 2.24188 42.0819 37.5901 29.2616 475 208 2.1025
540 0.928571 0.912833 563 49441 524 33.4458 2.82336 35.5162 25.6843 25.6008 406 157 0.205897
541 0.858347 1 814 131077 0 36.7707 1.2755 53.4466 32.5094 37.7748 593 221 3.03696
542 0.959839 0.961771 647 71275 616 34.8363 1.60433 41.1752 30.2651 30.293 498 149 0.23583
543 0.925049 0.987368 704 69811 0 36.6418 1.35048 48.0097 31.476 33.6801 507 197 2.23273
544 0.973077 0.961977 671 52803 0 33.2211 2.93086 42.208 33.3995 33.0383 520 151 1.99393
545 0.941924 0.994253 702 78669 0 35.0824 1.91389 47.2075 33.7698 35.4647 551 151 2.22912
546 0.918552 0.953052 596 61353 490 35.8004 1.24676 40.6922 29.0719 30.2259 442 154 0.324082
547 0.966245 0.708978 663 48825 0 29.0424 8.76439 42.808 41.7962 29.775 474 189 1.9702
548 0.767764 0.928721 612 61217 417 27.5961 9.82678 38.4201 30.2386 36.3576 577 35 0.701917
549 0.928118 0.89959 622 55457 577 30.6292 5.16601 38.1236 30.4089 28.9518 473 149 0.249358
550 0.983444 0.807065 763 75801 0 34.2984 2.08214 50.453 48.444 40.0777 604 159 2.58497
551 0.996086 0.743066 690 90794 0 35.7039 0.988546 42.2646 42.0847 31.5215 511 179 2.1998
552 0.960825 0.956879 677 53376 641 33.2614 3.07062 42.5195 30.0323 29.9288 485 192 0.234184
553 0.947262 0.974948 649 51023 595 35.0462 1.72431 40.8732 30.4769 31.1726 493 156 0.279336
554 0.573214 0.696312 709 59266 471 33.9952 2.80255 46.2481 29.24 36.1337 560 149 0.941288
555 0.924272 0.997904 678 83021 629 36.6621 1.29005 47.0839 30.5989 32.8733 515 163 0.326627
556 0.447099 0.574561 797 78990 505 35.5288 0.929526 49.2693 26.2707 37.3953 586 211 1.27172
557 0.988889 0.975342 559 58961 549 36.8796 1.19671 38.4851 25.4887 25.1767 360 199 0.145161
558 0.95183 0.940952 653 99443 0 32.4606 2.68915 40.6936 33.0326 32.6026 519 134 1.97889
559 0.966746 0.782692 690 50123 663 30.5476 5.46662 40.5996 30.0059 24.9956 421 269 0.199026
560 0.925214 0.953744 619 60763 530 33.784 3.13672 40.6124 29.2156 30.6161 468 151 0.393077
561 0.89094 0.972527 677 89127 0 35.2222 2.20037 48.68 39.184 43.1829 596 81 2.09881
562 0.949045 0.993333 670 80511 636 36.8461 1.00021 45.9004 29.929 31.4592 471 199 0.265509
563 0.959831 0.957806 614 62076 530 34.0921 1.98744 39.0827 29.894 29.77 473 141 0.382052
564 0.892308 0.902222 732 86921 681 34.9111 1.10836 46.9827 28.2694 28.4041 455 277 0.361464
565 0.671154 0.713701 663 81912 410 29.4829 6.93558 40.6032 30.3871 30.0285 520 143 0.969944
566 0.980044 0.954644 594 57564 575 35.7513 1.42857 38.8262 30.2563 29.4887 451 143 0.173578
567 0.957831 0.955912 627 58690 0 33.9748 2.81878 43.5248 34.8766 34.9824 498 129 1.79443
568 0.995294 0.995294 600 51263 595 31.9732 7.09806 40.9997 27.3725 27.3911 425 175 0.120913
569 0.947368 0.936652 619 68911 594 34.9044 1.52705 39.4637 25.331 25.2874 437 182 0.21326
570 0.979424 0.957746 672 45675 647 30.9927 4.45809 37.7564 28.2888 27.4397 486 186 0.181871
571 0.959144 0.74359 685 76342 0 37.3742 0.667891 49.0022 47.5158 35.8762 514 171 2.14347
572 0.813559 0.792661 655 94469 0 35.5106 1.56221 41.8097 35.1015 33.5124 531 124 1.9958
573 0.853503 0.943662 679 75122 628 33.3565 1.8417 42.411 25.5511 28.7377 471 208 0.334793
574 0.614695 0.679208 727 78695 433 33.4705 1.9412 41.5753 29.5165 32.9436 558 169 1.16607
575 0.939609 0.736769 755 79113 0 36.7981 0.691708 50.6485 48.6851 36.0369 563 192 2.56036
576 0.87457 0.978846 728 61173 0 30.9516 5.6578 44.9229 32.1243 35.8545 582 146 2.36588
577 0.975717 0.995495 638 48710 605 35.6507 2.74368 42.6397 30.487 31.0625 453 185 0.206376
578 0.936015 0.962406 734 67865 0 36.078 1.07693 46.7785 33.6354 34.7782 547 187 2.39662
579 0.972 0.981818 613 58951 559 32.2033 2.94864 36.8894 29.9755 30.4632 500 113 0.283568
580 0.989796 0.968064 657 37776 636 30.8422 5.07366 38.7534 29.6477 28.9838 490 167 0.15294
581 0.938914 0.734513 606 58573 0 36.5456 1.70582 40.7795 38.3573 30.2026 442 164 1.68019
582 0.935018 0.996154 759 60716 716 31.3483 4.21247 43.3138 30.5116 32.7984 554 205 0.304648
583 0.832392 0.924686 710 84280 607 35.1547 1.8181 45.004 30.4794 33.5687 531 179 0.524914
584 0.603922 0.656716 674 49753 372 33.8113 3.24937 42.3985 29.0019 32.4195 510 164 1.07774
585 0.956349 0.935922 679 74154 623 32.3522 2.41445 41.0737 29.6692 28.9034 504 175 0.337961
586 0.376218 0.516043 700 91563 485 35.9556 1.50029 47.842 23.1907 35.3208 513 187 0.919317
587 0.947368 0.9 607 80573 555 36.2118 1.28748 41.8451 28.0873 26.7573 399 208 0.2944
588 0.831826 0.798611 676 67119 0 33.4563 2.60821 40.583 34.8759 33.3841 553 123 2.03608
589 0.984293 0.864368 462 51278 437 31.4907 7.91533 32.353 30.4523 26.692 382 80 0.113934
590 0.940639 0.932127 628 92204 0 36.8223 1.04468 42.9912 30.7234 30.6407 438 190 1.85856
591 0.962343 0.968421 580 48305 515 32.1605 4.82885 37.1528 30.3879 30.6137 478 102 0.285064
592 0.92944 0.74902 539 36141 510 30.7542 3.82053 32.3117 30.3757 24.3145 411 128 0.119474
593 0.899048 0.907692 648 51455 0 29.9259 5.99054 38.8051 31.2084 31.6032 525 123 1.88854
594 0.95966 0.995595 605 52109 589 34.4132 2.61661 39.2377 29.6125 30.7582 471 134 0.181885
595 0.993228 0.98434 613 56502 591 38.021 0.845712 41.4508 30.4276 30.1807 443 170 0.183961
596 0.943137 0.997925 686 73704 0 37.6527 2.01607 50.3791 32.9625 34.8648 510 176 2.13734
597 0.968105 0.980989 713 94029 0 33.2916 5.14362 50.2571 37.2331 37.5355 533 180 2.3324
598 0.462932 0.591579 806 100626 540 33.5137 3.25398 49.5662 28.6033 37.8067 607 199 1.23363
599 0.977011 0.971429 717 71136 0 34.1632 2.5455 45.1594 33.254 33.0264 522 195 2.29423
600 0.97561 0.764331 556 36369 547 23.8665 14.185 34.6421 29.1498 22.0763 369 187 0.105474
601 0.847666 0.841463 612 74283 540 33.998 1.98746 37.3381 25.3605 25.1623 407 205 0.35617
602 0.870216 0.979401 808 69852 656 30.7691 4.53744 46.8324 30.1279 34.1313 601 207 0.757283
603 0.930041 0.88454 666 78973 0 36.7635 1.4653 44.0678 34.1841 32.4989 486 180 2.02823
604 0.7543 0.688341 547 53565 355 37.0422 1.2357 36.9685 30.098 27.1166 407 140 0.620432
605 0.953096 0.994129 756 64001 707 33.617 2.28648 43.8885 29.7382 31.1902 533 223 0.318414
606 0.446184 0.465306 797 92124 523 33.0837 4.22767 50.9902 30.3626 33.6129 511 286 1.26032
607 0.496689 0.639659 775 106563 420 35.0694 1.42281 51.197 29.6981 39.5299 604 171 1.48829
608 0.94041 0.901786 750 69603 0 33.06 2.95191 43.2679 32.597 31.5005 537 213 2.4816
609 0.987207 0.902534 615 68848 593 33.7575 2.42493 35.9517 30.3381 27.8515 469 146 0.20535
610 0.974 0.936538 695 57163 682 30.6391 5.00531 41.3616 29.667 28.4307 500 195 0.173543
611 0.900175 0.996124 759 94838 0 37.1668 0.641378 51.7979 32.5195 36.3528 571 188 2.57689
612 0.873662 0.836066 614 51146 539 33.7499 1.9309 36.2379 28.8837 26.6721 467 147 0.334015
613 0.974806 0.972921 746 53081 705 25.8057 11.9034 43.4304 30.364 30.1236 516 230 0.265601
614 0.975758 0.971831 656 94819 0 36.2508 0.905319 42.3694 32.1083 32.1409 495 161 2.00951
615 0.960199 0.91253 587 60878 526 36.1459 1.62288 38.8339 27.4045 26.1097 402 185 0.297894
616 0.937984 0.991803 566 32033 549 26.2849 8.95594 32.4794 19.7059 20.922 387 179 0.117929
617 0.992203 0.800314 646 79226 0 32.8469 2.01989 39.0749 38.6296 31.0041 513 133 1.9282
618 0.955145 0.709804 533 28931 479 22.3236 15.1727 31.7779 30.3782 22.2187 379 154 0.201167
619 0.929825 0.989627 572 68668 0 30.6647 7.79603 40.961 34.1368 36.7749 513 59 1.33923
620 0.745418 0.68797 663 60881 0 34.3096 2.08239 41.9723 34.1781 30.9533 491 172 1.93243
621 0.891304 0.951477 709 58940 653 34.3073 2.39285 44.7429 29.4864 30.6985 506 203 0.337727
622 0.860595 0.968619 711 85254 0 34.3634 1.76206 46.7598 30.9478 34.8585 538 173 2.30205
623 0.909091 0.947581 711 66299 0 35.5197 1.94011 47.2105 32.3077 33.9855 517 194 2.22864
624 0.550725 0.604374 754 87376 376 34.9686 1.18435 45.5134 30.2414 33.3814 552 202 1.49149
625 1 0.649587 614 55139 0 34.6576 2.22881 39.9688 39.5057 24.8899 393 221 1.70056
626 0.937888 0.970021 660 81578 634 32.5666 2.34191 40.6301 27.2248 28.4504 483 177 0.250854
627 0.989583 0.913462 553 72014 520 37.488 0.618003 36.4959 27.8407 25.5291 384 169 0.245092
628 0.662055 0.739514 639 57865 367 33.8683 2.5502 41.1805 29.549 32.9172 506 133 0.933852
629 0.986523 0.989189 569 57291 560 34.6447 2.32434 38.1662 25.4315 25.4907 371 198 0.154623
630 0.906643 0.755988 729 70989 0 32.896 3.32525 44.9668 41.3166 34.0991 557 172 2.36198
631 0.973995 0.909492 545 51819 0 35.8542 1.59496 36.7719 30.6973 28.5673 423 122 1.38831
632 0.896839 0.918228 848 104845 0 35.9989 1.72734 52.6652 36.5966 37.2621 601 247 3.20006
633 0.967672 0.903421 606 51832 0 33.4305 4.00227 38.9104 32.5496 30.3898 464 142 1.67569
634 0.888421 0.965675 607 44567 579 34.2042 1.49592 38.5742 27.8151 30.3715 475 132 0.189112
635 0.86106 0.747619 709 61596 0 33.569 2.14878 43.1168 38.6358 32.5284 547 162 2.2248
636 1 0.730526 476 26474 475 23.0829 14.4573 28.6903 28.6903 20.7882 347 129 0.0836935
637 0.947253 0.981777 615 51630 599 33.4068 4.99103 42.0062 30.2457 31.1468 455 160 0.164
638 0.952941 0.977586 741 102659 0 34.4988 2.76881 49.271 38.5094 39.9084 595 146 2.52093
639 0.947867 0.715564 598 51719 0 29.6528 7.63873 38.3953 36.0557 26.9137 422 176 1.46852
640 0.941432 0.945534 604 68129 558 30.5586 4.7548 36.8238 28.3622 28.6223 461 143 0.273583
641 0.938034 0.984305 614 86904 0 35.794 1.6327 42.5045 31.023 32.759 468 146 1.76662
642 0.967521 0.948074 745 83168 0 36.1054 1.74893 50.3295 40.4807 39.5922 585 160 2.49578
643 0.942446 0.922535 582 77249 550 35.6316 1.84753 39.3958 28.5032 27.4667 417 165 0.233863
644 0.977273 0.959432 635 51167 577 32.6939 2.32348 36.2584 28.6293 28.1438 484 151 0.289058
645 0.985232 0.949187 658 51225 632 32.4392 2.89061 38.7192 29.0661 28.0364 474 184 0.1914
646 0.957537 0.953488 669 74128 637 32.2294 3.52427 40.5568 29.2939 28.6979 471 198 0.252369
647 0.907583 0.811441 642 61105 555 31.4052 4.0225 38.8725 28.6544 25.3583 422 220 0.414873
648 0.85124 0.8357 566 39637 437 30.3356 4.65178 34.3724 30.2023 29.3487 484 82 0.431053
649 0.924949 0.962025 668 61994 605 32.53 2.65068 39.4173 27.3515 28.8804 493 175 0.32912
650 0.460784 0.608808 667 73748 471 34.2834 2.11896 41.7614 22.9867 32.0871 510 157 0.797128
651 0.896104 0.904494 711 76660 642 32.831 2.22259 41.4284 30.5005 31.4274 539 172 0.397274
652 0.910284 0.697987 640 64344 0 34.7057 2.07083 40.1431 37.7564 28.6431 457 183 1.88938
653 0.903114 0.972067 781 67783 0 34.0616 2.89329 50.259 35.0543 37.2737 578 203 2.6585
654 0.878182 1 695 60534 0 34.05 2.78412 45.563 30.7085 34.9021 550 145 2.14715
655 0.950216 0.962719 669 60659 627 34.7787 1.55941 40.5312 27.8855 28.1772 462 207 0.264353
656 0.994924 0.975124 548 40594 393 35.2217 2.17655 37.5016 27.0727 26.4978 394 154 0.0818483
657 0.95881 0.922907 682 76810 642 34.4052 2.15621 44.7058 27.8612 26.949 437 245 0.304389
658 0.992203 0.758569 676 85286 0 34.8523 1.23089 42.772 42.3788 31.5527 513 163 2.07923
659 0.669811 0.727459 664 79948 358 33.9696 1.97382 40.6666 29.2924 32.3231 530 134 1.12656
660 0.9 0.966667 737 50662 0 33.383 4.0717 47.0788 34.7139 37.3675 580 157 2.37954
661 0.686147 0.635271 654 65597 413 33.1545 2.2987 40.6497 30.4366 29.2809 462 192 0.897795
662 0.953168 0.651601 549 37484 530 28.6674 6.71569 31.1955 30.2443 19.7272 363 186 0.130723
663 0.96473 0.983087 676 88107 0 37.0908 0.517815 45.3463 30.9361 31.4967 482 194 2.11641
664 0.965293 0.959052 659 75331 632 33.7153 1.97968 41.1278 28.6967 28.2925 461 198 0.240724
665 0.992424 0.735955 565 40733 0 26.7151 11.6546 36.0084 34.229 25.6343 396 169 1.45505
666 0.811787 0.651908 779 70808 0 33.403 3.39024 46.2338 40.0069 30.3836 526 253 2.68723
667 0.984334 0.755511 508 49809 0 34.8446 1.31133 32.9946 32.5626 24.934 383 125 1.1761
668 0.94902 0.966068 689 66652 630 33.3524 2.44813 39.5438 28.361 28.9537 510 179 0.335691
669 0.523333 0.60501 809 88818 479 34.2535 1.69731 45.3151 30.1489 33.5151 600 209 1.47698
670 0.992537 0.970803 537 72072 509 37.0689 1.06779 39.3617 30.2968 29.5624 402 135 0.214191
671 0.476431 0.583505 799 128197 522 34.6781 1.97377 50.7075 29.9921 37.7319 594 205 1.31907
672 0.987421 1 670 57253 0 32.3101 5.69659 47.5604 31.5209 31.8753 477 193 2.01938
673 0.987368 0.971014 540 50359 523 29.8629 5.57389 33.6738 29.5542 29.1201 475 65 0.151058
674 1 0.52 401 16949 400 16.4445 21.1514 24.1461 24.1461 11.9601 208 193 0.0395066
675 0.947368 0.938224 708 61967 0 35.1855 2.1156 44.8351 33.4867 33.149 513 195 2.21564
676 1 0.754098 619 65230 0 37.8636 0.47436 42.5258 42.0413 31.8448 460 159 1.76157
677 0.565217 0.524941 595 72803 419 37.9004 1.03487 42.9481 30.5336 28.6659 391 204 0.646599
678 0.972056 0.979879 668 58140 0 37.0821 0.966807 44.3896 32.8066 33.0941 501 167 2.00155
679 0.925217 0.931699 722 103634 0 36.2984 1.00781 50.1 40.1418 40.1094 575 147 2.38249
680 0.917431 0.974659 693 77081 0 35.2122 1.11227 44.2241 32.5764 34.5315 545 148 2.15969
681 0.987147 0.853333 542 32631 522 29.7228 8.94969 34.8931 28.8869 25.2252 389 153 0.126614
682 0.98818 0.881857 611 42275 578 29.3322 6.23492 36.1286 27.8732 24.9522 423 188 0.185032
683 0.926335 0.967308 738 58434 0 34.9884 1.41114 46.3039 31.9105 33.266 543 195 2.41789
684 0.906077 0.995951 654 70672 526 30.0009 6.63992 40.3214 30.4366 33.4146 543 111 0.549029
685 0.958159 0.703533 675 49361 0 33.6511 3.56616 44.0943 42.8399 31.4573 478 197 2.04341
686 0.954455 0.985685 677 59227 584 32.1487 4.03396 41.9759 30.3645 31.3316 505 172 0.424426
687 0.956522 0.743429 827 114171 0 33.9689 2.19231 50.5836 48.515 37.2471 621 206 3.10747
688 0.866667 0.968944 755 76049 499 32.6068 3.28005 46.5464 30.4963 34.0378 540 215 1.08303
689 0.971204 0.934509 550 61472 515 36.295 1.05917 37.0127 27.0648 26.0611 382 168 0.215977
690 0.921154 0.817406 739 66292 0 30.024 6.72685 42.1976 33.9472 30.0059 520 219 2.43037
691 0.886047 0.763527 563 52324 487 32.3398 3.04983 33.7096 30.16 25.6057 430 133 0.312822
692 0.995495 0.993258 601 51491 593 30.8894 7.80602 37.6822 25.9438 25.8935 444 157 0.130035
693 0.845161 0.963235 767 113389 0 34.6458 1.58846 46.454 33.9157 38.6106 620 147 2.69437
694 0.936248 0.986564 753 71065 0 33.7966 2.60251 45.6048 31.9576 33.6575 549 204 2.52673
695 0.988814 0.864971 520 27569 500 26.0228 10.2103 30.8708 30.4277 26.6779 447 73 0.112913
696 0.924335 0.94958 673 67750 605 36.6299 0.859998 42.8047 30.4525 31.1476 489 184 0.396523
697 0.987124 0.733652 667 53534 0 30.7156 5.90869 39.5957 37.5935 26.3824 466 201 1.98992
698 0.95102 0.899614 677 62934 612 25.668 10.8654 39.5543 29.7418 28.2675 490 187 0.384177
699 0.829314 0.886905 760 96315 672 35.403 1.14822 45.5025 29.9615 32.0735 539 221 0.508362
700 0.957576 0.967347 636 68226 0 35.3865 0.870315 40.5331 30.6882 30.9509 495 141 1.83362
701 0.992327 0.858407 625 50939 612 36.2995 1.10598 41.406 30.2648 25.8967 391 234 0.150832
702 0.668203 0.570866 658 60097 454 30.2609 5.4691 38.8837 30.492 24.7434 434 224 0.768164
703 0.935417 0.951271 605 81930 576 32.664 2.3128 37.9716 29.6268 29.6563 480 125 0.267462
704 0.606238 0.637295 711 93249 489 36.0125 1.1497 43.7294 30.4959 31.5033 513 198 0.936682
705 0.993737 0.9501 606 50936 0 33.3241 5.20367 40.7816 33.8433 32.2451 479 127 1.681
706 0.957169 0.958955 709 56358 0 30.9516 5.1989 44.134 32.4482 32.6957 537 172 2.20983
707 0.975904 0.959716 544 73446 527 33.6674 2.50383 35.4013 27.022 26.4392 415 129 0.203479
708 0.478664 0.563319 740 85492 355 35.8482 1.10396 47.9767 29.793 33.2769 539 201 1.48518
709 0.827273 0.997807 716 62082 0 37.9123 0.943462 51.4344 30.909 36.7208 550 166 2.2802
710 0.922201 0.905028 715 60919 654 33.2375 2.06123 40.605 30.4182 30.118 527 188 0.351434
711 0.868182 0.759443 567 50097 541 31.3147 2.98605 32.1131 28.3143 24.8734 440 127 0.163972
712 0.862876 0.998066 729 58257 0 31.4009 4.90987 44.4094 31.7323 36.9388 598 131 2.35587
713 0.911368 0.969262 661 59750 0 35.4855 1.14924 42.4957 31.0687 33.0364 519 142 1.96349
714 0.971487 0.981481 664 42276 0 33.6946 3.24454 43.4958 31.3193 31.6078 491 173 1.96416
715 0.966887 0.969027 620 98448 565 36.5429 1.46217 42.4629 30.4979 30.6156 453 167 0.349482
716 1 0.7109 423 21250 422 18.9858 18.1719 23.7215 23.7215 16.4944 300 123 0.0468436
717 0.919132 0.964803 686 54787 661 32.6465 3.00236 39.8265 28.3393 29.8512 507 179 0.205888
718 0.90989 0.768089 591 39291 558 24.5067 11.6957 33.1204 29.92 25.1911 455 136 0.189878
719 0.935484 0.972746 589 49928 514 33.6998 2.65125 36.5717 29.917 30.8442 496 93 0.318133
720 0.566604 0.639831 705 71429 485 32.9521 2.44777 42.346 28.3307 31.6767 533 172 0.904304
721 0.968627 0.77551 656 64588 0 35.4961 1.78705 45.3651 43.765 34.3898 510 146 1.93631
722 0.936709 0.735099 638 83487 0 36.5123 1.67955 43.4312 41.2384 32.5449 474 164 1.89565
723 0.980583 0.986328 695 68786 0 32.8861 3.5916 44.0439 32.2626 32.4183 515 180 1.55123
724 0.951087 0.949367 748 58708 0 32.5156 4.80362 46.0364 34.8507 34.6441 552 196 2.4711
725 0.988399 0.990698 585 43284 572 31.3049 3.55872 35.354 25.7382 25.7903 431 154 0.128387
726 0.915686 0.943434 725 77708 0 35.525 1.63666 47.7711 32.6266 33.5827 510 215 2.38683
727 0.950577 0.973019 821 71818 0 36.154 1.70325 53.0971 36.9188 38.1205 607 214 2.94994
728 0.956863 0.987854 681 71202 0 35.3949 2.5846 46.9576 32.2702 33.2982 510 171 2.10918
729 0.975728 0.873913 673 67694 604 33.3043 2.91515 42.8857 28.1483 25.238 412 261 0.365542
730 0.888889 0.930649 636 52037 595 34.8696 1.45738 40.337 27.6645 28.8427 468 168 0.254286
731 0.982646 0.857955 665 47859 650 28.7771 7.06164 38.4607 30.4813 26.301 461 204 0.152271
732 0.95614 0.954466 725 73484 0 34.7268 2.59176 47.7825 38.2378 38.1579 570 155 2.37557
733 0.976879 0.671968 557 29384 539 23.4081 15.0752 33.2687 29.6526 20.5689 346 211 0.115507
734 0.989691 0.685714 603 69479 0 37.1079 1.24497 40.5754 38.0868 26.5634 388 215 1.62216
735 0.993182 0.708266 621 80520 0 36.1014 1.64903 42.6721 42.3206 28.6993 440 181 1.80335
736 0.981524 0.936123 590 67210 564 33.7743 1.86213 36.7777 27.9965 26.9007 433 157 0.210562
737 0.912821 0.967391 745 67851 0 34.131 2.75852 48.551 36.6722 39.279 585 160 2.43636
738 0.970522 0.87885 614 54759 572 32.5708 2.78295 38.5314 29.5178 26.5445 441 173 0.242866
739 0.959854 0.762319 713 81865 0 33.5857 1.92597 41.8876 40.7611 31.9635 548 165 2.31045
740 0.944043 0.949183 725 65308 0 34.8942 2.61391 48.7609 37.597 37.584 554 171 2.33735
741 0.923729 0.949891 647 70720 574 34.3979 1.20521 41.8199 29.1613 30.3726 472 175 0.38054
742 0.896491 0.969639 722 67721 0 33.3596 2.62266 43.2601 31.6803 34.2428 570 152 2.33414
743 0.730539 0.782051 609 60911 413 33.3881 2.44335 39.64 30.4892 32.3206 501 108 0.697173
744 0.919414 0.970986 698 70180 621 32.2686 2.35653 39.9739 29.7893 31.4158 546 152 0.420715
745 0.534247 0.639344 668 50900 567 34.0582 2.32369 42.5364 26.0613 32.3774 511 157 0.441085
746 0.943662 0.828866 602 38219 518 32.7888 3.07722 37.2155 29.4706 25.0911 426 176 0.33148
747 0.944742 1 562 46029 0 25.7695 12.8534 34.8706 32.7801 34.8706 561 1 1.44397
748 0.426829 0.46875 747 79685 546 35.622 1.61987 52.8854 29.867 35.2875 492 255 0.907448
749 0.963303 0.797872 681 69741 0 35.6762 1.21618 44.556 42.9798 35.0552 545 136 2.10745
750 0.511667 0.650424 774 85545 510 35.2975 1.74895 49.2702 29.8798 38.3415 600 174 1.15209
751 0.97351 0.924528 643 56835 0 35.4741 2.523 41.9171 31.1007 29.4363 453 190 1.8475
752 0.989518 0.75641 632 73113 0 34.8232 2.36653 41.5562 41.1429 31.3465 477 155 1.8542
753 0.921839 0.915525 681 110770 614 36.5993 1.23148 47.3402 29.4886 29.2204 435 246 0.438295
754 0.978448 0.7017 662 42966 0 29.9468 6.1538 40.9927 40.0476 26.4898 464 198 1.96682
755 0.964059 0.974359 593 67164 0 33.728 2.50392 40.1032 31.6381 32.0547 473 120 1.61213
756 1 0.96837 557 42349 542 29.5441 6.80326 36.4844 26.8071 26.0249 398 159 0.127334
757 0.831776 0.86618 615 46180 562 30.1728 4.69303 35.1585 23.6877 24.2285 428 187 0.255277
758 0.921927 0.992844 839 96341 0 35.3101 2.36866 55.1451 35.7063 38.2234 602 237 3.15215
759 0.932806 0.985386 695 86192 653 33.5499 1.75854 43.2027 28.6427 30.51 506 189 0.306862
760 0.919708 0.96 710 48453 637 30.3605 5.12997 41.205 29.5168 31.1334 548 162 0.357156
761 0.988636 0.892308 529 44154 510 38.9934 0.463375 39.4399 27.8524 25.1717 352 177 0.160395
762 0.849576 0.661716 683 83652 0 35.7956 0.861464 44.7038 39.6786 31.4133 472 211 2.11024
763 0.948052 0.890244 650 65182 602 33.0855 2.57803 38.9314 29.4025 27.7104 462 188 0.284938
764 0.964143 0.743472 670 107280 0 36.3155 1.29786 46.8103 45.4462 33.1468 502 168 2.06789
765 0.808905 0.6976 729 89518 0 34.2973 1.62594 45.7083 39.4611 32.766 539 190 2.3924
766 0.983806 0.985801 668 92094 0 35.6404 1.84332 44.9259 33.2751 33.1233 494 174 2.07243
767 0.95183 1 675 89633 0 37.5379 0.930445 49.4324 33.3837 35.0304 519 156 2.10543
768 0.583333 0.6 663 79217 467 33.8169 3.42258 42.2242 29.0664 29.0977 468 195 0.790547
769 0.442 0.535109 693 93675 512 39.3794 0.101416 52.847 29.4024 35.6124 500 193 0.811938
770 0.906433 0.95092 706 84091 666 31.1532 5.66896 42.8588 28.7335 30.121 513 193 0.306241
771 0.604457 0.537129 548 44617 430 38.5431 0.935048 39.6226 28.0898 25.391 359 189 0.406158
772 0.988924 0.967492 823 95164 0 36.7435 1.02925 55.1114 42.657 41.9203 632 191 3.04589
773 0.84803 0.738562 697 60220 0 33.5689 1.56909 40.5214 35.6201 31.405 533 164 2.15436
774 0.931507 0.793774 607 60245 0 36.4313 1.51088 41.257 35.0387 29.9672 438 169 1.69835
775 0.96945 0.993737 666 76674 626 33.9909 3.98247 47.1554 30.1547 30.8117 491 175 0.283405
776 0.979716 0.966 674 59520 0 35.1125 2.09714 42.7279 32.3356 31.8666 493 181 2.04227
777 0.959302 0.984095 688 72259 643 34.6798 1.2161 41.6707 30.3138 31.4391 516 172 0.283304
778 0.994609 0.946154 525 39575 513 25.2939 11.4303 32.5461 24.2222 22.8476 371 154 0.110666
779 0.914508 0.782705 610 62895 557 31.223 5.20558 35.9862 26.4782 23.2343 386 224 0.283946
780 0.822262 0.752053 716 67633 0 33.4014 2.9558 43.004 36.53 33.4869 557 159 2.27699
781 0.943966 0.80663 572 58241 0 35.2041 1.45735 39.2302 37.4345 32.1884 464 108 1.49119
782 0.942529 0.968504 622 54900 0 33.5588 1.69682 40.1207 32.788 33.7209 522 100 1.75899
783 0.951754 0.955947 627 71271 568 34.3075 1.44665 41.3616 29.3084 29.6123 456 171 0.325937
784 0.96603 0.991285 637 47392 622 31.4335 5.31715 39.1428 28.4292 29.1192 471 166 0.146912
785 0.975395 0.953608 706 74551 0 33.9612 1.56095 45.4783 37.9905 37.3597 569 137 2.24548
786 0.907035 0.960106 619 55255 582 31.4145 4.35279 37.3872 23.2208 24.464 398 221 0.22696
787 0.97397 0.820841 642 58511 0 35.8943 3.21737 43.0412 36.4977 30.8795 461 181 1.87565
788 0.954447 0.967033 606 46506 585 30.0938 6.95512 38.7317 28.7008 29.1982 461 145 0.159777
789 0.996337 0.745205 735 85520 0 33.8342 2.47565 44.1391 43.9043 32.2026 546 189 2.43427
790 0.952489 0.888186 628 55272 568 31.9164 4.01202 39.9242 29.5572 27.4294 442 186 0.301581
791 0.946262 0.720641 590 70501 0 34.2663 1.69527 37.0096 35.443 27.0766 428 162 1.61778
792 0.815113 0.739067 803 89003 0 35.6091 1.70419 49.3895 42.5899 38.5901 622 181 2.88468
793 0.968354 0.921687 658 49482 603 34.3249 1.42736 40.9654 29.4781 28.2317 474 184 0.30061
794 0.667406 0.633684 627 60328 422 35.7573 1.42634 40.5745 30.2682 28.3838 451 176 0.731568
795 0.968421 0.87619 684 95365 0 35.5499 2.0658 48.1616 37.1095 34.0061 475 209 2.13084
796 0.986047 0.92779 628 57596 586 32.9147 3.38009 40.3826 29.0533 27.1515 430 198 0.239735
797 0.956522 0.952919 717 76890 0 35.0591 1.87448 45.9137 35.0813 34.6321 529 188 2.32582
798 0.503226 0.659619 786 88479 396 34.8381 1.51038 49.5767 28.9893 39.0028 620 166 1.59137
799 0.97451 0.980276 661 77106 0 33.4775 2.5996 41.1484 31.0329 31.2328 510 151 2.01724
800 0.593684 0.617068 655 72788 452 35.3215 0.899343 43.1593 29.0858 31.7916 475 180 0.790164
801 0.941296 0.991471 652 73502 581 33.2018 2.41113 40.2649 29.5483 31.1132 494 158 0.327058
802 0.955193 0.985294 683 87002 0 37.603 1.07856 48.8403 33.7215 34.6331 491 192 2.12946
803 0.944867 0.980276 767 94590 0 35.4866 1.13615 49.3978 32.2856 33.6928 526 241 2.65207
804 0.938959 0.968519 693 81039 0 33.828 2.16368 44.0776 34.2279 36.1159 557 136 2.18967
805 0.811864 0.991718 766 82700 0 32.0833 3.81163 46.927 30.85 37.1702 590 176 2.63105
806 0.997442 0.94431 509 54966 492 37.7579 0.918974 35.5811 29.0099 27.4917 391 118 0.149896
807 0.924528 0.988789 620 59983 569 35.7582 1.82855 42.9093 30.5571 32.6243 477 143 0.278204
808 0.965686 0.744802 565 31277 550 26.0865 10.8069 32.6584 30.4099 23.6098 408 157 0.111557
809 0.976789 0.978682 652 80383 0 35.9334 1.69565 42.3739 33.7869 33.8647 517 135 1.96151
810 0.955473 0.971698 729 48994 695 32.5943 3.72131 42.7716 30.4301 31.2248 539 190 0.231313
811 0.922566 0.75 592 46570 573 30.6158 4.17846 32.4966 30.2845 24.8635 452 140 0.152083
812 0.447415 0.597619 731 69732 387 36.5125 1.32238 51.8298 29.9505 37.1369 561 170 1.32414
813 0.88403 0.945122 669 72843 569 33.7939 1.8841 38.5885 28.6615 30.5418 526 143 0.47566
814 0.936803 0.965517 713 68131 0 33.0567 2.74409 45.1505 32.7596 33.5089 538 175 2.24979
815 0.985325 0.716463 665 58838 0 30.0594 6.16789 41.7412 41.3633 29.2183 477 188 1.98166
816 0.965021 0.973029 647 54348 570 34.3763 2.81983 40.9646 30.4554 30.6671 486 161 0.360258
817 0.993119 0.964365 619 66549 584 35.6969 2.71817 40.2428 28.1038 27.0628 436 183 0.243037
818 0.964135 0.775891 617 71317 0 37.9423 0.33443 43.3846 41.6746 32.7685 474 143 1.75832
819 0.98081 0.954357 660 57238 0 36.3558 1.39733 43.5801 31.6952 30.9406 469 191 1.94753
820 0.942056 0.984375 692 57791 0 32.9041 4.02985 45.5694 34.2857 35.7337 535 157 2.13987
821 0.980392 0.723327 562 31263 0 30.4699 6.89101 35.1745 34.5673 23.6772 408 154 1.41605
822 0.922131 0.993377 602 54174 0 34.4894 2.26394 40.25 30.5437 33.0798 488 114 1.64689
823 0.645161 0.547945 670 55066 360 32.8117 2.83118 39.3814 30.1898 25.0201 434 236 1.10165
824 0.930636 0.993827 664 49617 644 34.8284 1.47052 41.3992 30.1669 32.096 519 145 0.193024
825 0.833333 0.911111 672 62911 597 34.139 1.9097 41.9072 27.6519 30.7024 492 180 0.382081
826 0.953815 0.744514 662 110327 0 34.0423 2.45709 41.9248 40.7272 31.6225 498 164 2.09756
827 0.470693 0.569892 764 65997 502 35.9129 1.01695 51.3573 30.3601 34.9764 563 201 1.08991
828 0.890625 0.964059 716 79510 663 34.1584 1.15178 43.3267 27.1881 29.7395 512 204 0.367084
829 0.933962 0.694737 644 71176 0 36.241 1.12163 43.4067 38.2611 28.3891 424 220 1.86344
830 0.930272 0.971581 747 53573 0 30.825 6.3819 45.2678 33.7312 35.1855 588 159 2.45283
831 0.985472 0.809145 531 26701 516 22.4683 16.2998 32.4848 30.4496 24.7385 413 118 0.0985134
832 0.905028 0.983806 723 71051 658 33.4897 2.15531 44.3664 29.2359 31.4461 537 186 0.395242
833 0.563973 0.666004 763 74139 449 34.4458 2.08391 46.3063 30.5243 36.1201 594 169 1.28996
834 0.956863 0.962525 711 70890 640 32.4511 3.60423 43.087 29.615 29.6656 510 201 0.395026
835 0.938914 0.95843 669 76215 634 34.7063 2.74115 46.2451 28.3102 29.0901 442 227 0.268401
836 0.958678 0.928 663 70087 614 34.7417 1.49907 41.2779 30.2053 29.1626 484 179 0.297473
837 0.937626 0.763934 646 63982 0 32.5119 1.75427 37.0111 34.7899 28.7268 497 149 1.90413
838 0.927817 0.975926 730 62138 0 33.0929 4.66732 46.6846 34.0922 36.2778 568 162 2.38287
839 0.982103 0.71615 624 57773 0 30.6286 4.46204 36.9167 36.2667 26.6287 447 177 1.76209
840 0.950855 0.707472 658 48286 0 31.519 5.87151 41.4412 39.7208 29.2684 468 190 1.94901
841 0.930649 0.667737 655 57895 0 35.0038 1.67519 45.3432 43.3236 29.5485 447 208 1.95197
842 0.96139 0.994012 718 113441 0 36.8134 1.14586 48.5927 33.9851 35.1903 518 200 2.35634
843 0.862888 0.911197 687 57775 0 33.0267 2.72825 40.2738 30.7261 31.9827 547 140 2.07894
844 0.635945 0.601307 627 54345 355 34.8741 2.17518 40.7435 29.2151 27.6179 434 193 0.931465
845 0.955734 0.959596 676 66964 634 33.798 0.970272 40.863 28.6519 28.7268 497 179 0.279486
846 0.924812 0.970414 708 135206 0 36.2978 1.51041 49.3172 35.2636 36.5816 532 176 2.38172
847 0.937209 0.885714 583 70801 551 35.8223 0.837936 38.8168 30.0368 28.6071 430 153 0.249809
848 0.944547 0.988395 681 50055 0 32.2292 4.07105 40.316 30.556 32.2636 541 140 2.06175
849 1 0.655983 469 25106 468 19.2217 17.8843 26.1596 26.1596 16.5984 307 162 0.0561896
850 0.997899 0.981405 652 57043 636 34.2211 2.46922 40.6282 28.8873 28.4147 476 176 0.170715
851 0.978155 0.89755 594 40849 552 35.2174 1.48759 37.4955 28.1957 26.1672 412 182 0.22831
852 0.952479 0.956432 664 73470 0 35.2825 2.23591 44.7184 32.276 32.5029 484 180 2.01206
853 0.971193 0.973196 657 70772 0 36.7658 1.13554 43.5883 32.8978 32.9095 486 171 1.96751
854 1 0.73399 618 74557 0 36.7763 1.4461 43.7285 43.0986 30.8791 447 171 1.74213
855 0.632054 0.57732 649 69196 412 33.9098 1.84341 41.4473 30.2975 27.2455 443 206 0.884286
856 0.929245 0.916279 566 70926 524 32.0206 3.39407 36.7643 28.0526 27.6612 424 142 0.246934
857 0.479245 0.524793 761 86307 595 36.3986 1.58534 49.3638 28.9357 33.9986 530 231 0.807349
858 0.940613 0.978088 703 64860 0 28.4537 9.52322 43.838 30.6866 31.9307 522 181 2.23271
859 0.970917 0.866267 607 79392 548 31.5914 3.15358 37.0687 30.0244 27.3131 447 160 0.305336
860 0.957589 0.727119 610 61881 0 31.894 2.89748 38.2391 36.9291 27.4043 448 162 1.68696
861 0.948077 0.976238 713 67273 610 33.9552 2.50782 42.4025 29.7755 30.6819 520 193 0.50565
862 0.982544 0.947115 534 36116 511 30.7695 4.94825 33.2685 25.1292 24.2328 401 133 0.135002
863 0.947059 0.985714 624 41777 0 32.6548 3.82768 39.5056 31.8009 33.0842 510 114 1.71967
864 0.853846 0.932773 745 53805 656 32.7759 2.57564 43.3951 27.6186 30.7722 520 225 0.447751
865 0.73161 0.736 639 69931 475 32.1741 3.41891 39.2598 30.4412 30.9235 503 136 0.648323
866 0.970509 0.975741 576 33822 563 27.61 11.2809 37.0579 22.0795 22.0814 373 203 0.110752
867 1 0.389655 291 10550 290 10.6493 28.487 15.5244 15.5244 5.70848 113 178 0.0243428
868 0.87027 0.983707 662 54739 538 28.6723 7.85669 41.4467 29.1073 33.3973 555 107 0.248252
869 0.906643 1 756 73035 718 36.9295 0.806973 49.3381 29.493 32.9284 557 199 0.323014
870 0.834025 0.728261 641 73765 0 32.5705 3.09053 42.6668 36.5999 31.9212 482 159 1.86713
871 0.967213 0.949425 579 53197 524 31.4644 3.69951 33.9158 24.7029 24.2836 427 152 0.263445
872 0.941406 0.989733 796 80653 723 34.821 1.85025 50.3282 30.6108 32.4997 512 284 0.470239
873 0.92229 0.97619 667 94289 0 34.0186 2.19954 44.5554 30.7778 32.7334 489 178 2.07148
874 0.633267 0.694505 639 91712 356 35.9519 0.977195 40.8347 29.5254 31.2079 499 140 1.02249
875 0.933898 0.991007 727 71746 0 35.6836 1.68577 51.1228 39.1146 41.4886 590 137 2.33125
876 0.855422 0.950287 833 84920 0 34.1494 2.64581 52.3491 32.2321 35.4477 581 252 3.0841
877 0.937381 0.833052 634 60829 0 32.4905 2.8821 39.1726 36.5096 32.5535 527 107 1.81765
878 0.513258 0.608989 707 61130 456 32.9643 3.55922 44.6909 27.9926 32.109 528 179 1.00399
879 0.817289 0.66881 716 69208 0 34.246 0.947716 42.9709 37.3626 29.0722 509 207 2.31911
880 0.945368 0.848614 493 39344 0 29.765 7.1592 33.1783 31.7734 28.2359 421 72 1.09036
881 0.916493 0.688088 681 57296 0 32.6439 3.37487 40.0345 37.5541 27.849 479 202 2.07845
882 0.85873 1 791 102837 0 32.7865 4.5882 51.2916 33.8305 39.3613 630 161 2.8189
883 0.913958 0.965657 647 92565 0 33.8831 2.10426 41.8855 32.1099 34.3147 523 124 1.92047
884 0.991579 0.916342 609 53689 513 30.3367 4.9657 35.8856 30.1472 27.749 475 134 0.137397
885 0.899306 0.959259 770 70652 0 33.8878 2.16425 48.2694 33.7288 35.8159 576 194 2.64683
886 0.954887 0.969466 708 81318 0 34.9488 1.60599 45.7946 33.5855 34.4211 532 176 2.25585
887 0.97037 0.965602 544 47632 514 30.1021 3.78173 32.0428 23.8392 23.8422 405 139 0.185368
888 0.966495 0.815217 548 59576 521 34.0144 1.73743 35.7512 30.2403 25.2738 388 160 0.19309
889 0.921429 0.99422 728 89353 0 35.7246 1.59585 45.9801 33.0364 35.586 560 168 2.41131
890 0.50817 0.643892 785 117264 464 35.9503 0.939344 49.5795 30.5488 37.3463 612 173 1.44065
891 0.703846 0.732 674 60828 460 32.8925 2.25102 41.3341 29.1078 32.1503 520 154 0.825089
892 0.96319 0.989496 640 62097 594 33.4552 1.95648 37.8725 27.1452 27.8254 489 151 0.272194
893 0.981366 0.769481 626 53295 0 37.0672 0.866039 42.9442 42.2459 33.3871 483 143 1.75681
894 0.942418 0.991919 713 105450 0 36.5338 0.770517 48.8948 31.0238 33.0436 521 192 2.31004
895 0.906667 0.969121 630 63488 599 36.0682 1.31273 39.757 26.2777 28.472 450 180 0.239445
896 0.956019 0.858628 570 51438 539 33.1945 2.2347 36.2361 30.022 26.6652 432 138 0.191345
897 0.981707 0.661644 742 108019 0 35.3216 2.41129 47.6722 46.6975 31.4484 492 250 2.53775
898 0.918728 0.996169 664 62206 0 31.8622 4.1869 41.8103 32.4683 35.1733 566 98 1.99613
899 0.556522 0.587156 642 55924 443 35.2393 1.46066 43.023 28.9552 30.1486 460 182 0.732354
900 0.808889 0.686792 617 40607 0 33.2842 3.15621 38.9742 33.6411 27.9658 450 167 1.69968
901 0.997917 0.963783 650 51741 643 32.7819 3.63812 38.9195 29.3773 28.3616 480 170 0.151289
902 0.925258 0.741736 521 35941 0 27.0751 10.1798 33.379 30.8066 24.5073 388 133 1.21987
903 0.618421 0.581443 660 45962 448 28.2285 9.8873 41.8787 29.5861 28.4869 456 204 0.764487
904 0.558887 0.604167 645 51702 469 35.583 2.07513 44.5943 29.1726 31.5605 467 178 0.665229
905 0.901173 1 598 47950 0 24.087 12.5821 34.4677 30.7852 34.4677 597 1 1.59526
906 0.658436 0.63745 671 80491 395 33.2304 2.07492 41.1354 30.3787 28.2124 486 185 1.05583
907 0.956341 0.690691 692 100448 0 36.6502 0.758787 46.5658 44.9197 31.4948 481 211 2.22556
908 0.982927 0.844864 608 63299 539 35.5993 1.52497 38.9535 30.4239 26.4841 410 198 0.334384
909 0.900192 0.875 709 66846 0 35.6572 1.79331 44.8791 34.9471 34.0526 521 188 2.25049
910 0.620387 0.7463 692 115791 404 33.8604 2.31202 43.7779 29.8191 35.956 569 123 1.17038
911 0.985011 0.954357 634 55758 607 36.7684 0.857537 41.2428 30.5082 29.2932 467 167 0.185093
912 0.986538 0.769115 681 81932 0 33.8145 2.85524 43.1387 42.4318 33.1808 520 161 2.11497
913 0.915865 0.846667 587 72078 516 36.7001 0.977622 40.7696 30.506 28.4515 416 171 0.350356
914 0.852336 0.966102 700 92858 613 35.1547 1.54625 45.6804 30.1783 34.1089 535 165 0.482222
915 0.997701 0.725753 615 54398 0 34.4433 1.99295 39.4461 38.5582 28.1444 435 180 1.72655
916 0.962076 1 715 112100 0 38.2034 0.403723 50.6507 30.9116 32.0391 501 214 2.38549
917 0.866667 0.884354 645 71276 584 33.4085 1.76297 37.9356 26.1003 26.7007 450 195 0.33066
918 0.604563 0.659751 699 74468 367 33.509 2.3855 44.6198 30.4554 33.6682 526 173 1.24535
919 0.942379 0.965714 691 74241 0 33.8876 2.95325 44.3398 34.3416 35.1578 538 153 2.17127
920 0.89603 0.925781 675 82820 572 33.5779 1.57453 39.5542 30.074 31.565 529 146 0.503068
921 0.873051 0.92891 677 88500 624 36.6089 2.6353 48.1385 29.0331 30.5708 449 228 0.352798
922 0.903509 0.983294 635 92211 581 32.6705 3.58817 41.5115 27.0923 29.5711 456 179 0.353153
923 0.923894 0.984906 787 61868 0 34.3327 2.20063 45.7646 31.4808 33.6017 565 222 2.71006
924 0.96882 0.939525 659 74529 597 34.1407 1.58357 43.2851 30.4322 29.1148 449 210 0.30326
925 0.969762 0.988987 642 81168 0 37.6382 0.593158 45.6761 32.3826 33.0889 463 179 1.85435
926 0.832215 0.934673 609 70288 564 36.6172 1.54759 43.2644 26.6438 30.0418 447 162 0.298373
927 0.534221 0.587866 727 104267 390 33.3578 2.71725 43.8543 29.7675 30.8248 526 201 1.37267
928 0.948515 0.770096 672 89367 0 33.7779 1.35844 39.5496 36.6961 29.0459 505 167 2.06559
929 0.989437 0.83631 679 67195 0 30.8476 6.47305 41.9116 41.5746 34.2581 568 111 2.07502
930 0.972678 0.685934 536 35720 521 25.5904 11.3395 31.4083 30.3415 21.595 366 170 0.115185
931 0.897533 0.971253 674 59574 598 34.4006 3.73481 43.1194 30.5109 32.6029 527 147 0.39277
932 1 0.901709 623 54639 575 30.2904 7.769 39.2748 29.0909 26.1882 422 201 0.262587
933 0.939571 0.906015 664 68371 0 33.0664 2.17962 39.3639 31.4849 30.5753 513 151 1.9508
934 0.963203 0.946809 670 65667 636 35.1833 1.29662 43.3371 29.0265 28.4498 462 208 0.258559
935 0.958254 0.98249 638 56227 0 34.0271 2.25882 41.1015 33.227 33.9649 527 111 1.82914
936 0.480565 0.604444 748 80664 438 36.1818 1.25398 49.8075 30.2932 36.6634 566 182 1.24571
937 0.955769 0.965049 655 50385 613 32.0535 3.82007 36.8105 29.6441 29.9555 520 135 0.241483
938 0.990361 0.978571 597 73982 584 32.1341 6.61834 40.2873 27.1999 26.9054 415 182 0.185249
939 0.540486 0.604072 675 57557 439 34.9244 1.68193 43.4347 28.7664 31.4084 494 181 0.894468
940 0.988662 0.880808 555 52770 0 32.6897 5.42477 37.0799 32.9538 29.8929 441 114 1.42529
941 0.98289 0.953875 686 63460 651 31.0022 4.27232 38.106 30.1241 29.4375 526 160 0.266841
942 0.893048 0.915068 526 71353 487 33.2699 2.3753 33.4706 22.4601 22.8785 374 152 0.238979
943 0.572314 0.607456 671 95867 417 34.5555 2.21346 43.0382 29.3173 30.3345 484 187 0.998646
944 0.997642 0.990632 562 48935 555 33.0211 2.33307 36.681 27.9036 27.7167 424 138 0.120929
945 0.917785 0.741192 802 96898 0 33.0706 3.78728 51.3287 48.0528 38.9237 596 206 2.89731
946 0.520792 0.553684 722 94067 453 35.8276 0.837277 49.4932 30.4042 34.7025 505 217 1.11845
947 0.958824 0.995927 617 60323 583 31.8766 2.54135 36.5307 28.8241 30.0702 510 107 0.222064
948 0.984615 0.665511 587 55948 0 32.3805 2.17712 33.9008 33.2216 22.8154 390 197 1.56565
949 0.951128 0.986355 682 55752 0 33.8967 2.34761 41.6893 31.4344 32.8382 532 150 2.08431
950 0.582888 0.698718 727 82948 418 34.056 2.40032 46.5577 29.3043 36.1787 561 166 1.23146
951 0.693387 0.662835 681 48562 462 32.8106 2.16714 39.9021 30.5111 29.7824 499 182 0.838688
952 0.549053 0.688985 784 107343 550 34.9654 1.46183 48.6663 28.7856 36.3363 581 203 1.10171
953 1 0.994819 560 46351 383 40.462 0.00506823 42.5267 27.4337 27.313 384 176 0.0927827
954 0.841567 0.76947 737 78944 0 34.004 3.073 45.9736 40.034 35.5718 587 150 2.43898
955 0.90604 0.992647 721 86399 0 32.6768 2.29424 41.7126 32.0909 34.9923 596 125 2.34527
956 0.932624 0.977695 716 124440 0 34.1413 0.59326 44.1131 32.7416 34.5628 564 152 2.36302
957 1 0.571429 428 17000 427 16.9823 19.5142 22.6147 22.6147 12.6864 244 184 0.0403729
958 0.517241 0.586957 719 62777 505 36.5288 1.24614 48.0802 29.8819 33.1914 522 197 0.889967
959 0.925301 0.945813 558 59161 536 34.4898 1.94588 36.8194 26.9992 27.6939 415 143 0.179701
960 0.889961 0.978769 668 63178 0 34.6854 1.75371 42.5927 30.6382 33.6533 518 150 2.01191
961 0.963883 0.953125 569 59171 544 33.9921 2.31218 36.4531 28.5051 28.2135 443 126 0.187325
962 0.934783 0.953629 670 81939 0 35.4206 1.56437 42.6006 31.6583 32.2331 506 164 2.09535
963 0.624277 0.704348 661 56157 381 35.0889 1.50316 43.6418 30.5361 34.6193 519 142 0.976673
964 0.897839 0.974414 672 61024 611 28.5504 8.9818 42.3736 29.6404 32.2484 509 163 0.348498
965 0.962963 1 600 92975 588 38.7732 0.486763 44.0267 28.5588 29.7577 432 168 0.216551
966 0.484496 0.568182 708 74235 359 32.3695 2.47583 43.1598 26.2572 30.8675 516 192 1.31507
967 0.844797 0.973577 698 79191 0 35.858 1.33962 46.6601 32.9077 37.3594 567 131 2.22051
968 0.928826 0.767647 721 54663 0 30.7005 5.94615 45.0258 43.0063 34.8344 562 159 2.30305
969 0.928421 0.944325 650 48286 632 31.8852 3.72533 38.7932 27.345 27.7708 475 175 0.160376
970 0.965657 0.944664 688 72346 0 32.5077 3.75094 44.6468 33.2008 32.4411 495 193 2.12996
971 0.921495 1 693 74092 0 36.0152 1.70679 48.2028 31.4692 34.2457 535 158 2.18442
972 0.994 0.731959 685 126867 0 37.2594 1.01654 45.8447 45.3583 32.5018 500 185 2.25605
973 0.862069 0.695652 647 64781 0 33.7803 2.68453 39.3926 35.2132 28.2734 464 183 1.91
974 0.955399 0.920814 604 45894 563 34.1558 2.9352 41.165 29.6819 29.0096 426 178 0.222002
975 0.444099 0.632743 811 95926 525 35.5328 1.9671 53.2099 30.1835 39.0236 644 167 1.31928
976 0.94403 0.961977 746 69602 0 33.8808 2.4685 46.0349 31.8202 32.5122 536 210 2.49739
977 0.590099 0.652079 678 82694 356 33.8784 2.40749 43.9594 29.3072 32.439 505 173 1.19029
978 0.977035 0.981132 641 49341 591 33.4791 3.63204 39.7118 29.9068 30.1499 479 162 0.262739
979 0.973948 0.97006 667 99779 0 31.608 5.76476 41.2551 31.1027 31.1398 499 168 2.08208
980 0.749536 0.715044 725 83020 0 34.8085 1.76072 43.0069 34.4256 32.2424 539 186 2.35165
981 0.551587 0.636156 667 74512 428 34.8354 1.11106 43.8401 27.77 34.1286 504 163 0.925481
982 1 0.637394 354 13518 353 14.1934 24.6862 19.6202 19.6202 12.294 225 129 0.0313032
983 0.538333 0.661885 769 80961 505 33.707 2.03536 44.8535 29.1315 35.7695 600 169 1.14662
984 1 0.512821 391 19951 390 15.0227 23.8969 22.9367 22.9367 11.4303 200 191 0.0440566
985 0.910042 0.95815 722 98880 670 34.2143 1.55512 48.3006 30.0423 31.8012 478 244 0.38731
986 0.995506 1 652 49645 642 33.1122 3.6323 41.4951 26.1433 26.2649 445 207 0.144333
987 0.710579 0.662942 687 55893 311 32.7691 2.42477 38.9019 30.4302 28.4996 501 186 1.32673
988 0.979716 0.967936 667 57655 633 32.6169 3.68545 40.8788 30.4162 29.8805 493 174 0.231785
989 0.943089 0.895753 725 105224 0 35.8307 1.27478 48.4562 34.8798 32.9254 492 233 2.44947
990 0.926692 0.987976 699 52930 640 33.4059 2.67094 43.6069 30.4843 32.685 532 167 0.316156
991 0.831874 0.967413 782 78719 0 33.0722 4.86767 51.2276 30.8344 35.945 571 211 2.73516
992 1 1 496 34512 495 23.5184 12.4182 29.2375 29.2375 29.2375 495 1 0.073571
993 0.898876 0.956175 714 62559 0 35.3988 1.43477 48.4715 33.4071 35.6044 534 180 2.28873
994 0.934974 0.928447 757 75454 0 33.7825 2.15789 43.9283 33.5384 33.7654 569 188 2.55775
995 0.937626 0.954918 635 59565 0 34.5519 1.75271 39.1788 30.8853 31.2435 497 138 1.8359
996 0.929178 0.623574 556 45904 0 28.7526 7.89778 35.4424 33.7123 21.1499 353 203 1.42993
997 0.870968 1 710 76309 607 34.6823 2.83656 47.3328 30.3014 34.7666 558 152 0.509161
998 0.93858 0.929658 759 77181 0 34.2567 3.55293 48.8643 33.7123 33.4749 521 238 2.5883
999 0.905336 0.972274 784 63585 702 31.9117 3.70353 46.2874 30.583 32.9841 581 203 0.473396
