0 0.954654 0.982801 611 37433 609 25.0977 12.4766 33.5603 22.6403 23.5897 419 192 0.0858594
1 0.982801 0.867679 568 58903 565 34.4196 1.74029 37.3666 30.4708 27.0271 407 161 0.101312
2 0.946429 0.946429 728 73575 725 33.7036 3.28526 44.3767 30.3385 30.1263 504 224 0.131476
3 0.923788 0.968523 564 48228 562 25.3685 12.5027 34.1548 25.2229 26.527 433 131 0.0870483
4 0.911504 0.959032 746 81166 0 33.727 1.32788 42.4739 31.2389 32.8451 565 181 2.474
5 0.93911 0.930394 607 63830 603 32.3333 2.14455 36.9832 26.6692 26.182 427 180 0.110321
6 0.965909 0.97254 620 61218 618 28.7989 8.95522 39.0341 25.9466 26.1613 440 180 0.111533
7 0.860558 0.957871 664 65724 662 34.4396 1.32697 39.7642 27.0661 30.0287 502 162 0.121007
8 0.97913 0.987719 734 101337 0 35.8901 1.58379 52.2149 40.0784 40.2289 575 159 2.42902
9 0.93345 0.994403 666 69626 0 33.939 2.1212 40.9868 32.9577 35.0258 571 95 2.00919
10 0.989083 0.857955 656 86821 0 36.754 1.29358 44.8416 36.2311 31.0021 458 198 1.96645
11 0.922261 0.957798 701 75574 0 33.834 1.36463 42.6999 33.4279 34.4406 566 135 2.21524
12 0.925121 0.94802 702 59443 700 32.7126 3.00338 42.8311 24.1576 24.8624 414 288 0.111708
13 0.762295 0.958763 615 68469 613 31.5177 2.89074 36.3884 22.5418 29.1411 488 127 0.117223
14 0.926366 0.898618 618 49777 0 37.3045 1.29561 43.3159 30.8431 30.2805 421 197 1.73343
15 0.871224 0.964789 796 120727 0 36.1386 0.906323 53.0883 38.7599 42.7886 629 167 2.85148
16 0.93456 0.897839 659 55699 0 33.732 1.52003 43.0289 33.41 32.0497 489 170 1.95131
17 0.931718 0.992958 627 71562 625 35.215 1.50644 43.0195 27.7761 29.584 454 173 0.137776
18 0.910345 0.977778 605 40263 595 31.4881 3.73201 36.0966 23.8078 25.6633 435 170 0.0851767
19 0.995624 0.938144 625 41226 623 33.3999 3.3874 38.7735 29.6494 27.9997 457 168 0.0837691
20 0.915289 0.965142 661 55830 659 33.7552 3.4312 41.5712 28.2252 29.8324 484 177 0.104652
21 0.938166 0.97561 631 56019 629 32.727 4.57259 41.2699 27.0458 28.3403 469 162 0.103325
22 0.955556 1 495 29989 493 23.3707 15.2132 32.085 17.1359 18.2377 315 180 0.0607239
23 0.953757 0.970588 736 63322 733 33.5912 2.39895 45.4236 29.8565 30.3204 519 217 0.116846
24 0.92057 0.96788 617 62550 611 31.0074 2.99038 34.6148 26.6226 27.789 491 126 0.11023
25 0.950644 1 513 34898 511 23.175 14.864 32.9763 28.6874 30.2167 466 47 0.0667957
26 0.969789 0.927746 515 36600 513 24.932 12.8916 31.2907 21.5843 20.4584 331 184 0.0686032
27 1 0.538793 465 22606 463 21.6169 17.0533 28.2748 28.2748 15.1446 250 215 0.0423365
28 0.904665 0.938947 633 65746 631 33.0518 1.76112 37.8411 29.0113 30.3188 493 140 0.126171
29 0.989669 0.977551 680 77007 0 37.8463 0.623493 46.6058 33.2279 32.8228 484 196 2.07087
30 0.82679 1 627 65556 625 34.0189 2.03269 37.7639 19.7663 24.0121 433 194 0.115413
31 0.978892 0.976316 493 53723 489 35.5659 2.66046 33.1126 25.7669 25.7392 379 114 0.0915626
32 0.860606 0.974271 851 124782 0 36.2338 1.11982 55.9935 38.4182 43.7512 660 191 3.23696
33 0.915718 0.802395 665 59257 660 31.5031 5.3354 40.1031 30.0456 26.5498 439 226 0.11384
34 0.92986 0.92986 669 58663 664 32.41 3.29658 41.2669 30.1804 29.9705 499 170 0.111606
35 0.872566 0.986 761 58631 755 32.7308 3.79052 46.6164 30.5109 34.3794 565 196 0.129825
36 0.978541 0.982759 680 75629 676 36.96 0.702548 45.416 30.4531 30.4289 466 214 0.139855
37 0.875622 0.98324 785 78804 0 33.8954 1.94933 48.7364 34.0981 38.8201 603 182 2.72772
38 0.868908 0.960967 811 130535 0 35.0827 1.39397 51.0714 33.5807 36.9517 595 216 2.95626
39 0.888889 0.956701 684 58859 680 33.417 3.27053 42.7697 30.2975 32.78 522 162 0.110254
40 0.965021 0.965021 640 60430 0 35.0323 2.37582 42.2334 31.5364 31.3536 486 154 1.81666
41 0.9447 0.964706 577 61257 575 34.3455 2.05078 36.8345 27.2238 27.7549 434 143 0.107189
42 0.987654 0.987654 691 75746 688 35.4486 1.47847 43.6288 30.3651 30.2047 486 205 0.128844
43 0.879032 0.971047 676 70639 669 35.1001 1.75298 44.968 30.5708 33.9166 496 180 0.13828
44 0.903308 0.972603 570 69016 567 34.9205 1.50763 36.8113 23.6433 25.5152 393 177 0.115496
45 0.757895 0.96 682 54757 671 31.3404 5.27473 41.634 28.0063 34.8575 570 112 0.13486
46 0.915094 0.98778 716 55562 712 32.6205 3.18754 44.4571 30.1452 32.7521 530 186 0.107217
47 0.977273 0.987474 708 88884 0 37.8598 1.02086 47.9723 31.7689 32.2722 484 224 2.26035
48 0.907527 0.946188 591 37884 589 29.8177 5.50046 35.6227 26.7883 27.6688 465 126 0.075511
49 0.892857 0.969828 626 54628 624 28.5484 7.69711 36.1158 26.9764 29.1397 504 122 0.101124
50 0.974757 0.941839 704 68932 0 36.7828 1.22851 45.6291 34.8706 33.2562 515 189 2.24074
51 0.932143 0.972067 729 78321 0 35.5496 1.69218 46.7904 34.4859 35.5003 560 169 2.38309
52 0.940299 0.990177 710 72129 0 36.0572 1.10896 48.1563 34.4059 36.1364 536 174 2.26454
53 0.912451 0.96701 633 68574 630 35.0313 1.41017 39.2139 30.2231 32.2002 514 119 0.121888
54 0.950355 0.990758 729 83846 0 37.1375 1.19103 50.1018 34.3678 35.9482 564 165 2.37924
55 0.985994 0.948787 563 36944 561 24.5393 14.6555 35.5427 23.0101 22.4084 357 206 0.07244
56 0.934737 0.973684 585 58950 580 33.681 1.82617 37.2394 29.8364 30.8776 475 110 0.102557
57 0.914835 0.951429 547 34167 545 23.789 13.6195 32.8298 20.4112 21.3155 364 183 0.067695
58 0.854043 0.981859 677 74349 675 32.9559 2.35593 41.6021 26.1985 30.2529 507 170 0.1309
59 0.976596 0.954262 635 39841 631 32.257 5.50765 39.3747 29.9777 29.1808 470 165 0.0824714
60 0.924107 0.96729 555 39411 553 29.905 3.88981 32.1177 24.6794 26.0638 448 107 0.0751582
61 0.895397 0.955357 569 71123 567 33.1846 2.92623 35.453 28.2828 30.1722 478 91 0.119047
62 0.837638 0.953782 727 120574 724 34.1792 1.82614 44.5398 28.3003 32.3213 542 185 0.201061
63 0.939689 0.964072 626 39371 0 33.9184 3.11396 39.7246 31.6857 32.3211 514 112 1.78721
64 0.978131 0.98994 613 63716 0 32.5639 2.56629 39.0332 31.3357 31.4864 503 110 1.73871
65 0.809683 0.97 751 80737 748 33.3232 2.62043 45.6936 30.4669 36.3671 599 152 0.144973
66 1 0.38191 200 6395 198 8.83933 29.7076 10.3656 10.3656 3.84963 76 124 0.0120548
67 0.850267 0.959759 704 67751 0 35.7272 1.21862 45.0147 32.0076 36.2649 561 143 2.23481
68 0.981366 0.934911 660 50901 0 34.5496 1.51106 42.8696 32.8292 30.9167 483 177 1.90411
69 1 0.345794 215 6918 213 8.49954 30.3894 11.254 11.254 3.67854 74 141 0.0152192
70 0.949045 0.957173 621 66062 619 32.5914 2.45952 36.7071 27.5721 28.0673 471 150 0.132333
71 0.968326 0.938596 601 54313 599 33.927 2.05796 38.6774 29.754 28.7903 442 159 0.0988582
72 0.925532 0.964523 624 50147 622 31.2608 2.71123 37.1281 26.5897 27.9861 470 154 0.0927188
73 0.974937 0.974937 596 61595 594 38.0126 1.08843 42.7155 28.7168 28.8564 399 197 0.109357
74 0.950216 0.952278 607 63813 605 34.1056 1.71964 38.393 29.1935 29.2678 462 145 0.109679
75 0.949515 0.987879 717 80403 0 35.6413 1.66397 47.1963 31.8367 33.2792 515 202 2.29558
76 0.899029 0.991435 668 71191 666 32.932 2.06252 37.9905 26.2826 28.642 515 153 0.125007
77 0.963834 0.985213 699 55588 0 33.4085 2.82988 46.9872 35.9391 37.1363 553 146 2.16743
78 0.898455 0.983092 586 43610 584 32.8194 2.77045 37.2986 25.668 28.4707 453 133 0.0827465
79 0.884532 0.946387 594 54846 592 31.5088 2.98636 35.0769 25.8368 27.634 459 135 0.100354
80 0.909605 0.964072 759 97765 0 36.2746 1.21254 51.0622 31.9905 34.2286 531 228 2.58989
81 0.951515 0.993671 642 58017 0 34.3212 3.57014 44.0655 31.4543 33.1474 495 147 1.89678
82 0.871508 0.936 714 77407 710 33.9375 2.94596 43.5416 30.4168 32.4726 537 177 0.141915
83 0.798246 0.945455 654 54555 652 31.8021 3.15262 37.6308 22.0597 25.7698 456 198 0.10571
84 0.818182 0.928571 594 59073 592 34.3085 2.06583 39.0587 23.7844 27.6506 429 165 0.108476
85 0.93287 0.937209 585 60600 583 32.1748 2.93377 34.9224 25.6057 25.8042 432 153 0.111966
86 0.925743 0.966408 614 53602 612 32.3942 3.46674 37.8693 24.4768 25.4798 404 210 0.102418
87 0.968889 0.943723 609 99943 603 36.0542 1.19046 40.6844 30.4894 29.6254 450 159 0.1703
88 0.976344 0.984816 623 51706 619 33.3591 3.73218 41.4232 30.4499 30.9109 465 158 0.0996031
89 0.972569 0.992366 506 37676 504 30.8244 6.48464 32.7929 25.8079 26.1893 401 105 0.0728121
90 0.950104 0.987041 698 58833 693 34.9845 2.56606 47.0333 30.5451 31.6718 481 217 0.119969
91 1 0.486486 334 15227 332 15.2682 24.4399 21.0585 21.0585 8.93897 162 172 0.0284247
92 0.96473 0.89942 696 80975 0 35.5216 1.33816 45.5842 34.3199 32.0764 482 214 2.24174
93 0.882105 0.985882 578 56286 576 32.6448 1.55462 33.1672 24.4004 27.2648 475 103 0.104045
94 0.947262 0.958932 638 54421 0 34.766 1.61649 40.1068 31.0412 31.1977 493 145 1.8866
95 0.910615 0.966403 704 102949 0 35.2809 1.38635 44.7472 33.2948 35.2057 537 167 2.32962
96 0.874126 0.954198 728 55919 0 35.4875 1.45719 46.363 33.2465 36.053 572 156 2.41347
97 0.950783 0.957207 550 51180 487 31.5714 6.64017 36.5896 29.332 29.4483 447 103 0.0937237
98 0.966805 0.937626 706 93852 703 30.7125 6.23242 41.3339 30.2455 29.3698 482 224 0.160131
99 0.995885 0.849123 689 94485 0 36.2253 0.961286 45.6365 37.4658 32.0366 486 203 2.14797
100 0.933824 0.960302 725 71799 0 35.5165 0.932253 48.5532 36.2182 37.2997 544 181 2.2759
101 0.946429 0.938053 589 40462 587 32.2044 3.92065 36.1652 27.2192 27.0427 448 141 0.0778906
102 0.865672 0.955294 704 71501 702 31.9133 4.69123 46.0516 26.4204 29.619 469 235 0.128829
103 0.889336 0.993258 641 59751 638 33.3828 2.54257 41.3451 28.5353 32.3191 497 144 0.112154
104 0.926471 0.907407 652 57016 0 34.6271 1.44774 44.1619 33.3305 32.5611 476 176 1.90348
105 0.86836 1 605 46701 603 29.9731 8.01462 38.5397 21.095 24.3267 433 172 0.0905008
106 0.968504 0.899452 715 81173 0 35.7399 1.97448 47.8976 36.8118 33.7822 508 207 2.35291
107 0.967391 0.940803 628 64329 0 35.4272 2.42422 42.5372 31.4196 30.1903 460 168 1.84921
108 0.863039 0.987124 716 96915 709 34.7178 1.30062 45.9756 29.2122 33.9336 533 183 0.181057
109 0.872294 0.995062 603 45975 601 33.5476 1.76542 36.4544 23.347 26.4049 462 141 0.0892763
110 0.789474 0.9689 705 64168 703 32.8834 2.99856 41.6667 24.5499 30.4323 513 192 0.122564
111 0.889535 0.940574 717 90798 712 35.7838 1.05767 45.1374 30.3832 32.2313 516 201 0.164138
112 0.941048 0.997685 590 34119 588 32.5625 4.22562 36.9077 27.0364 28.6756 458 132 0.0731604
113 0.949561 0.966518 634 85276 631 36.3522 1.80079 41.5979 29.4438 29.754 456 178 0.150741
114 0.92161 0.988636 611 50949 609 26.7702 9.77174 36.3579 25.5957 27.4685 472 139 0.10117
115 0.936264 0.932166 627 63828 625 33.4724 1.89062 36.6767 27.1614 26.7734 455 172 0.118361
116 0.936475 0.925101 695 70257 0 33.7849 3.70399 44.5714 31.6209 31.1169 488 207 2.19808
117 0.913043 0.993827 733 87653 731 35.3023 2.65629 49.1774 28.9402 31.562 529 204 0.17746
118 0.954955 0.988345 618 39887 616 31.8304 2.99771 34.3001 24.1657 24.9483 444 174 0.0917927
119 0.890995 0.98087 795 94862 0 34.4443 1.40608 50.5245 36.6561 40.5604 633 162 2.87873
120 0.934328 0.894286 509 59649 502 37.8431 0.954879 34.4213 23.4803 22.4904 335 174 0.102594
121 0.897248 0.993902 708 93699 706 32.5068 2.83876 41.7828 28.4136 32.3392 545 163 0.164334
122 0.932271 0.966942 670 52711 663 34.7968 1.15966 42.0186 30.4906 31.27 502 168 0.11376
123 0.869654 0.930283 682 48376 680 31.354 4.41825 40.3089 26.4316 28.2458 491 191 0.098259
124 0.956422 0.965278 636 76304 634 30.1838 6.62143 40.7655 25.6518 25.8377 436 200 0.132593
125 0.995918 0.951267 669 42634 666 29.933 5.8438 39.4868 30.0244 28.3922 490 179 0.0923401
126 0.943478 0.889344 658 86469 0 36.4532 1.32025 47.6799 35.4451 32.9116 460 198 2.01794
127 0.985537 0.97546 631 71688 0 36.3373 0.598701 41.7482 32.6204 32.4806 484 147 1.84224
128 0.977387 0.9725 549 40843 545 35.6788 0.739821 37.8661 27.3069 27.0673 398 151 0.0806718
129 0.974684 0.968553 662 73263 0 36.8594 0.646804 46.2482 33.4864 33.4902 474 188 2.00848
130 0.944828 0.925676 593 58853 589 35.283 1.72698 37.6504 28.1572 27.7056 435 158 0.108511
131 0.918197 1 778 107649 0 38.1722 1.28608 58.0381 37.8938 41.1676 599 179 2.74693
132 0.838961 0.836788 599 52883 597 32.6813 2.44374 38.3807 24.2914 23.3295 385 214 0.100817
133 0.90748 0.912871 722 66295 718 27.1078 11.3563 45.244 30.1777 30.7997 508 214 0.128572
134 0.980198 0.976331 695 45219 692 29.0786 7.59246 42.1394 29.8513 30.0362 505 190 0.0886195
135 0.891129 0.965066 693 90525 687 35.9612 0.880058 44.5488 28.5633 31.053 496 197 0.155425
136 0.992308 0.977273 689 72807 0 36.9737 0.491539 49.2975 36.6435 36.0239 520 169 2.13163
137 0.810714 0.963907 726 69597 719 33.2305 3.82401 45.8039 30.1462 35.4475 560 166 0.139117
138 0.965583 0.90991 717 80629 0 32.3143 2.12351 43.2405 33.4034 31.6486 523 194 2.30146
139 0.848303 0.997653 720 96125 718 32.0357 4.01835 42.8396 24.1556 28.8774 501 219 0.163113
140 0.920605 0.977912 699 111819 695 34.9841 1.20515 42.9847 30.4794 32.3879 529 170 0.177393
141 0.959402 0.945263 627 61001 0 34.9803 1.63924 41.7384 31.5795 31.3259 468 159 1.80497
142 0.992736 0.91314 563 46256 560 30.9567 6.86496 37.6993 30.1459 27.8663 413 150 0.0910131
143 0.919725 0.91344 615 39189 613 31.4576 3.36271 35.9197 26.069 25.7146 436 179 0.0822865
144 0.856887 0.954183 781 88056 0 32.6443 3.77769 49.9603 31.2009 34.7377 559 222 2.77524
145 0.970149 0.997442 532 55798 530 32.9097 2.02906 32.6097 23.9769 24.6173 402 130 0.0981061
146 0.905882 0.912322 635 57410 633 33.387 4.06977 40.9123 26.9505 27.3325 425 210 0.108828
147 0.906198 0.987226 746 103549 0 34.758 1.64984 48.332 35.1026 38.6288 597 149 2.56499
148 0.944238 0.990253 731 99613 0 34.174 2.52341 46.7283 32.6251 34.2975 538 193 2.38586
149 0.97555 0.952267 549 57544 546 36.47 1.14876 36.9639 28.2826 27.9028 409 140 0.0983731
150 0.915254 0.957871 667 71239 661 35.5073 1.55353 43.729 29.8231 31.6075 472 195 0.127814
151 0.935849 0.992 710 96888 0 36.3876 1.67207 48.3911 31.6365 33.3365 530 180 2.25188
152 0.912639 0.991919 667 75250 0 35.4412 1.99737 46.5176 34.0878 37.4093 538 129 1.95592
153 0.910913 0.90287 597 72841 592 35.4491 2.02576 40.0821 30.5243 30.6207 449 148 0.123482
154 0.970252 0.979215 615 93920 613 36.8224 0.73635 41.166 28.8629 29.147 437 178 0.167719
155 0.968284 0.968284 765 86085 0 34.6596 3.24623 50.3436 35.7161 35.7916 536 229 2.57493
156 0.834016 0.939954 623 61052 621 32.8835 2.77017 37.439 25.7084 29.1185 488 135 0.110994
157 0.973415 0.987552 714 79841 709 34.9315 1.91286 44.9044 29.9369 30.4383 489 225 0.141236
158 1 1 457 41864 455 26.2784 11.4994 28.5899 28.5899 28.5899 456 1 0.0654051
159 0.848325 0.952475 711 91025 0 34.1595 1.85199 45.4973 32.8638 36.5015 567 144 2.31477
160 0.856287 0.934641 639 70378 632 34.8168 1.2595 42.0029 30.1927 33.1841 501 138 0.137155
161 0.975309 0.853132 599 45281 597 27.4308 10.78 37.322 29.0955 25.4485 405 194 0.089491
162 0.946581 0.975771 608 47407 606 32.2426 2.65169 35.2142 25.6627 26.4303 468 140 0.091901
163 0.869198 0.976303 629 43200 627 32.1713 2.72164 36.4772 23.799 26.9817 474 155 0.0868696
164 0.969977 0.954545 606 67261 602 36.5009 1.50967 41.5455 30.4726 29.8971 433 173 0.119959
165 0.875887 0.995968 688 85240 0 33.9827 2.63742 44.3199 32.1468 36.5191 564 124 2.14648
166 0.930526 0.980044 618 39736 616 34.9005 1.66515 39.1935 28.2621 29.8601 475 143 0.0774366
167 0.971134 0.989496 685 82059 0 34.6465 2.40733 43.4245 30.6926 31.3854 485 200 2.09281
168 0.985612 0.919463 564 67827 561 33.4934 3.76763 38.548 30.3039 27.9165 417 147 0.109551
169 0.894281 0.99422 738 98424 0 32.3348 4.26424 46.0503 31.4745 35.3078 577 161 2.4295
170 0.863063 0.985597 720 68446 0 35.5568 1.07977 46.4953 31.0103 35.4283 555 165 2.36864
171 0.977586 0.986087 756 66510 0 34.6747 1.76693 48.1458 36.7486 37.0563 580 176 2.56925
172 0.946154 0.953488 658 61628 0 35.9977 1.51233 45.0484 35.7994 36.3141 520 138 1.9301
173 0.891266 0.996016 687 61411 0 33.0551 3.18641 42.1493 30.5663 34.309 561 126 2.0672
174 0.898911 0.974705 823 94894 0 33.7791 2.26538 47.5007 34.4814 37.9209 643 180 2.93713
175 0.906667 0.961616 750 99294 657 33.5003 2.6336 47.1674 30.4194 33.1064 525 225 0.1827
176 0.953237 0.979667 756 80454 0 32.3686 4.9744 48.3211 33.5551 34.7648 556 200 2.48055
177 0.950413 0.993521 646 70592 642 35.5261 1.68006 42.4447 30.243 31.6586 484 162 0.138981
178 0.894137 0.982111 798 86086 0 33.0543 2.50114 49.9558 34.5136 37.9856 614 184 2.85479
179 0.932849 0.975332 686 74133 0 32.095 4.9505 46.1771 35.1373 36.5894 551 135 2.15978
180 0.93722 0.954338 654 63217 652 31.1014 4.98401 41.3302 26.704 27.121 446 208 0.128648
181 0.950287 0.93597 677 71515 0 36.2122 1.03064 44.0237 34.6891 34.1389 523 154 2.0885
182 0.826996 0.988636 702 59996 700 32.3172 2.06141 39.8429 25.03 30.3199 526 176 0.115426
183 0.944898 0.916832 654 57324 651 33.5298 2.11055 39.9756 30.2243 29.519 490 164 0.108172
184 0.981096 0.988571 679 52778 0 31.855 3.96627 41.7051 32.0903 32.4871 529 150 2.09125
185 0.8413 0.934183 644 47769 635 35.1102 1.76966 41.6723 30.4967 34.0164 523 121 0.112428
186 0.918164 0.952381 700 82972 0 35.3794 1.08094 45.6834 30.9653 31.4529 501 199 2.26567
187 0.920177 0.976471 654 74245 652 33.2286 2.80676 43.2557 27.8657 29.2454 451 203 0.132459
188 0.963942 0.936916 590 52030 586 36.6594 0.659662 40.7673 29.8946 28.9362 416 174 0.097579
189 0.981651 0.873469 631 49844 0 30.8099 6.65566 39.4202 30.6203 27.5021 436 195 1.83082
190 0.886525 0.959693 715 66809 0 33.2365 2.53117 44.8104 31.9088 35.1463 564 151 2.31836
191 0.96679 0.983114 680 59398 0 32.9489 3.76599 43.4474 33.9156 34.5349 542 138 2.10233
192 0.963783 0.983573 664 80330 0 35.9004 2.13908 47.1594 34.8971 35.6247 497 167 2.05628
193 0.940898 0.980296 585 70315 583 33.4959 1.48795 36.7602 24.7936 25.845 423 162 0.124578
194 0.977974 0.971554 595 68387 0 36.0218 1.30214 41.8027 30.9364 30.8266 454 141 1.65287
195 0.931429 0.920904 733 58495 725 30.6142 5.05752 42.1023 30.5272 30.4124 525 208 0.132089
196 0.994 0.930712 670 42636 0 34.8832 2.40014 43.8023 35.5578 33.4845 500 170 2.04279
197 0.943515 0.903808 701 65951 0 33.9675 3.06946 44.2256 31.6768 30.6966 478 223 2.24087
198 0.962704 0.947248 607 99978 603 37.7877 0.420624 43.0474 30.4844 29.7769 429 178 0.168008
199 0.857759 0.987593 644 53207 642 32.7738 2.92792 39.2121 24.2189 27.8305 464 180 0.103755
200 0.938073 0.990315 578 83359 576 34.3157 1.77131 39.2543 26.2754 27.7929 436 142 0.140196
201 0.858907 0.997951 629 63075 0 29.9604 6.73659 40.4615 31.4387 36.5282 567 62 1.63341
202 0.928726 0.914894 727 73854 723 35.5743 1.24549 46.6883 29.7857 29.7018 463 264 0.13631
203 0.930521 0.956633 601 72782 588 31.8267 3.17817 36.3694 21.6711 22.2908 403 198 0.140915
204 0.953846 0.94898 794 89798 0 34.6531 1.60513 46.3314 35.0469 35.2278 585 209 2.87188
205 0.97093 0.967181 708 96870 0 35.9254 1.15943 46.2461 34.3073 33.9821 516 192 2.33514
206 0.944444 0.890985 682 56659 679 34.7034 2.24823 42.494 29.8462 28.2794 450 232 0.107762
207 0.985401 0.987805 587 50911 585 36.9934 1.95676 38.3449 27.3007 27.2155 411 176 0.096995
208 0.856597 0.993348 672 44399 670 32.4817 3.70899 40.0091 25.5355 30.1697 523 149 0.0929346
209 0.972826 0.950442 767 62204 0 36.7878 1.02116 48.8233 37.0431 35.9527 552 215 2.66342
210 0.919776 0.980119 690 76642 687 33.9253 1.43383 41.9214 30.1003 32.2216 536 154 0.136642
211 0.877095 0.991579 762 78009 760 34.4453 2.2951 48.0089 28.1462 31.551 537 225 0.146503
212 0.981818 0.96861 570 47901 567 37.2516 0.855194 38.8067 29.7564 29.2702 440 130 0.0877063
213 0.881443 0.966102 786 72354 0 34.6221 1.58229 47.6513 33.0703 35.983 582 204 2.80638
214 0.98 0.863014 667 75683 0 34.519 1.7362 42.0936 31.8071 28.1478 450 217 2.07945
215 0.876448 0.945833 703 63524 700 34.0169 2.20365 43.0032 30.0268 32.8657 518 185 0.117561
216 0.884112 0.981328 678 100689 675 33.0327 2.05822 42.7532 30.1323 33.478 535 143 0.168937
217 0.932243 0.932243 619 87030 615 35.8663 1.59841 40.7791 27.7417 27.6477 428 191 0.154611
218 0.988 0.95 752 80781 0 38.4283 0.412227 54.8047 35.6398 34.3963 500 252 2.5795
219 0.964211 0.970339 613 66299 0 37.2533 0.942085 42.0515 32.713 32.7493 475 138 1.75786
220 0.966337 0.972112 624 64985 619 32.4564 2.29616 37.0919 29.885 30.1529 505 119 0.118889
221 0.890086 0.953811 644 71669 642 32.978 2.48584 38.9412 25.9656 27.942 464 180 0.128741
222 0.909548 0.983696 553 43994 551 32.4296 3.64307 35.268 20.5387 22.1174 398 155 0.0836903
223 0.946429 0.9 720 76924 717 33.0411 3.34216 42.937 30.0975 28.8788 504 216 0.139391
224 0.867672 0.975518 822 80841 0 35.3317 1.91253 49.3542 32.613 36.0114 597 225 3.03416
225 0.903689 0.969231 625 51963 617 33.1233 2.47784 37.444 27.5159 29.672 488 137 0.0997867
226 0.918095 0.975709 706 59896 701 33.3593 2.46346 43.1793 30.2971 32.1395 525 181 0.113888
227 0.95339 0.914634 586 63960 0 34.3553 1.29866 38.3395 32.3943 31.3366 472 114 1.59865
228 0.8225 0.990964 579 77626 577 39.7199 0.278883 43.6709 22.9849 28.1676 400 179 0.131992
229 0.899818 0.980159 701 57689 698 32.7983 2.44459 41.9573 30.0818 32.8154 549 152 0.110012
230 0.973236 0.970874 566 71587 559 35.9936 1.19615 36.6241 26.9162 26.7528 411 155 0.122673
231 0.890359 0.991579 654 79664 0 33.9474 2.34904 42.1136 30.8939 34.6321 529 125 1.97952
232 0.901639 0.962801 579 62392 574 34.5318 1.82437 37.4099 29.8709 31.5996 488 91 0.115709
233 0.901328 1 566 70009 0 30.3913 8.40371 37.9861 32.0746 35.6646 527 39 1.46165
234 0.982418 0.984581 613 56952 611 25.9579 11.3548 35.4007 26.2737 26.3032 455 158 0.105441
235 0.98768 0.914449 709 63696 0 33.1321 4.99515 44.828 33.6461 30.8097 487 222 2.30031
236 0.879865 1 757 77539 0 36.4004 1.35964 51.26 31.2814 35.8743 591 166 2.60811
237 0.958071 0.97234 683 46986 681 33.3997 2.94569 40.0971 27.8701 28.3059 477 206 0.0992892
238 0.966469 0.985915 711 72339 0 32.4341 5.5805 47.1768 33.2036 33.8222 507 204 2.32924
239 0.928721 0.938559 638 59360 633 33.7001 1.84347 40.2555 29.8738 30.1847 477 161 0.115013
240 0.947368 0.959016 703 61216 699 34.4085 1.80005 44.1193 30.01 30.5052 494 209 0.118107
241 1 0.409692 228 6259 226 9.03256 29.4702 12.2129 12.2129 4.80801 93 135 0.0127486
242 0.945415 0.997696 666 59603 664 31.9007 5.43264 44.0008 27.5767 29.2871 458 208 0.114178
243 0.924188 0.986513 688 64924 683 31.5272 3.50258 39.8483 30.4645 32.1699 554 134 0.126728
244 0.980603 0.881783 644 50401 0 30.1798 7.57368 41.3726 32.4207 29.1139 464 180 1.89202
245 0.914343 0.944444 744 115960 740 34.7585 1.50521 47.3141 29.8874 30.919 502 242 0.203373
246 0.986717 0.797546 743 65803 0 33.9707 3.20235 47.5763 41.9979 34.1379 527 216 2.5075
247 0.919499 0.986564 659 85392 0 31.6242 6.01322 41.0483 32.7322 34.9812 559 100 2.03784
248 0.946097 0.956767 712 68328 0 35.5809 1.54664 47.9019 36.5317 37.5569 538 174 2.3057
249 0.974478 0.939597 589 51712 587 35.2571 2.05674 37.9206 28.7221 27.7805 431 158 0.0972825
250 0.897727 0.985447 653 69238 0 33.7706 3.83238 43.4849 31.7425 34.6253 528 125 1.98814
251 0.976048 0.91573 683 65066 0 35.9592 2.74321 47.463 37.1015 34.9459 501 182 2.15289
252 0.869464 0.958869 557 32151 555 29.208 5.92786 32.8218 21.8832 24.4027 429 128 0.0685343
253 0.919431 0.917258 578 57641 576 33.1962 2.77205 36.5671 26.8047 26.9137 422 156 0.10477
254 0.888889 0.890625 762 97484 0 36.5748 0.882112 51.7573 33.9775 33.7933 513 249 2.67671
255 0.920892 0.972163 690 49277 687 31.3645 5.4987 43.8428 28.7904 30.4785 493 197 0.103981
256 0.927184 0.957393 559 63348 557 32.495 2.02442 33.6934 23.8826 24.5766 412 147 0.113163
257 0.95229 0.97271 731 62018 727 35.0895 1.55631 44.6389 30.4301 30.8708 524 207 0.121608
258 0.960432 0.996269 714 80030 0 34.8475 1.88979 46.0978 32.9112 34.3642 556 158 2.34493
259 0.934653 0.947791 643 69220 0 32.9995 3.14471 41.7727 32.0431 32.7694 505 138 1.89112
260 0.858801 0.991071 720 101150 718 34.4534 1.6699 43.9862 27.2932 31.3026 517 203 0.17824
261 0.891068 0.995134 598 48636 596 29.5978 7.53538 36.7314 25.2915 28.1875 459 139 0.0936197
262 0.927473 0.965675 586 89692 581 33.3226 1.999 37.0406 27.2978 28.3445 455 131 0.156364
263 0.932584 1 691 80993 687 36.0413 1.28517 45.0112 30.5241 32.6424 534 157 0.14881
264 0.944923 0.916528 780 77434 0 33.9912 2.04741 48.6088 37.0608 36.0181 581 199 2.75853
265 0.832669 0.947846 646 51185 643 34.7627 1.45533 39.4483 27.506 31.0366 502 144 0.105025
266 0.956349 0.962076 693 63746 0 35.7101 0.765724 44.1925 31.3831 32.0333 504 189 2.20355
267 0.974217 0.992495 722 81910 715 34.2314 1.83787 40.6371 30.2817 31.1213 543 179 0.145108
268 0.94332 0.941414 626 51485 622 30.8874 3.86682 37.5668 30.0524 29.8853 494 132 0.0990034
269 0.891122 0.996255 709 60732 0 32.054 2.69375 41.7288 30.941 35.5056 597 112 2.27931
270 0.924812 0.982036 705 74022 0 33.8475 1.86596 43.7092 30.9365 33.1528 532 173 2.27449
271 0.827804 0.954463 843 75791 0 32.9378 3.1437 48.1514 32.501 37.3295 633 210 3.20312
272 0.914683 0.976695 658 43858 656 33.8768 2.37135 40.0737 28.7743 30.4798 504 154 0.0913981
273 0.854452 0.986166 719 71837 0 33.8301 2.18866 44.3854 31.0999 36.0896 584 135 2.37346
274 0.924908 0.921533 675 60479 0 34.4797 1.62358 40.1416 32.8035 32.8761 546 129 2.08378
275 1 0.567134 500 31636 498 18.9317 19.886 29.8588 29.8588 16.633 283 217 0.0606257
276 0.952381 0.892857 740 63491 0 32.6375 3.38757 45.1778 33.5273 31.9205 525 215 2.48707
277 0.898635 0.987152 728 111313 721 34.9616 1.84362 48.6774 30.3348 33.1722 513 215 0.20312
278 0.963636 0.995825 740 89247 0 36.8775 0.867721 51.8482 33.3438 34.4879 495 245 2.51474
279 0.846435 0.939148 707 50818 705 29.8964 6.65404 39.6292 28.442 31.4061 547 160 0.105581
280 0.962422 0.985043 618 53853 615 34.0128 2.21197 40.424 29.9433 30.7409 479 139 0.0995571
281 0.891635 0.943662 736 91080 0 35.616 2.29087 47.7796 32.3866 33.8603 526 210 2.4879
282 0.847695 0.886792 702 82027 697 34.1842 1.47942 43.7925 29.8346 31.3974 499 203 0.150549
283 0.925926 0.963391 679 55245 0 34.2273 2.05823 42.6438 33.25 34.6928 540 139 2.11492
284 1 0.473214 337 10742 335 13.9284 24.5592 18.5035 18.5035 8.81571 159 178 0.0225038
285 0.913534 0.947368 770 85314 754 33.0137 1.81158 45.9788 30.2639 31.5065 532 238 0.15843
286 0.968343 0.928571 750 77633 0 33.3482 2.70615 47.6387 34.3323 32.8604 537 213 2.56393
287 0.833652 0.906445 687 68411 683 32.9948 2.18123 42.2675 29.8761 32.2789 523 164 0.125925
288 0.920696 0.97541 694 71086 0 35.5936 1.60213 45.9316 31.5063 33.627 517 177 2.18326
289 1 0.795337 387 27958 385 14.2233 23.8798 22.1583 22.1583 17.7057 307 80 0.0474051
290 0.828794 0.928105 715 71770 712 33.5175 1.70184 42.4441 26.6649 30.1697 514 201 0.131914
291 0.901235 0.988713 620 57057 618 32.7142 1.98722 35.9863 25.7009 28.0744 486 134 0.105509
292 0.957865 0.949861 551 29524 549 21.811 16.7322 32.3418 20.7932 20.6778 356 195 0.0640849
293 0.943478 0.96875 676 93577 672 36.0561 1.33458 45.0422 29.0314 30.0527 460 216 0.17029
294 0.922242 0.971429 728 80507 0 34.1843 2.00743 41.9643 30.8306 32.3831 553 175 2.40416
295 0.909091 0.952381 595 45310 593 29.2147 6.56537 36.232 27.9936 29.211 484 111 0.0875514
296 0.855576 0.981132 716 80139 0 35.0269 1.85185 47.9777 31.9139 36.5543 547 169 2.35436
297 0.966887 0.979866 604 57558 602 30.1091 6.99634 37.2355 26.6997 27.1582 453 151 0.124675
298 0.930579 0.969019 756 73934 0 33.4258 2.79697 46.1467 35.6035 37.2486 605 151 2.6193
299 0.966403 0.947674 640 45981 0 32.3987 4.98836 38.919 30.911 30.3928 506 134 1.85759
300 0.928839 0.982178 683 69583 680 34.197 1.82904 41.0687 29.8229 31.8293 534 149 0.124447
301 0.902622 0.838261 695 61803 1 34.1622 1.17532 40.6707 33.6094 31.1667 534 161 2.2123
302 0.858537 1 579 52523 577 31.7565 2.89208 35.1386 20.5345 23.9048 410 169 0.102778
303 0.95625 0.936735 690 84972 683 33.5333 2.6628 43.4561 30.4873 29.7179 480 210 0.146202
304 0.958696 0.928421 682 68577 0 35.4305 1.46583 45.5079 31.7971 31.1697 460 222 2.13771
305 0.869875 0.964427 768 65549 0 33.0768 4.31704 48.4114 31.4067 34.5403 561 207 2.68354
306 1 0.970588 595 52633 0 30.866 7.35267 40.1629 31.5151 30.4973 462 133 1.64502
307 0.961806 1 751 60539 0 34.9736 1.58718 45.388 32.7984 33.9769 576 175 2.44444
308 0.967963 0.990632 600 75335 592 37.8451 0.759414 41.9838 30.3684 30.8731 437 163 0.13125
309 0.875205 0.998127 807 110633 0 35.5535 1.27373 53.0436 35.0457 40.3463 609 198 2.93832
310 0.931034 0.971223 607 48513 605 29.6556 6.6135 38.1833 26.3687 27.1012 435 172 0.108308
311 0.913832 0.948235 539 63940 533 36.2484 1.12862 35.4783 28.3003 28.8136 441 98 0.12018
312 0.908915 0.916016 681 62130 0 33.6312 1.87098 41.4758 30.835 31.8009 516 165 2.10059
313 0.979452 0.888199 645 77566 0 36.0202 0.729703 41.3914 31.3332 28.679 438 207 1.9067
314 0.877273 0.863535 593 60557 591 35.1106 1.22004 39.3691 29.6413 29.0816 440 153 0.106829
315 0.903564 0.993088 638 65276 636 35.0334 1.62847 39.1055 26.6862 29.0163 477 161 0.115082
316 0.858736 0.976744 745 96020 741 35.9745 1.12229 47.5387 30.1179 34.3651 538 207 0.166449
317 0.898608 0.989059 655 84216 652 34.5777 2.04033 42.1742 29.3101 32.2855 503 152 0.145381
318 0.950739 0.973109 789 82369 0 32.9204 3.43146 50.0862 38.3594 38.8998 609 180 2.74819
319 1 0.979452 626 74227 622 37.2292 2.26865 44.1764 30.5439 29.9573 429 197 0.135689
320 0.935146 0.965443 588 62694 586 32.0561 3.06405 35.8857 27.6304 28.5702 478 110 0.111368
321 0.919291 0.981092 645 87734 0 33.902 0.929952 41.1685 31.1772 33.0721 508 137 1.87629
322 0.886406 0.987552 715 81559 712 34.224 1.93118 42.2724 28.2673 31.4076 537 178 0.149009
323 0.888641 0.95 580 38738 578 32.6645 2.71348 35.0315 25.4658 27.3267 449 131 0.075499
324 0.920696 0.983471 651 49737 648 35.353 1.49266 40.9503 30.1261 32.4749 517 134 0.0904247
325 0.880392 1 675 81024 671 37.8513 1.52383 48.6295 30.0854 34.0574 510 165 0.138881
326 0.978824 0.997602 570 70849 564 35.1149 1.81937 38.534 28.078 28.5176 425 145 0.118395
327 0.923977 0.951807 722 50200 0 32.7675 2.68721 44.1923 30.9663 32.0549 513 209 2.29788
328 0.804598 1 528 62763 513 25.6782 11.1788 31.9467 25.2327 31.5274 522 6 0.105402
329 0.970787 0.931034 620 75928 618 34.123 1.96498 38.4863 28.8443 27.7483 445 175 0.130145
330 0.916988 0.967413 736 86578 733 33.9071 2.63639 44.4872 30.1171 31.9042 518 218 0.155098
331 0.891519 0.9869 677 77672 675 33.3904 1.97781 40.2848 25.6841 28.7402 507 170 0.160208
332 0.916667 0.9625 608 63983 603 34.7796 0.786527 40.4325 25.3274 26.2984 420 188 0.111464
333 0.953271 0.966825 616 78038 613 34.5005 2.28932 41.0555 28.238 28.5983 428 188 0.131078
334 0.935986 0.971275 748 65829 0 32.8137 4.32628 44.5448 33.7893 35.0733 578 170 2.46631
335 0.987013 0.989583 540 38275 538 24.5764 14.5543 34.1467 23.6149 23.6848 385 155 0.0753439
336 0.869565 0.962343 713 62192 711 32.8249 2.71101 39.3753 27.012 29.8737 529 184 0.121174
337 0.944444 0.974308 648 41882 0 34.0975 2.36608 40.421 31.5475 32.3767 522 126 1.91256
338 0.935798 0.967807 675 67025 0 35.4931 1.17605 42.8873 31.7113 32.6767 514 161 2.10901
339 0.900204 0.948498 650 50390 648 33.0918 1.93772 39.6516 27.6771 29.4306 491 159 0.101511
340 0.929453 0.986891 781 67178 0 36.0781 1.78155 50.3421 33.8601 36.0811 567 214 2.77406
341 0.882114 0.984127 671 55604 669 32.3185 4.07977 43.2359 27.116 30.4925 492 179 0.109086
342 0.861818 0.852518 744 65291 0 35.7461 2.06472 48.7176 36.6292 36.6117 550 194 2.52394
343 0.978667 0.970899 503 42932 501 34.9668 2.67694 34.4636 26.2923 26.2022 375 128 0.0864712
344 0.989605 0.961616 681 108108 0 37.5085 1.54479 47.6915 35.8323 34.8872 481 200 2.19643
345 0.908714 0.997722 682 58248 680 29.9188 8.14041 43.0843 25.9393 28.4975 482 200 0.113469
346 0.928412 0.877378 643 79512 641 32.6547 3.01401 40.712 29.8957 28.2706 447 196 0.143661
347 0.8391 0.983773 730 61687 727 33.8814 2.58444 45.9285 30.3872 35.6587 578 152 0.132962
348 0.909274 0.957537 668 64301 666 34.9354 1.03867 41.3187 28.8883 30.674 496 172 0.123749
349 0.981735 0.993072 583 39700 581 27.4898 10.9516 38.0848 27.947 28.2189 438 145 0.0808052
350 0.935268 0.974419 587 47206 585 32.7033 2.08764 35.1462 25.6814 26.9115 448 139 0.0916013
351 0.929897 1 641 61579 636 35.4668 1.28773 42.8278 27.7453 29.7165 485 156 0.114631
352 0.966667 0.966667 677 59148 673 32.0302 3.45275 43.0058 30.2032 29.9294 480 197 0.114526
353 0.89414 0.955556 690 70659 0 34.3198 1.95389 44.6555 32.4452 34.5736 529 161 2.10823
354 0.872987 0.964427 738 86284 0 35.044 1.00408 44.2228 30.6755 34.1249 559 179 2.52211
355 0.954128 0.995215 580 60869 578 34.0911 2.50592 36.6592 26.4049 27.4513 436 144 0.111383
356 0.978571 0.985612 553 28032 551 23.3044 13.4072 31.3071 23.5448 23.604 420 133 0.0625429
357 1 0.916836 664 49112 661 30.2608 6.68312 40.8333 30.015 27.0873 452 212 0.0942649
358 0.900407 0.920998 677 76379 673 34.1713 1.57317 42.2633 29.8938 31.2335 492 185 0.1391
359 0.962306 0.973094 644 64359 642 33.401 1.56887 39.53 27.4627 27.8364 451 193 0.12022
360 0.965753 0.972414 622 41401 620 34.8739 1.71802 37.9489 27.0569 27.3837 438 184 0.0850364
361 0.900935 0.987705 658 75337 653 34.4406 1.45592 40.544 30.4508 33.0796 535 123 0.139233
362 0.984772 0.915094 574 47262 572 35.9908 1.26833 38.0353 27.4574 25.7167 394 180 0.0964115
363 0.956522 0.993228 626 49287 624 34.4776 2.25443 41.018 28.5849 29.8611 460 166 0.115953
364 0.90128 0.953578 724 91605 720 34.7927 2.12588 43.2912 30.2445 31.6327 547 177 0.166471
365 0.890625 0.982759 605 56651 603 32.3697 5.20426 40.0676 26.5091 29.484 448 157 0.105634
366 0.975446 0.914226 621 79761 616 34.3503 2.33817 39.7258 30.3527 28.4743 448 173 0.139933
367 0.93956 0.966102 729 76754 0 34.8426 1.70871 47.4458 33.858 34.7576 546 183 2.46874
368 0.909091 0.977131 647 78685 644 33.5082 1.91364 40.2178 29.7655 32.1392 517 130 0.140628
369 0.88843 0.981735 685 72290 683 33.945 2.25723 41.6432 25.5775 28.5935 484 201 0.135694
370 1 1 504 35045 500 23.7677 12.7314 27.9845 27.9845 27.9845 503 1 0.0640778
371 0.909091 0.969828 657 62504 0 35.0768 2.03098 46.021 31.9549 33.9273 495 162 2.015
372 0.853763 0.994987 689 105536 687 36.4077 1.09699 46.2828 25.5513 29.5474 465 224 0.183058
373 0.856597 0.997773 716 68891 714 29.9117 7.02851 43.5949 27.3275 31.6911 523 193 0.131166
374 0.967742 0.865979 648 45849 0 34.3542 2.41479 41.7786 31.7168 28.2125 434 214 1.89619
375 0.943662 0.941767 643 55260 641 31.5033 3.58704 37.0848 28.8696 29.0759 497 146 0.106039
376 0.984018 0.964206 600 69225 598 34.3939 1.89365 38.6001 28.7421 28.2843 438 162 0.122219
377 0.957831 0.989627 645 74334 642 33.5108 2.7484 39.9551 29.8703 30.9493 498 147 0.1276
378 0.773438 0.968689 828 94471 0 32.4658 4.14582 50.1048 31.141 38.3785 640 188 3.02401
379 0.895327 0.948515 737 77649 0 33.5014 3.27587 45.582 31.6629 33.5133 535 202 2.38689
380 0.90927 0.898635 714 112052 0 36.1311 0.761267 48.7398 35.3881 34.7204 507 207 2.30666
381 1 0.636546 499 28123 497 23.3338 13.6333 29.6137 29.6137 18.7739 317 182 0.0503116
382 0.868534 0.909707 633 52267 630 35.5601 1.82004 41.702 29.8056 31.024 464 169 0.0927667
383 0.911661 0.975425 744 96533 0 37.4042 1.03958 53.2678 37.2585 39.5421 566 178 2.47564
384 0.89858 0.982262 702 55362 700 34.8974 1.8819 44.0711 27.8871 30.4329 493 209 0.103842
385 0.947279 0.97891 720 64264 0 33.1395 3.2921 43.0775 34.5522 35.7124 588 132 2.24912
386 0.933586 0.997972 717 79372 0 35.113 1.91156 47.3044 31.0128 33.111 527 190 2.256
387 0.948276 0.906593 700 60202 0 34.1366 2.68797 44.5272 34.2539 32.5132 522 178 2.14111
388 0.871951 0.966216 649 80783 641 33.7444 1.90541 39.7261 27.0055 30.6822 492 157 0.154884
389 0.808081 0.977597 764 67066 759 33.4099 2.74089 46.2552 29.7538 36.4647 594 170 0.129968
390 0.903461 0.986083 752 102962 745 35.7982 1.43924 49.6703 30.6172 33.7867 549 203 0.180753
391 0.931034 0.984979 638 72549 635 33.0137 1.67364 41.2981 30.1388 32.3781 493 145 0.119884
392 0.9125 0.969027 668 82261 666 34.8778 2.29289 42.5793 27.7574 29.2318 480 188 0.135632
393 0.893511 0.937173 802 119813 0 34.7883 1.56273 50.8642 35.629 38.5314 601 201 2.83296
394 0.857143 0.943489 584 45822 582 32.1217 3.14205 36.1694 24.6683 27.7378 448 136 0.0906275
395 0.986014 0.942094 623 60402 0 36.0224 1.81908 42.4868 31.1762 29.7957 429 194 1.74414
396 0.952756 0.956522 672 52932 669 33.3764 2.20565 42.0621 30.5571 30.3973 508 164 0.0970104
397 0.95858 0.997947 724 110750 0 33.8681 1.91132 47.5597 31.1951 32.6872 507 217 2.35827
398 0.980531 0.94863 774 97399 0 36.6257 1.16325 49.2227 37.7173 36.3186 565 209 2.64327
399 0.976027 0.974359 732 115487 0 36.0663 1.95214 48.9758 39.3518 39.3262 584 148 2.41489
400 0.971193 0.983333 623 49247 0 31.7076 4.14657 39.9373 31.5375 31.9091 486 137 1.67811
401 0.910747 0.990099 735 65325 728 33.5655 3.32331 50.0469 30.5782 33.1718 549 186 0.130784
402 0.842276 0.957486 799 83307 0 31.3884 6.40346 51.4393 34.5713 39.3622 615 184 2.78899
403 0.995392 0.993103 553 68487 0 37.0897 0.683188 38.5702 30.7603 30.6814 434 119 1.40305
404 0.949451 0.947368 634 75896 629 33.5199 1.71944 40.9994 29.7746 29.7606 455 179 0.125154
405 0.925926 0.967413 681 49421 679 30.4978 5.61702 39.6519 28.0241 29.6203 513 168 0.0948741
406 1 0.652268 464 23523 462 27.5267 11.321 29.5812 29.5812 18.9253 302 162 0.0433414
407 0.974886 0.972665 595 40259 593 36.432 2.09046 38.4866 27.7041 27.6302 438 157 0.0796776
408 0.972458 0.972458 605 49655 602 32.9565 4.12395 39.0875 30.508 30.6435 472 133 0.087868
409 0.942238 1 648 79935 0 36.0025 1.84621 43.8409 35.6313 37.6943 554 94 1.90514
410 0.98998 0.932075 687 92145 0 35.9097 1.34939 47.1582 36.5569 34.5523 499 188 2.07223
411 0.864516 0.950355 631 47316 629 32.4437 2.0399 37.5659 24.5346 26.9976 465 166 0.0921452
412 0.958678 0.966667 652 45424 650 24.3004 13.3624 39.4769 27.9379 28.136 484 168 0.0983013
413 0.962193 0.998039 674 60548 0 36.3272 1.20543 45.1842 34.177 35.318 529 145 2.0158
414 0.897527 0.982592 760 107391 757 34.5263 2.40096 46.0971 30.5574 33.3774 566 194 0.185666
415 0.871094 0.997763 633 53772 631 31.1556 4.03692 36.1643 26.0426 29.5968 512 121 0.103426
416 1 0.575 521 27461 519 20.7099 17.2901 29.9798 29.9798 16.6926 299 222 0.0581247
417 0.99591 0.99591 649 75136 0 38.6326 0.298021 44.726 32.1626 32.1852 489 160 1.95508
418 0.959227 0.935146 669 51176 666 34.8779 2.01015 42.3987 30.221 29.6295 466 203 0.0980261
419 0.950216 0.997727 640 45220 638 32.5578 5.34193 43.7623 27.1145 28.4865 462 178 0.0903286
420 0.909739 0.984576 572 40593 570 29.414 5.36294 32.1869 21.6256 23.3639 421 151 0.0797708
421 0.936508 0.979253 686 74649 0 34.4389 1.57927 43.5926 30.7078 32.0333 504 182 2.16929
422 0.936709 0.984791 706 83853 0 34.745 2.17946 43.9121 32.7442 34.4631 553 153 2.30157
423 0.876827 0.972222 694 54635 692 33.1308 2.23832 42 25.4521 28.2372 479 215 0.10747
424 0.983607 0.990566 527 50249 522 36.1816 1.14233 35.4396 28.8258 28.8902 427 100 0.0905559
425 0.924603 0.991489 679 111216 672 34.4477 2.2013 44.334 30.2769 32.364 504 175 0.197997
426 0.948546 0.959276 580 50058 444 34.5531 4.2154 39.0322 30.2062 30.2839 447 133 0.0919298
427 1 0.610417 481 29486 479 22.4094 15.6872 30.0754 30.0754 17.7677 293 188 0.0542575
428 1 0.610979 420 23138 418 19.4428 19.6915 25.7201 25.7201 15.5113 256 164 0.0423835
429 0.92602 0.885366 572 51446 570 33.6008 1.82629 34.491 24.7038 23.5205 392 180 0.0955535
430 0.899344 0.980907 620 47440 610 30.0688 7.22432 38.7838 26.0645 28.4719 457 163 0.103584
431 0.951754 0.973094 621 51947 618 36.094 0.994213 42.4105 29.7541 30.3991 456 165 0.103591
432 0.917466 0.983539 692 112055 0 34.2307 2.29353 45.7115 31.0965 33.0473 521 171 2.24522
433 0.929066 0.990775 716 55592 0 32.529 3.82326 43.2304 32.9749 35.2913 578 138 2.32089
434 0.944656 0.953757 741 89096 0 34.6151 2.44244 44.8108 32.3873 32.7425 524 217 2.5216
435 0.824945 0.947236 621 58250 616 33.8268 1.95273 38.4943 23.957 27.7251 457 164 0.107587
436 0.876404 0.960591 615 61498 613 32.4471 1.98735 36.0062 23.946 26.4241 445 170 0.11185
437 0.863469 0.991525 603 43882 601 28.439 8.00578 36.9725 28.417 33.216 542 61 0.0867342
438 0.971496 0.980815 529 42763 527 37.1081 1.16725 37.3721 28.8512 29.2116 421 108 0.0886388
439 0.970179 0.976 614 62902 611 33.9817 2.28867 37.3649 30.3471 30.6639 503 111 0.12094
440 0.880694 0.973621 586 55480 584 31.2723 3.51176 34.0479 23.9955 26.2976 461 125 0.10349
441 0.939781 0.980952 690 72338 0 32.946 4.51255 44.7423 34.5851 36.2628 548 142 1.67838
442 0.912281 0.956322 646 60538 644 34.9545 1.79546 42.0595 28.3831 29.3857 456 190 0.11427
443 0.886 0.988839 688 54950 686 34.592 1.80133 44.7686 28.0618 31.1916 500 188 0.108328
444 0.839921 0.925926 737 79822 735 32.9425 2.17592 42.8781 26.1737 29.448 506 231 0.145981
445 0.984163 0.9375 695 55897 0 31.1558 6.14717 46.4607 30.8342 29.3702 442 253 2.20461
446 0.840804 0.973166 786 103266 0 34.9365 2.48423 53.0085 37.9272 43.2384 647 139 2.83655
447 0.858108 0.979434 529 48766 527 30.6939 4.46737 31.6499 23.361 26.8468 444 85 0.0884739
448 0.962264 0.977011 742 93088 0 38.0543 0.516344 51.0535 35.5397 36.3516 530 212 2.51359
449 0.95082 0.95082 724 104053 0 36.9223 1.06489 49.4725 32.8193 32.52 488 236 2.44793
450 0.922027 0.931102 723 65848 720 33.9422 1.24524 42.7388 29.9476 30.3103 513 210 0.128644
451 0.955823 0.931507 656 55706 0 32.7969 3.12927 41.7362 33.3754 32.4636 498 158 1.99908
452 0.931034 0.995392 614 41757 612 32.8826 3.1606 37.5164 26.1792 28.1544 464 150 0.0842787
453 0.931092 0.996403 711 83634 0 32.2968 3.86499 42.7231 34.4305 36.5314 595 116 2.34368
454 0.866051 0.930521 591 50416 589 30.7546 4.48757 37.2444 25.6206 27.3856 433 158 0.0953714
455 0.900709 0.980695 753 102046 0 33.9773 1.58682 47.2656 30.8215 33.9653 564 189 2.63072
456 0.903346 0.975904 676 52965 674 30.2107 4.45926 38.4945 28.7987 30.9875 538 138 0.104975
457 0.914035 0.986742 742 74764 0 35.5668 1.47293 47.5922 33.9377 36.5673 570 172 2.50907
458 0.97644 0.984169 574 58848 570 39.0213 0.180898 37.8697 25.1113 25.2995 382 192 0.105949
459 0.962025 0.944938 679 72947 0 34.468 1.92005 44.7277 37.1829 36.4044 553 126 2.07568
460 0.928 0.968685 616 65228 0 37.5077 0.396625 42.9112 33.1583 34.8179 500 116 1.75685
461 0.936015 0.946396 699 96960 0 34.1229 1.67929 44.0092 34.5084 34.4899 547 152 2.25911
462 0.946695 0.92887 667 89865 661 33.8439 2.26897 43.0071 29.3846 29.2998 469 198 0.1563
463 0.933472 0.980349 602 48327 600 30.7992 4.74499 37.3836 29.0245 30.451 481 121 0.0933405
464 0.955437 0.974545 670 67043 0 34.3823 1.95849 39.4244 32.9633 33.4435 561 109 2.06993
465 0.900277 0.910364 525 61444 521 33.1335 2.32714 31.4776 21.6233 21.9554 361 164 0.106317
466 0.887719 0.965649 745 89343 741 34.2653 1.27614 41.9475 30.4382 32.837 570 175 0.161447
467 0.868561 0.940385 716 110564 0 35.3745 0.994056 46.7289 33.5197 36.547 563 153 2.40459
468 0.855823 1 542 38236 540 23.9798 12.8134 31.4929 26.7297 31.4929 541 1 0.0713245
469 0.867769 1 604 50626 602 28.1195 7.89894 34.8623 24.5279 28.3406 484 120 0.0905314
470 0.970021 0.959746 645 85859 0 36.219 1.32086 44.9963 33.2645 32.8362 467 178 1.88392
471 0.968553 0.99784 629 48677 627 33.3873 3.31432 41.1874 28.0952 28.9236 477 152 0.0918185
472 0.962963 0.803089 629 51774 0 33.288 3.63745 41.0856 34.3286 27.2079 432 197 1.73256
473 0.9 0.975904 718 94847 715 33.4289 1.45823 42.6794 28.7294 31.6275 540 178 0.160705
474 0.93295 0.941973 797 82941 0 36.1735 1.36881 51.9338 32.4789 32.4744 522 275 2.72756
475 0.975352 0.966841 766 62847 0 31.1392 6.63742 47.2062 34.734 34.4114 568 198 2.46953
476 0.95914 0.955032 617 60820 614 33.4358 3.44969 40.3227 29.9879 29.7662 465 152 0.102711
477 0.9566 0.981447 669 67224 0 35.0561 2.29149 48.5327 39.2432 40.2608 553 116 1.94799
478 0.878788 0.956701 665 90733 0 35.2862 0.997036 42.6645 31.553 34.4053 528 137 1.94961
479 0.97549 0.980296 535 35358 531 36.2849 2.04359 38.9748 28.36 28.5316 408 127 0.0667263
480 0.937391 0.987179 738 83947 0 33.6246 2.02518 43.271 32.1099 33.7752 575 163 2.39243
481 1 0.690949 454 31780 452 20.6936 17.4509 26.3558 26.3558 18.2345 313 141 0.0529485
482 0.919708 0.978641 719 93310 0 35.0496 0.821441 44.7852 32.1557 34.1852 548 171 2.3014
483 0.903922 0.978769 672 95731 668 33.102 2.41698 43.2099 29.1436 31.7082 510 162 0.157606
484 0.937759 0.974138 644 58133 642 34.1856 1.91612 39.6135 28.7042 29.8175 482 162 0.102521
485 0.87963 0.987526 773 65086 0 34.163 3.04722 50.4593 31.0702 34.6421 540 233 2.58691
486 0.966146 0.984085 517 40094 513 35.3685 1.53855 33.0188 24.2607 24.6659 384 133 0.0713147
487 0.916376 0.988722 746 79301 0 33.6244 2.54949 46.2005 32.9314 35.6786 574 172 2.45586
488 0.936548 0.953488 490 35111 488 34.1349 2.19364 32.3945 25.7165 26.4417 394 96 0.0649315
489 0.989177 0.912176 632 86398 0 37.9937 0.717224 44.1526 34.9205 32.1908 462 170 1.84458
490 0.878924 0.956098 618 73073 616 34.5151 1.37139 39.2224 25.8433 28.2368 446 172 0.122306
491 0.918033 0.951168 666 61721 662 32.4427 3.37571 42.6136 30.383 31.2071 488 178 0.112785
492 0.914773 0.962151 676 84781 0 32.8694 2.78968 42.3173 31.7412 33.55 528 148 2.06976
493 0.976395 0.968085 642 68364 0 35.9015 2.73594 44.5439 32.7116 32.4592 466 176 1.8248
494 0.977401 0.932615 543 34797 541 26.7356 11.8288 34.3009 22.9656 21.7459 354 189 0.069495
495 0.966667 0.935484 584 69228 582 34.3113 1.8193 37.7949 28.3851 27.5453 420 164 0.115138
496 0.869811 0.972574 744 74345 0 35.2239 1.96835 50.9809 31.5892 35.071 530 214 2.42902
497 0.971275 0.996317 732 74974 0 39.3859 0.570435 53.3496 37.2907 38.3176 557 175 2.45295
498 0.974122 0.963437 680 61348 0 34.1366 1.45308 40.3853 33.0381 32.8143 541 139 2.13568
499 0.964844 0.984064 658 60864 0 34.0001 2.50164 42.125 32.6558 33.4052 512 146 1.97771
500 0.791401 0.966926 795 74049 786 34.5237 1.66897 48.1903 30.3156 37.497 628 167 0.164161
501 0.948207 0.989605 715 89917 0 36.4911 1.13167 45.6062 31.3798 32.8434 502 213 2.36688
502 0.882236 0.940426 646 91067 0 37.1032 0.91191 42.9202 32.0574 34.219 501 145 1.95143
503 0.916501 0.871456 743 97747 0 34.9358 1.466 45.1076 31.6772 30.3357 503 240 2.5584
504 0.811284 0.985816 615 42838 613 31.8623 2.8902 36.1973 24.7169 30.552 514 101 0.0942721
505 0.941432 0.966592 602 64138 600 31.0748 3.59539 35.5901 25.7497 26.3266 461 141 0.131003
506 0.958592 0.989316 615 73838 0 32.6727 3.26996 40.8233 31.4898 32.5583 483 132 1.77062
507 0.956916 0.976852 607 70488 605 33.474 1.94964 38.5149 26.884 27.5893 441 166 0.12497
508 0.986564 0.943119 687 90290 0 35.6982 1.10551 45.0548 36.3491 34.9717 521 166 2.20766
509 1 1 468 43782 466 25.1339 12.1231 28.5781 28.5781 28.5781 467 1 0.073805
510 0.981221 0.924779 618 80272 612 35.3496 1.15612 40.8837 30.0823 28.3603 426 192 0.136217
511 0.990476 0.965197 621 81940 619 36.014 2.5511 40.9573 28.4029 27.4737 420 201 0.138128
512 0.979499 0.953437 582 44670 580 29.8046 6.5845 36.3089 28.3432 27.6192 439 143 0.0850193
513 0.977778 0.869565 684 57304 681 27.7915 9.58355 41.0337 30.0152 26.5596 450 234 0.106407
514 0.962 1 651 72514 0 36.6197 1.00324 45.0606 30.7208 32.1034 500 151 1.96411
515 0.966102 1 713 56501 0 34.7562 2.19034 45.5897 31.4561 32.6564 531 182 2.22973
516 0.980562 0.976344 637 122447 0 38.4262 0.502085 44.8198 31.561 31.272 463 174 1.87322
517 0.894837 0.968944 642 42831 640 32.4054 2.69467 37.5258 28.131 30.3923 523 119 0.0824267
518 0.876138 0.937622 712 69919 703 32.8731 2.08866 42.1343 30.4076 32.3567 549 163 0.118772
519 0.863198 0.869903 750 98936 741 33.5801 3.33008 44.9564 29.8366 30.5098 519 231 0.165568
520 0.921676 0.976834 721 74995 717 33.7939 1.70051 43.0443 30.3202 32.1403 549 172 0.142721
521 0.913953 0.987437 615 91546 613 35.3526 2.12109 40.0012 25.2502 27.2461 430 185 0.156212
522 0.923611 0.996255 761 88072 0 37.4777 1.14885 54.441 35.9195 38.402 576 185 2.52622
523 0.972816 0.984283 632 45891 0 33.86 1.8394 40.3032 31.7032 32.3691 515 117 1.72951
524 0.869469 0.975186 700 62884 698 33.8225 1.80946 42.7744 24.3517 27.5848 452 248 0.113158
525 0.978541 0.968153 622 98779 0 37.9342 1.02832 45.7115 34.7373 34.3905 466 156 1.75311
526 0.972167 0.981928 631 63121 0 34.3502 1.42834 40.5852 31.5563 31.9821 503 128 1.77286
527 0.932432 0.894168 622 87542 0 36.1762 0.239286 42.5506 31.5951 30.2739 444 178 1.69468
528 0.988189 0.965385 670 75135 0 35.6086 1.77493 45.145 35.3514 34.4686 508 162 2.00308
529 0.964222 0.947276 697 56067 0 33.2359 3.2833 44.1651 36.0946 35.1795 559 138 2.19857
530 0.994638 0.997312 523 56527 521 38.636 1.21946 39.1304 26.0378 26.1126 373 150 0.106691
531 0.991285 0.888672 632 76403 0 35.597 1.35997 41.6333 34.0007 30.4638 459 173 1.84886
532 0.944853 0.946593 683 70335 0 33.8361 2.02223 43.8473 34.6284 34.4338 544 139 2.13527
533 0.868825 0.964083 787 70804 0 32.532 4.45486 47.9584 32.4564 36.0614 587 200 2.77349
534 0.920477 0.997845 700 83632 697 38.2108 0.422264 49.5397 29.8189 32.7337 503 197 0.143949
535 0.97482 0.942609 708 62510 0 35.0815 2.53688 46.5218 38.091 36.5753 556 152 2.30715
536 0.908915 0.943662 705 60241 703 30.9166 4.75143 42.8995 28.4485 29.7413 516 189 0.117477
537 0.983213 0.863158 626 80924 0 37.9593 1.36375 43.8837 33.7232 29.3365 417 209 1.84443
538 0.904051 0.970252 604 72967 602 32.3306 3.12695 36.0764 25.8501 28.2119 469 135 0.129939
539 0.966316 0.921687 683 61270 0 33.6118 2.24188 42.0819 30.8322 29.2616 475 208 2.11277
540 0.938424 0.943069 563 49441 560 33.4458 2.82336 35.5162 25.3147 25.6008 406 157 0.0987842
541 0.858347 1 814 131077 0 36.7707 1.2755 53.4466 32.5094 37.7748 593 221 3.06622
542 0.88755 0.988814 647 71275 643 34.8363 1.60433 41.1752 27.051 30.293 498 149 0.128507
543 0.925049 0.987368 704 69811 0 36.6418 1.35048 48.0097 31.476 33.6801 507 197 2.28134
544 0.973077 0.961977 671 52803 0 33.2211 2.93086 42.208 33.3995 33.0383 520 151 2.03472
545 0.941924 0.994253 702 78669 0 35.0824 1.91389 47.2075 33.7698 35.4647 551 151 2.26586
546 0.882353 0.989848 596 61353 555 35.8004 1.24676 40.6922 26.9652 30.2259 442 154 0.121536
547 0.951477 0.916667 663 48825 660 29.0424 8.76439 42.808 30.5481 29.775 474 189 0.0947668
548 0.824957 1 612 61217 608 27.5961 9.82678 38.4201 30.0056 36.3576 577 35 0.111678
549 0.932347 0.905544 622 55457 616 30.6292 5.16601 38.1236 30.2895 28.9518 473 149 0.123889
550 0.915563 0.906557 763 75801 0 34.2984 2.08214 50.453 39.7882 40.0777 604 159 2.68109
551 0.953033 0.972056 690 90794 684 35.7039 0.988546 42.2646 30.4688 31.5215 511 179 0.161769
552 0.925773 0.971861 677 53376 675 33.2614 3.07062 42.5195 28.1772 29.9288 485 192 0.105743
553 0.93712 0.966527 649 51023 646 35.0462 1.72431 40.8732 30.1991 31.1726 493 156 0.0977414
554 0.930357 0.963031 709 59266 0 33.9952 2.80255 46.2481 34.8167 36.1337 560 149 2.30837
555 0.883495 0.997807 678 83021 675 36.6621 1.29005 47.0839 29.2234 32.8733 515 163 0.143168
556 0.90785 0.93662 797 78990 0 35.5288 0.929526 49.2693 35.6525 37.3953 586 211 2.78048
557 0.991667 0.932115 559 58961 557 36.8796 1.19671 38.4851 26.5685 25.1767 360 199 0.09955
558 0.95183 0.942748 653 99443 0 32.4606 2.68915 40.6936 32.9811 32.6026 519 134 1.94135
559 0.826603 0.798165 690 50123 688 30.5476 5.46662 40.5996 24.8432 24.9956 421 269 0.0971623
560 0.938034 0.946121 619 60763 616 33.784 3.13672 40.6124 30.0659 30.6161 468 151 0.104405
561 0.89094 0.972527 677 89127 0 35.2222 2.20037 48.68 39.184 43.1829 596 81 1.99986
562 0.936306 0.977827 670 80511 663 36.8461 1.00021 45.9004 29.9853 31.4592 471 199 0.156525
563 0.961945 0.943983 614 62076 611 34.0921 1.98744 39.0827 30.3403 29.77 473 141 0.102996
564 0.945055 0.901468 732 86921 728 34.9111 1.10836 46.9827 30.1679 28.4041 455 277 0.152523
565 0.988462 0.996124 663 81912 660 29.4829 6.93558 40.6032 29.8366 30.0285 520 143 0.134525
566 0.929047 0.952273 594 57564 592 35.7513 1.42857 38.8262 28.8559 29.4887 451 143 0.101194
567 0.957831 0.955912 627 58690 0 33.9748 2.81878 43.5248 34.8766 34.9824 498 129 1.71816
568 0.934118 0.9925 600 51263 598 31.9732 7.09806 40.9997 25.4504 27.3911 425 175 0.0927448
569 0.842105 1 619 68911 617 34.9044 1.52705 39.4637 21.0237 25.2874 437 182 0.117043
570 0.893004 0.975281 672 45675 670 30.9927 4.45809 37.7564 25.0913 27.4397 486 186 0.0901027
571 0.980545 0.990177 685 76342 0 37.3742 0.667891 49.0022 35.4488 35.8762 514 171 2.05488
572 0.922787 0.983936 655 94469 0 35.5106 1.56221 41.8097 31.6241 33.5124 531 124 1.93069
573 0.912951 0.951327 679 75122 677 33.3565 1.8417 42.411 27.7475 28.7377 471 208 0.159227
574 0.956989 0.946809 727 78695 0 33.4705 1.9412 41.5753 32.9508 32.9436 558 169 2.32596
575 0.960924 0.960924 755 79113 0 36.7981 0.691708 50.6485 35.9573 36.0369 563 192 2.53309
576 0.87457 0.978846 728 61173 0 30.9516 5.6578 44.9229 32.1243 35.8545 582 146 2.33714
577 0.980132 0.925 638 48710 0 35.6507 2.74368 42.6397 32.9242 31.0625 453 185 1.80308
578 0.936015 0.962406 734 67865 0 36.078 1.07693 46.7785 33.6354 34.7782 547 187 2.34491
579 0.948 0.989562 613 58951 611 32.2033 2.94864 36.8894 29.2682 30.4632 500 113 0.114285
580 0.967347 0.955645 657 37776 655 30.8422 5.07366 38.7534 29.3062 28.9838 490 167 0.0944374
581 0.988688 0.95 606 58573 0 36.5456 1.70582 40.7795 31.3071 30.2026 442 164 1.64024
582 0.893502 0.988024 759 60716 756 31.3483 4.21247 43.3138 29.508 32.7984 554 205 0.122223
583 0.966102 0.955307 710 84280 0 35.1547 1.8181 45.004 34.3 33.5687 531 179 2.2976
584 0.947059 0.958333 674 49753 0 33.8113 3.24937 42.3985 32.4337 32.4195 510 164 2.01858
585 0.94246 0.957661 679 74154 677 32.3522 2.41445 41.0737 28.448 28.9034 504 175 0.13452
586 0.964912 0.970588 700 91563 0 35.9556 1.50029 47.842 34.9844 35.3208 513 187 2.2108
587 0.987469 0.877506 607 80573 598 36.2118 1.28748 41.8451 29.9742 26.7573 399 208 0.131557
588 0.934901 0.988528 676 67119 0 33.4563 2.60821 40.583 31.4325 33.3841 553 123 2.01763
589 0.981675 0.976562 462 51278 441 31.4907 7.91533 32.353 26.842 26.692 382 80 0.0832984
590 0.938356 0.936219 628 92204 619 36.8223 1.04468 42.9912 30.5497 30.6407 438 190 0.162379
591 0.960251 0.970402 580 48305 577 32.1605 4.82885 37.1528 30.281 30.6137 478 102 0.0834051
592 0.922141 0.976804 539 36141 525 30.7542 3.82053 32.3117 22.7283 24.3145 411 128 0.0683106
593 0.899048 0.907692 648 51455 0 29.9259 5.99054 38.8051 31.2084 31.6032 525 123 1.83818
594 0.970276 0.980687 605 52109 0 34.4132 2.61661 39.2377 30.62 30.7582 471 134 1.59006
595 0.977427 0.984091 613 56502 609 38.021 0.845712 41.4508 30.01 30.1807 443 170 0.10037
596 0.943137 0.997925 686 73704 0 37.6527 2.01607 50.3791 32.9625 34.8648 510 176 2.03461
597 0.968105 0.980989 713 94029 0 33.2916 5.14362 50.2571 37.2331 37.5355 533 180 2.21521
598 0.934102 0.980969 806 100626 0 33.5137 3.25398 49.5662 35.8247 37.8067 607 199 2.81756
599 0.977011 0.971429 717 71136 0 34.1632 2.5455 45.1594 33.254 33.0264 522 195 2.37177
600 0.9729 0.9729 556 36369 554 23.8665 14.185 34.6421 22.1502 22.0763 369 187 0.0734946
601 0.92629 0.95202 612 74283 608 33.998 1.98746 37.3381 24.4944 25.1623 407 205 0.129437
602 0.861897 0.982922 808 69852 804 30.7691 4.53744 46.8324 29.8269 34.1313 601 207 0.138137
603 0.930041 0.88454 666 78973 0 36.7635 1.4653 44.0678 34.1841 32.4989 486 180 2.06783
604 0.945946 0.950617 547 53565 543 37.0422 1.2357 36.9685 26.9686 27.1166 407 140 0.0928531
605 0.915572 0.951267 756 64001 751 33.617 2.28648 43.8885 29.9541 31.1902 533 223 0.122987
606 0.911937 0.928287 797 92124 0 33.0837 4.22767 50.9902 32.4216 33.6129 511 286 2.7872
607 0.854305 0.996139 775 106563 0 35.0694 1.42281 51.197 33.6548 39.5299 604 171 2.63891
608 0.94041 0.901786 750 69603 0 33.06 2.95191 43.2679 32.597 31.5005 537 213 2.46405
609 0.959488 0.980392 615 68848 613 33.7575 2.42493 35.9517 27.2052 27.8515 469 146 0.126397
610 0.926 0.950719 695 57163 693 30.6391 5.00531 41.3616 27.6673 28.4307 500 195 0.13471
611 0.900175 0.996124 759 94838 0 37.1668 0.641378 51.7979 32.5195 36.3528 571 188 2.56004
612 0.907923 0.91974 614 51146 612 33.7499 1.9309 36.2379 26.8817 26.6721 467 147 0.109312
613 0.982558 0.944134 746 53081 0 25.8057 11.9034 43.4304 31.6267 30.1236 516 230 2.3948
614 0.975758 0.971831 656 94819 0 36.2508 0.905319 42.3694 32.1083 32.1409 495 161 1.9579
615 0.912935 0.929114 587 60878 585 36.1459 1.62288 38.8339 25.7169 26.1097 402 185 0.112417
616 0.94832 0.991892 566 32033 564 26.2849 8.95594 32.4794 20.0071 20.922 387 179 0.0685234
617 0.933723 0.963783 646 79226 643 32.8469 2.01989 39.0749 30.2651 31.0041 513 133 0.140213
618 0.984169 0.914216 533 28931 531 22.3236 15.1727 31.7779 23.9281 22.2187 379 154 0.0611508
619 0.929825 0.989627 572 68668 0 30.6647 7.79603 40.961 34.1368 36.7749 513 59 1.30204
620 0.887984 0.964602 663 60881 653 34.3096 2.08239 41.9723 28.4473 30.9533 491 172 0.128664
621 0.883399 0.955128 709 58940 706 34.3073 2.39285 44.7429 29.1055 30.6985 506 203 0.12539
622 0.860595 0.968619 711 85254 0 34.3634 1.76206 46.7598 30.9478 34.8585 538 173 2.21371
623 0.909091 0.947581 711 66299 0 35.5197 1.94011 47.2105 32.3077 33.9855 517 194 2.23716
624 0.894928 0.955513 754 87376 0 34.9686 1.18435 45.5134 31.0609 33.3814 552 202 2.46195
625 0.931298 0.849188 614 55139 612 34.6576 2.22881 39.9688 27.4434 24.8899 393 221 0.0987846
626 0.913043 0.991011 660 81578 658 32.5666 2.34191 40.6301 25.9411 28.4504 483 177 0.138548
627 0.953125 0.953125 553 72014 551 37.488 0.618003 36.4959 25.5134 25.5291 384 169 0.115671
628 0.93083 0.971134 639 57865 0 33.8683 2.5502 41.1805 31.5493 32.9172 506 133 1.7967
629 0.994609 0.981383 569 57291 567 34.6447 2.32434 38.1662 25.786 25.4907 371 198 0.0971767
630 0.861759 0.97166 729 70989 724 32.896 3.32525 44.9668 29.7458 34.0991 557 172 0.129878
631 0.973995 0.909492 545 51819 0 35.8542 1.59496 36.7719 30.6973 28.5673 423 122 1.33754
632 0.898502 0.918367 848 104845 0 35.9989 1.72734 52.6652 36.6457 37.2621 601 247 3.22408
633 0.967672 0.903421 606 51832 0 33.4305 4.00227 38.9104 32.5496 30.3898 464 142 1.61452
634 0.909474 0.972973 607 44567 605 34.2042 1.49592 38.5742 28.577 30.3715 475 132 0.0855794
635 0.928702 0.988327 709 61596 0 33.569 2.14878 43.1168 30.9814 32.5284 547 162 2.28353
636 1 0.730526 476 26474 474 23.0829 14.4573 28.6903 28.6903 20.7882 347 129 0.0506222
637 0.942857 0.966216 615 51630 612 33.4068 4.99103 42.0062 30.5548 31.1468 455 160 0.097245
638 0.952941 0.977586 741 102659 0 34.4988 2.76881 49.271 38.5094 39.9084 595 146 2.47024
639 0.93128 0.965602 598 51719 543 29.6528 7.63873 38.3953 26.0339 26.9137 422 176 0.0905033
640 0.911063 0.961098 604 68129 602 30.5586 4.7548 36.8238 26.9617 28.6223 461 143 0.112109
641 0.938034 0.984305 614 86904 0 35.794 1.6327 42.5045 31.023 32.759 468 146 1.71266
642 0.967521 0.948074 745 83168 0 36.1054 1.74893 50.3295 40.4807 39.5922 585 160 2.42777
643 0.925659 0.946078 582 77249 574 35.6316 1.84753 39.3958 26.726 27.4667 417 165 0.134723
644 0.92562 0.978166 635 51167 633 32.6939 2.32348 36.2584 26.4199 28.1438 484 151 0.10828
645 0.919831 0.954048 658 51225 656 32.4392 2.89061 38.7192 26.9844 28.0364 474 184 0.0986663
646 0.932059 0.956427 669 74128 667 32.2294 3.52427 40.5568 28.5208 28.6979 471 198 0.126849
647 0.945498 0.871179 642 61105 639 31.4052 4.0225 38.8725 27.6651 25.3583 422 220 0.107577
648 0.89876 0.97973 566 39637 564 30.3356 4.65178 34.3724 26.8039 29.3487 484 82 0.0742061
649 0.93712 0.980892 668 61994 666 32.53 2.65068 39.4173 27.2033 28.8804 493 175 0.108904
650 0.905882 0.989293 667 73748 665 34.2834 2.11896 41.7614 29.2155 32.0871 510 157 0.127969
651 0.871985 0.914397 711 76660 709 32.831 2.22259 41.4284 29.3821 31.4274 539 172 0.132751
652 0.967177 0.926625 640 64344 637 34.7057 2.07083 40.1431 29.7638 28.6431 457 183 0.107181
653 0.903114 0.972067 781 67783 0 34.0616 2.89329 50.259 35.0543 37.2737 578 203 2.64901
654 0.878182 1 695 60534 0 34.05 2.78412 45.563 30.7085 34.9021 550 145 2.14361
655 0.948052 0.975501 669 60659 667 34.7787 1.55941 40.5312 27.4581 28.1772 462 207 0.11474
656 0.954315 0.976623 548 40594 393 35.2217 2.17655 37.5016 25.5863 26.4978 394 154 0.0743256
657 0.924485 0.973494 682 76810 680 34.4052 2.15621 44.7058 25.4173 26.949 437 245 0.144912
658 0.898635 0.964435 676 85286 673 34.8523 1.23089 42.772 29.4236 31.5527 513 163 0.168188
659 0.950943 0.99802 664 79948 0 33.9696 1.97382 40.6666 30.6238 32.3231 530 134 2.05129
660 0.9 0.966667 737 50662 0 33.383 4.0717 47.0788 34.7139 37.3675 580 157 2.45039
661 0.876623 0.971223 654 65597 652 33.1545 2.2987 40.6497 26.6389 29.2809 462 192 0.122093
662 0.892562 0.897507 549 37484 547 28.6674 6.71569 31.1955 19.8729 19.7272 363 186 0.0757269
663 0.96473 0.983087 676 88107 0 37.0908 0.517815 45.3463 30.9361 31.4967 482 194 2.14639
664 0.950108 0.977679 659 75331 657 33.7153 1.97968 41.1278 27.5664 28.2925 461 198 0.134524
665 0.992424 0.901376 565 40733 563 26.7151 11.6546 36.0084 27.9933 25.6343 396 169 0.080938
666 0.975285 0.931034 779 70808 0 33.403 3.39024 46.2338 31.7113 30.3836 526 253 2.72733
667 0.953003 0.991848 508 49809 504 34.8446 1.31133 32.9946 23.9172 24.934 383 125 0.101747
668 0.898039 0.974468 689 66652 687 33.3524 2.44813 39.5438 26.3987 28.9537 510 179 0.1281
669 0.951667 0.948505 809 88818 0 34.2535 1.69731 45.3151 33.6594 33.5151 600 209 2.97957
670 0.99005 0.947619 537 72072 0 37.0689 1.06779 39.3617 30.9263 29.5624 402 135 1.40816
671 0.897306 0.990706 799 128197 0 34.6781 1.97377 50.7075 33.6565 37.7319 594 205 2.96367
672 0.987421 1 670 57253 0 32.3101 5.69659 47.5604 31.5209 31.8753 477 193 2.08597
673 0.928421 0.97351 540 50359 538 29.8629 5.57389 33.6738 27.9111 29.1201 475 65 0.0917696
674 1 0.52 401 16949 399 16.4445 21.1514 24.1461 24.1461 11.9601 208 193 0.0332733
675 0.947368 0.938224 708 61967 0 35.1855 2.1156 44.8351 33.4867 33.149 513 195 2.28823
676 0.936957 0.98627 619 65230 615 37.8636 0.47436 42.5258 30.0909 31.8448 460 159 0.117938
677 0.987212 0.948403 595 72803 592 37.9004 1.03487 42.9481 29.84 28.6659 391 204 0.123035
678 0.972056 0.979879 668 58140 0 37.0821 0.966807 44.3896 32.8066 33.0941 501 167 2.06199
679 0.925217 0.931699 722 103634 0 36.2984 1.00781 50.1 40.1418 40.1094 575 147 2.44038
680 0.917431 0.974659 693 77081 0 35.2122 1.11227 44.2241 32.5764 34.5315 545 148 2.20491
681 0.984576 0.905437 542 32631 540 29.7228 8.94969 34.8931 27.2038 25.2252 389 153 0.0678665
682 0.917258 0.972431 611 42275 609 29.3322 6.23492 36.1286 23.3901 24.9522 423 188 0.0907159
683 0.926335 0.967308 738 58434 0 34.9884 1.41114 46.3039 31.9105 33.266 543 195 2.45585
684 0.902394 0.993915 654 70672 649 30.0009 6.63992 40.3214 30.3849 33.4146 543 111 0.138991
685 0.941423 0.982533 675 49361 671 33.6511 3.56616 44.0943 30.2783 31.4573 478 197 0.116469
686 0.948515 0.985597 677 59227 673 32.1487 4.03396 41.9759 30.2082 31.3316 505 172 0.115085
687 0.798712 0.978304 827 114171 0 33.9689 2.19231 50.5836 30.7023 37.2471 621 206 3.14046
688 0.868519 0.96701 755 76049 747 32.6068 3.28005 46.5464 30.6031 34.0378 540 215 0.160016
689 0.945026 0.952507 550 61472 548 36.295 1.05917 37.0127 25.8551 26.0611 382 168 0.107904
690 0.921154 0.817406 739 66292 0 30.024 6.72685 42.1976 33.9472 30.0059 520 219 2.47906
691 0.927907 0.95 563 52324 561 32.3398 3.04983 33.7096 24.9238 25.6057 430 133 0.0962198
692 0.932432 0.99759 601 51491 599 30.8894 7.80602 37.6822 24.1623 25.8935 444 157 0.101486
693 0.845161 0.963235 767 113389 0 34.6458 1.58846 46.454 33.9157 38.6106 620 147 2.72964
694 0.936248 0.986564 753 71065 0 33.7966 2.60251 45.6048 31.9576 33.6575 549 204 2.54759
695 0.85906 0.994819 520 27569 518 26.0228 10.2103 30.8708 22.936 26.6779 447 73 0.0590821
696 0.924335 0.947589 673 67750 669 36.6299 0.859998 42.8047 30.5063 31.1476 489 184 0.127748
697 0.950644 0.986637 667 53534 665 30.7156 5.90869 39.5957 25.1645 26.3824 466 201 0.105291
698 0.934694 0.930894 677 62934 675 25.668 10.8654 39.5543 28.2973 28.2675 490 187 0.118396
699 0.886827 0.96371 760 96315 753 35.403 1.14822 45.5025 29.7486 32.0735 539 221 0.172563
700 0.957576 0.967347 636 68226 0 35.3865 0.870315 40.5331 30.6882 30.9509 495 141 1.87556
701 0.98977 0.923628 625 50939 623 36.2995 1.10598 41.406 27.8324 25.8967 391 234 0.0979806
702 0.926267 0.919908 658 60097 656 30.2609 5.4691 38.8837 24.9125 24.7434 434 224 0.113916
703 0.89375 0.981693 605 81930 603 32.664 2.3128 37.9716 27.4469 29.6563 480 125 0.140258
704 0.951267 0.907063 711 93249 0 36.0125 1.1497 43.7294 32.9062 31.5033 513 198 2.35522
705 0.993737 0.953908 606 50936 0 33.3241 5.20367 40.7816 33.7087 32.2451 479 127 1.69877
706 0.957169 0.958955 709 56358 0 30.9516 5.1989 44.134 32.4482 32.6957 537 172 2.28416
707 0.944578 0.970297 544 73446 542 33.6674 2.50383 35.4013 25.9915 26.4392 415 129 0.123684
708 0.90167 0.972 740 85492 0 35.8482 1.10396 47.9767 30.8641 33.2769 539 201 2.5144
709 0.827273 0.997807 716 62082 0 37.9123 0.943462 51.4344 30.909 36.7208 550 166 2.33013
710 0.916509 0.902804 715 60919 712 33.2375 2.06123 40.605 30.3502 30.118 527 188 0.115153
711 0.756818 0.954155 567 50097 562 31.3147 2.98605 32.1131 19.5439 24.8734 440 127 0.0936464
712 0.862876 0.998066 729 58257 0 31.4009 4.90987 44.4094 31.7323 36.9388 598 131 2.42874
713 0.911368 0.969262 661 59750 0 35.4855 1.14924 42.4957 31.0687 33.0364 519 142 1.99975
714 0.96945 0.981443 664 42276 0 33.6946 3.24454 43.4958 31.2437 31.6078 491 173 2.00792
715 0.966887 0.969027 620 98448 614 36.5429 1.46217 42.4629 30.4979 30.6156 453 167 0.168718
716 1 0.7109 423 21250 421 18.9858 18.1719 23.7215 23.7215 16.4944 300 123 0.0408465
717 0.885602 0.995565 686 54787 684 32.6465 3.00236 39.8265 26.4579 29.8512 507 179 0.107615
718 0.931868 0.963636 591 39291 589 24.5067 11.6957 33.1204 24.5354 25.1911 455 136 0.0853732
719 0.925403 0.980769 589 49928 587 33.6998 2.65125 36.5717 29.2403 30.8442 496 93 0.106778
720 0.956848 0.988372 705 71429 702 32.9521 2.44777 42.346 30.4588 31.6767 533 172 0.132787
721 0.976471 0.97076 656 64588 0 35.4961 1.78705 45.3651 34.746 34.3898 510 146 1.98248
722 0.902954 0.904863 638 83487 0 36.5123 1.67955 43.4312 32.108 32.5449 474 164 1.93336
723 0.980583 0.986328 695 68786 0 32.8861 3.5916 44.0439 32.2626 32.4183 515 180 1.59234
724 0.951087 0.949367 748 58708 0 32.5156 4.80362 46.0364 34.8507 34.6441 552 196 2.53981
725 0.948956 0.980815 585 43284 583 31.3049 3.55872 35.354 25.0384 25.7903 431 154 0.086157
726 0.915686 0.943434 725 77708 0 35.525 1.63666 47.7711 32.6266 33.5827 510 215 2.40399
727 0.950577 0.973019 821 71818 0 36.154 1.70325 53.0971 36.9188 38.1205 607 214 3.02197
728 0.956863 0.987854 681 71202 0 35.3949 2.5846 46.9576 32.2702 33.2982 510 171 2.14952
729 0.963592 0.908467 673 67694 671 33.3043 2.91515 42.8857 26.7225 25.238 412 261 0.15008
730 0.910256 0.955157 636 52037 634 34.8696 1.45738 40.337 27.5513 28.8427 468 168 0.103429
731 0.902386 0.9163 665 47859 663 28.7771 7.06164 38.4607 25.8753 26.301 461 204 0.0973784
732 0.95614 0.954466 725 73484 0 34.7268 2.59176 47.7825 38.2378 38.1579 570 155 2.42415
733 0.971098 0.850633 557 29384 555 23.4081 15.0752 33.2687 23.5382 20.5689 346 211 0.0652988
734 0.966495 0.91687 603 69479 582 37.1079 1.24497 40.5754 27.8153 26.5634 388 215 0.122693
735 0.931818 0.992736 621 80520 619 36.1014 1.64903 42.6721 26.9368 28.6993 440 181 0.139935
736 0.95612 0.940909 590 67210 588 33.7743 1.86213 36.7777 27.0186 26.9007 433 157 0.123886
737 0.912821 0.967391 745 67851 0 34.131 2.75852 48.551 36.6722 39.279 585 160 2.52595
738 0.943311 0.997602 614 54759 612 32.5708 2.78295 38.5314 24.8589 26.5445 441 173 0.103522
739 0.877737 0.923225 713 81865 710 33.5857 1.92597 41.8876 30.3445 31.9635 548 165 0.145572
740 0.944043 0.949183 725 65308 0 34.8942 2.61391 48.7609 37.597 37.584 554 171 2.31845
741 0.923729 0.921776 647 70720 640 34.3979 1.20521 41.8199 30.291 30.3726 472 175 0.11804
742 0.896491 0.969639 722 67721 0 33.3596 2.62266 43.2601 31.6803 34.2428 570 152 2.26162
743 0.962076 0.977688 609 60911 0 33.3881 2.44335 39.64 31.8461 32.3206 501 108 1.6339
744 0.92674 0.967495 698 70180 694 32.2686 2.35653 39.9739 30.125 31.4158 546 152 0.122
745 0.927593 0.983402 668 50900 664 34.0582 2.32369 42.5364 30.2738 32.3774 511 157 0.0954147
746 0.941315 0.943529 602 38219 600 32.7888 3.07722 37.2155 24.9279 25.0911 426 176 0.0866526
747 0.843137 1 562 46029 558 25.7695 12.8534 34.8706 29.8407 34.8706 561 1 0.103735
748 0.961382 0.925636 747 79685 0 35.622 1.61987 52.8854 36.4891 35.2875 492 255 2.43194
749 0.943119 0.966165 681 69741 0 35.6762 1.21618 44.556 34.3245 35.0552 545 136 2.07889
750 0.963333 0.984668 774 85545 0 35.2975 1.74895 49.2702 37.131 38.3415 600 174 2.70075
751 0.97351 0.914938 643 56835 0 35.4741 2.523 41.9171 31.5537 29.4363 453 190 1.82622
752 0.880503 0.927152 632 73113 627 34.8232 2.36653 41.5562 29.8434 31.3465 477 155 0.130259
753 0.914943 0.945368 681 110770 677 36.5993 1.23148 47.3402 28.2908 29.2204 435 246 0.179999
754 0.920259 0.963883 662 42966 660 29.9468 6.1538 40.9927 25.2623 26.4898 464 198 0.0837023
755 0.964059 0.974359 593 67164 0 33.728 2.50392 40.1032 31.6381 32.0547 473 120 1.56449
756 0.969849 0.921241 557 42349 555 29.5441 6.80326 36.4844 27.5971 26.0249 398 159 0.0787106
757 0.915888 0.940048 615 46180 613 30.1728 4.69303 35.1585 23.8516 24.2285 428 187 0.0873807
758 0.921927 0.992844 839 96341 0 35.3101 2.36866 55.1451 35.7063 38.2234 602 237 3.06173
759 0.916996 0.993576 695 86192 690 33.5499 1.75854 43.2027 28.0324 30.51 506 189 0.142626
760 0.899635 0.955426 710 48453 708 30.3605 5.12997 41.205 29.0709 31.1334 548 162 0.0945511
761 0.982955 0.894057 529 44154 525 38.9934 0.463375 39.4399 27.6398 25.1717 352 177 0.0769431
762 0.951271 0.887352 683 83652 0 35.7956 0.861464 44.7038 33.2953 31.4133 472 211 2.01268
763 0.939394 0.986364 650 65182 648 33.0855 2.57803 38.9314 26.3695 27.7104 462 188 0.113361
764 0.948207 0.989605 670 107280 0 36.3155 1.29786 46.8103 31.6718 33.1468 502 168 1.96052
765 0.877551 0.995789 729 89518 722 34.2973 1.62594 45.7083 28.9732 32.766 539 190 0.153838
766 0.983806 0.985801 668 92094 0 35.6404 1.84332 44.9259 33.2751 33.1233 494 174 2.00556
767 0.95183 1 675 89633 0 37.5379 0.930445 49.4324 33.3837 35.0304 519 156 2.0815
768 0.92094 0.941048 663 79217 660 33.8169 3.42258 42.2242 28.7551 29.0977 468 195 0.135669
769 0.982 0.995943 693 93675 0 39.3794 0.101416 52.847 35.1566 35.6124 500 193 2.16084
770 0.923977 0.925781 706 84091 703 31.1532 5.66896 42.8588 30.1672 30.121 513 193 0.137356
771 0.977716 0.994334 548 44617 546 38.5431 0.935048 39.6226 25.0289 25.391 359 189 0.0798401
772 0.988924 0.967492 823 95164 0 36.7435 1.02925 55.1114 42.657 41.9203 632 191 2.9612
773 0.891182 0.908222 697 60220 693 33.5689 1.56909 40.5214 30.4859 31.405 533 164 0.113106
774 0.883562 0.835853 607 60245 0 36.4313 1.51088 41.257 31.9281 29.9672 438 169 1.64804
775 0.955193 0.989451 666 76674 663 33.9909 3.98247 47.1554 29.8666 30.8117 491 175 0.126654
776 0.979716 0.966 674 59520 0 35.1125 2.09714 42.7279 32.3356 31.8666 493 181 2.00716
777 0.943798 0.979879 688 72259 681 34.6798 1.2161 41.6707 29.9902 31.4391 516 172 0.124896
778 0.997305 0.948718 525 39575 523 25.2939 11.4303 32.5461 24.0686 22.8476 371 154 0.0714508
779 0.96114 0.911548 610 62895 608 31.223 5.20558 35.9862 24.3211 23.2343 386 224 0.107805
780 0.877917 0.960707 716 67633 712 33.4014 2.9558 43.004 30.3762 33.4869 557 159 0.123101
781 0.924569 0.990762 572 58241 565 35.2041 1.45735 39.2302 30.1543 32.1884 464 108 0.102013
782 0.936782 0.968317 622 54900 0 33.5588 1.69682 40.1207 32.5813 33.7209 522 100 1.77068
783 0.938596 0.974943 627 71271 625 34.3075 1.44665 41.3616 28.404 29.6123 456 171 0.139707
784 0.970276 0.987041 637 47392 635 31.4335 5.31715 39.1428 28.5964 29.1192 471 166 0.0958663
785 0.980668 0.953846 706 74551 0 33.9612 1.56095 45.4783 38.1179 37.3597 569 137 2.25924
786 0.896985 0.8925 619 55255 617 31.4145 4.35279 37.3872 24.515 24.464 398 221 0.115851
787 0.91757 0.92967 642 58511 639 35.8943 3.21737 43.0412 30.5236 30.8795 461 181 0.109372
788 0.852495 0.972772 606 46506 604 30.0938 6.95512 38.7317 25.2839 29.1982 461 145 0.0904556
789 0.893773 0.966337 735 85520 732 33.8342 2.47565 44.1391 29.9418 32.2026 546 189 0.153267
790 0.934389 0.949425 628 55272 626 31.9164 4.01202 39.9242 26.7913 27.4294 442 186 0.105114
791 0.936916 0.961631 590 70501 586 34.2663 1.69527 37.0096 26.117 27.0766 428 162 0.121339
792 0.840836 0.984934 803 89003 0 35.6091 1.70419 49.3895 33.4907 38.5901 622 181 2.93194
793 0.938819 0.942797 658 49482 656 34.3249 1.42736 40.9654 28.1088 28.2317 474 184 0.107244
794 0.900222 0.975962 627 60328 625 35.7573 1.42634 40.5745 25.7041 28.3838 451 176 0.125769
795 0.968421 0.87619 684 95365 0 35.5499 2.0658 48.1616 37.1095 34.0061 475 209 2.12006
796 0.951163 0.995134 628 57596 623 32.9147 3.38009 40.3826 26.0757 27.1515 430 198 0.106834
797 0.956522 0.952919 717 76890 0 35.0591 1.87448 45.9137 35.0813 34.6321 529 188 2.34841
798 0.856452 0.983333 786 88479 0 34.8381 1.51038 49.5767 33.4793 39.0028 620 166 2.79437
799 0.97451 0.980276 661 77106 0 33.4775 2.5996 41.1484 31.0329 31.2328 510 151 2.01213
800 0.970526 0.968487 655 72788 0 35.3215 0.899343 43.1593 31.8259 31.7916 475 180 1.97373
801 0.941296 0.991471 652 73502 637 33.2018 2.41113 40.2649 29.5483 31.1132 494 158 0.131556
802 0.955193 0.985294 683 87002 0 37.603 1.07856 48.8403 33.7215 34.6331 491 192 2.1589
803 0.944867 0.980276 767 94590 0 35.4866 1.13615 49.3978 32.2856 33.6928 526 241 2.68748
804 0.938959 0.968519 693 81039 0 33.828 2.16368 44.0776 34.2279 36.1159 557 136 2.20775
805 0.811864 0.991718 766 82700 0 32.0833 3.81163 46.927 30.85 37.1702 590 176 2.66577
806 0.992327 0.948655 509 54966 507 37.7579 0.918974 35.5811 28.7548 27.4917 391 118 0.0955377
807 0.922432 0.979955 620 59983 0 35.7582 1.82855 42.9093 30.7311 32.6243 477 143 1.77205
808 0.965686 0.960976 565 31277 563 26.0865 10.8069 32.6584 23.7115 23.6098 408 157 0.0676124
809 0.976789 0.978682 652 80383 0 35.9334 1.69565 42.3739 33.7869 33.8647 517 135 2.00163
810 0.946197 0.988372 729 48994 726 32.5943 3.72131 42.7716 29.6919 31.2248 539 190 0.107793
811 0.829646 0.974026 592 46570 590 30.6158 4.17846 32.4966 21.1375 24.8635 452 140 0.0897986
812 0.948307 1 731 69732 0 36.5125 1.32238 51.8298 35.1102 37.1369 561 170 2.43433
813 0.893536 0.965092 669 72843 663 33.7939 1.8841 38.5885 28.6437 30.5418 526 143 0.134908
814 0.936803 0.965517 713 68131 0 33.0567 2.74409 45.1505 32.7596 33.5089 538 175 2.2478
815 0.981132 0.959016 665 58838 662 30.0594 6.16789 41.7412 29.9456 29.2183 477 188 0.103864
816 0.965021 0.973029 647 54348 643 34.3763 2.81983 40.9646 30.4554 30.6671 486 161 0.0990894
817 0.961009 0.961009 619 66549 617 35.6969 2.71817 40.2428 27.1014 27.0628 436 183 0.113737
818 0.964135 0.97234 617 71317 0 37.9423 0.33443 43.3846 32.5185 32.7685 474 143 1.72146
819 0.98081 0.954357 660 57238 0 36.3558 1.39733 43.5801 31.6952 30.9406 469 191 1.92215
820 0.942056 0.984375 692 57791 0 32.9041 4.02985 45.5694 34.2857 35.7337 535 157 2.17518
821 0.897059 1 562 31263 560 30.4699 6.89101 35.1745 20.9777 23.6772 408 154 0.0671494
822 0.922131 0.993377 602 54174 0 34.4894 2.26394 40.25 30.5437 33.0798 488 114 1.64459
823 0.896313 0.979849 670 55066 668 32.8117 2.83118 39.3814 22.5905 25.0201 434 236 0.100429
824 0.924855 0.987654 664 49617 661 34.8284 1.47052 41.3992 30.1445 32.096 519 145 0.0896897
825 0.906504 0.925311 672 62911 668 34.139 1.9097 41.9072 29.8799 30.7024 492 180 0.111617
826 0.947791 0.949698 662 110327 0 34.0423 2.45709 41.9248 31.6388 31.6225 498 164 2.00999
827 0.927176 1 764 65997 0 35.9129 1.01695 51.3573 32.5111 34.9764 563 201 2.49282
828 0.833984 0.993023 716 79510 714 34.1584 1.15178 43.3267 24.415 29.7395 512 204 0.137869
829 0.936321 0.938534 644 71176 635 36.241 1.12163 43.4067 28.678 28.3891 424 220 0.121198
830 0.930272 0.971581 747 53573 0 30.825 6.3819 45.2678 33.7312 35.1855 588 159 2.37038
831 0.966102 0.927907 531 26701 529 22.4683 16.2998 32.4848 25.9565 24.7385 413 118 0.0551891
832 0.895717 0.993802 723 71051 720 33.4897 2.15531 44.3664 28.672 31.4461 537 186 0.129735
833 0.794613 0.987448 763 74139 760 34.4458 2.08391 46.3063 28.9749 36.1201 594 169 0.135736
834 0.898039 0.968288 711 70890 709 32.4511 3.60423 43.087 27.4004 29.6656 510 201 0.135661
835 0.90724 0.943529 669 76215 667 34.7063 2.74115 46.2451 27.9343 29.0901 442 227 0.152712
836 0.958678 0.931727 663 70087 654 34.7417 1.49907 41.2779 30.1036 29.1626 484 179 0.125076
837 0.897384 0.984547 646 63982 644 32.5119 1.75427 37.0111 26.0207 28.7268 497 149 0.119299
838 0.927817 0.975926 730 62138 0 33.0929 4.66732 46.6846 34.0922 36.2778 568 162 2.42548
839 0.919463 0.953596 624 57773 622 30.6286 4.46204 36.9167 25.3249 26.6287 447 177 0.111099
840 0.985043 0.944672 658 48286 652 31.519 5.87151 41.4412 30.5216 29.2684 468 190 0.1039
841 0.957494 0.988453 655 57895 653 35.0038 1.67519 45.3432 28.5344 29.5485 447 208 0.109718
842 0.96139 0.994012 718 113441 0 36.8134 1.14586 48.5927 33.9851 35.1903 518 200 2.41099
843 0.862888 0.912959 687 57775 0 33.0267 2.72825 40.2738 30.6769 31.9827 547 140 2.1569
844 0.903226 0.937799 627 54345 625 34.8741 2.17518 40.7435 26.8035 27.6179 434 193 0.105339
845 0.905433 0.969828 676 66964 674 33.798 0.970272 40.863 26.8062 28.7268 497 179 0.125211
846 0.924812 0.970414 708 135206 0 36.2978 1.51041 49.3172 35.2636 36.5816 532 176 2.39556
847 0.946512 0.950935 583 70801 581 35.8223 0.837936 38.8168 28.6209 28.6071 430 153 0.123834
848 0.944547 0.988395 681 50055 0 32.2292 4.07105 40.316 30.556 32.2636 541 140 2.09827
849 1 0.655983 469 25106 467 19.2217 17.8843 26.1596 26.1596 16.5984 307 162 0.0515628
850 0.939076 0.978118 652 57043 650 34.2211 2.46922 40.6282 27.0286 28.4147 476 176 0.118974
851 0.970874 0.917431 594 40849 592 35.2174 1.48759 37.4955 27.3283 26.1672 412 182 0.0831908
852 0.952479 0.956432 664 73470 0 35.2825 2.23591 44.7184 32.276 32.5029 484 180 2.03028
853 0.971193 0.973196 657 70772 0 36.7658 1.13554 43.5883 32.8978 32.9095 486 171 1.99676
854 0.939597 0.952381 618 74557 607 36.7763 1.4461 43.7285 30.5505 30.8791 447 171 0.134249
855 0.970655 0.990783 649 69196 647 33.9098 1.84341 41.4473 26.7136 27.2455 443 206 0.12472
856 0.915094 0.944039 566 70926 561 32.0206 3.39407 36.7643 26.8952 27.6612 424 142 0.123823
857 0.922642 0.997959 761 86307 0 36.3986 1.58534 49.3638 31.4782 33.9986 530 231 2.66759
858 0.940613 0.978088 703 64860 0 28.4537 9.52322 43.838 30.6866 31.9307 522 181 2.25704
859 0.948546 0.970252 607 79392 597 31.5914 3.15358 37.0687 26.3606 27.3131 447 160 0.136996
860 0.895089 0.987685 610 61881 606 31.894 2.89748 38.2391 24.7907 27.4043 448 162 0.112559
861 0.944231 0.976143 713 67273 708 33.9552 2.50782 42.4025 29.6528 30.6819 520 193 0.136026
862 0.857855 0.917333 534 36116 532 30.7695 4.94825 33.2685 22.8708 24.2328 401 133 0.0773465
863 0.947059 0.985714 624 41777 0 32.6548 3.82768 39.5056 31.8009 33.0842 510 114 1.78011
864 0.909615 0.916667 745 53805 742 32.7759 2.57564 43.3951 30.2659 30.7722 520 225 0.108064
865 0.928429 0.958932 639 69931 636 32.1741 3.41891 39.2598 30.3761 30.9235 503 136 0.121087
866 0.932976 0.980282 576 33822 574 27.61 11.2809 37.0579 21.1756 22.0814 373 203 0.0712512
867 1 0.389655 291 10550 289 10.6493 28.487 15.5244 15.5244 5.70848 113 178 0.0210451
868 0.836036 0.991453 662 54739 580 28.6723 7.85669 41.4467 27.8634 33.3973 555 107 0.105147
869 0.913824 0.996086 756 73035 753 36.9295 0.806973 49.3381 30.1907 32.9284 557 199 0.137259
870 0.943983 0.980603 641 73765 0 32.5705 3.09053 42.6668 30.7287 31.9212 482 159 1.83255
871 0.911007 0.9725 579 53197 577 31.4644 3.69951 33.9158 22.8104 24.2836 427 152 0.0920141
872 0.941406 0.989733 796 80653 788 34.821 1.85025 50.3282 30.6108 32.4997 512 284 0.158759
873 0.92229 0.97619 667 94289 0 34.0186 2.19954 44.5554 30.7778 32.7334 489 178 1.96443
874 0.973948 1 639 91712 634 35.9519 0.977195 40.8347 30.1823 31.2079 499 140 0.148207
875 0.933898 0.991007 727 71746 0 35.6836 1.68577 51.1228 39.1146 41.4886 590 137 2.2358
876 0.855422 0.950287 833 84920 0 34.1494 2.64581 52.3491 32.2321 35.4477 581 252 2.97809
877 0.865275 0.944099 634 60829 632 32.4905 2.8821 39.1726 29.5239 32.5535 527 107 0.105045
878 0.92803 0.985915 707 61130 704 32.9643 3.55922 44.6909 30.1994 32.109 528 179 0.106712
879 0.925344 0.977178 716 69208 714 34.246 0.947716 42.9709 27.5449 29.0722 509 207 0.123113
880 0.876485 0.994609 493 39344 491 29.765 7.1592 33.1783 24.9149 28.2359 421 72 0.068828
881 0.864301 0.877119 681 57296 679 32.6439 3.37487 40.0345 27.1173 27.849 479 202 0.104167
882 0.85873 1 791 102837 0 32.7865 4.5882 51.2916 33.8305 39.3613 630 161 2.8365
883 0.913958 0.965657 647 92565 0 33.8831 2.10426 41.8855 32.1099 34.3147 523 124 1.96934
884 0.911579 0.993119 609 53689 514 30.3367 4.9657 35.8856 25.5976 27.749 475 134 0.100231
885 0.899306 0.959259 770 70652 0 33.8878 2.16425 48.2694 33.7288 35.8159 576 194 2.6841
886 0.954887 0.969466 708 81318 0 34.9488 1.60599 45.7946 33.5855 34.4211 532 176 2.30552
887 0.962963 0.960591 544 47632 542 30.1021 3.78173 32.0428 23.7529 23.8422 405 139 0.0884934
888 0.958763 0.976378 548 59576 546 34.0144 1.73743 35.7512 24.8472 25.2738 388 160 0.106262
889 0.921429 0.99422 728 89353 0 35.7246 1.59585 45.9801 33.0364 35.586 560 168 2.43604
890 0.883987 0.989031 785 117264 0 35.9503 0.939344 49.5795 33.0639 37.3463 612 173 2.86104
891 0.878846 0.925101 674 60828 670 32.8925 2.25102 41.3341 30.5509 32.1503 520 154 0.121449
892 0.94274 0.997835 640 62097 638 33.4552 1.95648 37.8725 26.4101 27.8254 489 151 0.128841
893 0.942029 0.968085 626 53295 0 37.0672 0.866039 42.9442 32.2848 33.3871 483 143 1.79728
894 0.942418 0.991919 713 105450 0 36.5338 0.770517 48.8948 31.0238 33.0436 521 192 2.27355
895 0.926667 0.896774 630 63488 627 36.0682 1.31273 39.757 29.8728 28.472 450 180 0.106569
896 0.87037 0.971576 570 51438 568 33.1945 2.2347 36.2361 23.6975 26.6652 432 138 0.0903592
897 0.920732 0.930185 742 108019 0 35.3216 2.41129 47.6722 30.8131 31.4484 492 250 2.46886
898 0.918728 0.996169 664 62206 0 31.8622 4.1869 41.8103 32.4683 35.1733 566 98 1.93776
899 0.958696 0.964989 642 55924 638 35.2393 1.46066 43.023 29.9831 30.1486 460 182 0.114322
900 0.826667 0.992 617 40607 615 33.2842 3.15621 38.9742 23.0518 27.9658 450 167 0.091665
901 0.941667 0.953586 650 51741 648 32.7819 3.63812 38.9195 27.927 28.3616 480 170 0.098446
902 0.989691 0.974619 521 35941 519 27.0751 10.1798 33.379 25.0276 24.5073 388 133 0.0671382
903 0.951754 0.949672 660 45962 657 28.2285 9.8873 41.8787 28.469 28.4869 456 204 0.0913939
904 0.955032 0.967462 645 51702 0 35.583 2.07513 44.5943 30.9132 31.5605 467 178 1.82717
905 0.881072 1 598 47950 595 24.087 12.5821 34.4677 30.1694 34.4677 597 1 0.0894161
906 0.938272 0.991304 671 80491 669 33.2304 2.07492 41.1354 26.8106 28.2124 486 185 0.144564
907 0.898129 0.878049 692 100448 0 36.6502 0.758787 46.5658 32.23 31.4948 481 211 2.12168
908 0.968293 0.89819 608 63299 606 35.5993 1.52497 38.9535 28.1514 26.4841 410 198 0.109253
909 0.900192 0.875 709 66846 0 35.6572 1.79331 44.8791 34.9471 34.0526 521 188 2.19753
910 0.910369 0.986667 692 115791 0 33.8604 2.31202 43.7779 32.9096 35.956 569 123 2.14367
911 0.950749 0.961039 634 55758 627 36.7684 0.857537 41.2428 29.0502 29.2932 467 167 0.120763
912 0.921154 0.971602 681 81932 0 33.8145 2.85524 43.1387 31.5243 33.1808 520 161 2.06776
913 0.870192 0.85782 587 72078 585 36.7001 0.977622 40.7696 28.6733 28.4515 416 171 0.120088
914 0.84486 0.969957 700 92858 696 35.1547 1.54625 45.6804 29.8135 34.1089 535 165 0.155908
915 0.94023 0.955607 615 54398 613 34.4433 1.99295 39.4461 27.4974 28.1444 435 180 0.109047
916 0.962076 1 715 112100 0 38.2034 0.403723 50.6507 30.9116 32.0391 501 214 2.28829
917 0.911111 0.97852 645 71276 642 33.4085 1.76297 37.9356 24.7105 26.7007 450 195 0.120731
918 0.88403 0.922619 699 74468 0 33.509 2.3855 44.6198 31.6335 33.6682 526 173 2.15295
919 0.942379 0.965714 691 74241 0 33.8876 2.95325 44.3398 34.3416 35.1578 538 153 2.11645
920 0.89603 0.922179 675 82820 672 33.5779 1.57453 39.5542 30.2204 31.565 529 146 0.136278
921 0.886414 0.900452 677 88500 674 36.6089 2.6353 48.1385 30.6206 30.5708 449 228 0.144332
922 0.883772 0.990172 635 92211 630 32.6705 3.58817 41.5115 26.2275 29.5711 456 179 0.148067
923 0.923894 0.984906 787 61868 0 34.3327 2.20063 45.7646 31.4808 33.6017 565 222 2.66018
924 0.96882 0.941558 659 74529 641 34.1407 1.58357 43.2851 30.3767 29.1148 449 210 0.126069
925 0.969762 0.988987 642 81168 0 37.6382 0.593158 45.6761 32.3826 33.0889 463 179 1.82908
926 0.941834 0.988263 609 70288 607 36.6172 1.54759 43.2644 28.7612 30.0418 447 162 0.120044
927 0.942966 0.953846 727 104267 724 33.3578 2.71725 43.8543 30.2926 30.8248 526 201 0.169161
928 0.920792 0.928144 672 89367 669 33.7779 1.35844 39.5496 29.2043 29.0459 505 167 0.146974
929 0.915493 0.970149 679 67195 0 30.8476 6.47305 41.9116 32.5122 34.2581 568 111 2.03767
930 0.928962 0.901857 536 35720 534 25.5904 11.3395 31.4083 22.1141 21.595 366 170 0.0679695
931 0.897533 0.971253 674 59574 670 34.4006 3.73481 43.1194 30.5109 32.6029 527 147 0.109631
932 0.99763 0.92936 623 54639 621 30.2904 7.769 39.2748 28.2161 26.1882 422 201 0.0969486
933 0.920078 0.918288 664 68371 656 33.0664 2.17962 39.3639 30.5289 30.5753 513 151 0.121462
934 0.943723 0.997712 670 65667 665 35.1833 1.29662 43.3371 26.8324 28.4498 462 208 0.115465
935 0.958254 0.98249 638 56227 0 34.0271 2.25882 41.1015 33.227 33.9649 527 111 1.82183
936 0.936396 0.986965 748 80664 0 36.1818 1.25398 49.8075 35.1844 36.6634 566 182 2.43838
937 0.915385 0.971429 655 50385 653 32.0535 3.82007 36.8105 28.1373 29.9555 520 135 0.0952781
938 0.978313 0.990244 597 73982 595 32.1341 6.61834 40.2873 26.5929 26.9054 415 182 0.122034
939 0.890688 0.977778 675 57557 672 34.9244 1.68193 43.4347 28.2489 31.4084 494 181 0.109534
940 0.988662 0.880808 555 52770 0 32.6897 5.42477 37.0799 32.9538 29.8929 441 114 1.39622
941 0.91635 0.954455 686 63460 684 31.0022 4.27232 38.106 28.504 29.4375 526 160 0.113529
942 0.941176 0.98324 526 71353 524 33.2699 2.3753 33.4706 21.8292 22.8785 374 152 0.115445
943 0.960744 0.970772 671 95867 666 34.5555 2.21346 43.0382 30.2522 30.3345 484 187 0.157328
944 0.955189 0.959716 562 48935 560 33.0211 2.33307 36.681 27.4961 27.7167 424 138 0.0873396
945 0.875839 0.95082 802 96898 0 33.0706 3.78728 51.3287 35.7066 38.9237 596 206 2.89664
946 0.914851 0.976744 722 94067 0 35.8276 0.837277 49.4932 32.4992 34.7025 505 217 2.39499
947 0.84902 0.997696 617 60323 615 31.8766 2.54135 36.5307 25.212 30.0702 510 107 0.110531
948 0.941026 0.875895 587 55948 585 32.3805 2.17712 33.9008 24.241 22.8154 390 197 0.103316
949 0.951128 0.986355 682 55752 0 33.8967 2.34761 41.6893 31.4344 32.8382 532 150 2.11902
950 0.850267 0.928016 727 82948 0 34.056 2.40032 46.5577 33.4634 36.1787 561 166 2.43892
951 0.92986 0.962656 681 48562 678 32.8106 2.16714 39.9021 28.6305 29.7824 499 182 0.108493
952 0.922547 0.952043 784 107343 0 34.9654 1.46183 48.6663 35.3351 36.3363 581 203 2.85433
953 0.981771 1 560 46351 383 40.462 0.00506823 42.5267 26.8588 27.313 384 176 0.0826608
954 0.93356 0.996364 737 78944 0 34.004 3.073 45.9736 32.7561 35.5718 587 150 2.49121
955 0.897651 0.992579 721 86399 0 32.6768 2.29424 41.7126 31.8244 34.9923 596 125 2.4172
956 0.932624 0.977695 716 124440 0 34.1413 0.59326 44.1131 32.7416 34.5628 564 152 2.28276
957 1 0.571429 428 17000 426 16.9823 19.5142 22.6147 22.6147 12.6864 244 184 0.0357583
958 0.848659 0.980088 719 62777 716 36.5288 1.24614 48.0802 29.0262 33.1914 522 197 0.135237
959 0.946988 0.926887 558 59161 556 34.4898 1.94588 36.8194 28.1375 27.6939 415 143 0.104568
960 0.889961 0.978769 668 63178 0 34.6854 1.75371 42.5927 30.6382 33.6533 518 150 1.94844
961 0.878104 0.955774 569 59171 567 33.9921 2.31218 36.4531 26.1034 28.2135 443 126 0.0994158
962 0.934783 0.953629 670 81939 0 35.4206 1.56437 42.6006 31.6583 32.2331 506 164 2.01176
963 0.978805 0.980695 661 56157 0 35.0889 1.50316 43.6418 34.5407 34.6193 519 142 1.88976
964 0.884086 0.982533 672 61024 668 28.5504 8.9818 42.3736 29.0124 32.2484 509 163 0.115675
965 0.953704 1 600 92975 598 38.7732 0.486763 44.0267 28.2922 29.7577 432 168 0.171912
966 0.988372 0.930657 708 74235 0 32.3695 2.47583 43.1598 32.5872 30.8675 516 192 2.17313
967 0.844797 0.973577 698 79191 0 35.858 1.33962 46.6601 32.9077 37.3594 567 131 2.13273
968 0.914591 0.966165 721 54663 0 30.7005 5.94615 45.0258 32.6317 34.8344 562 159 2.24152
969 0.829474 0.97284 650 48286 648 31.8852 3.72533 38.7932 23.7938 27.7708 475 175 0.0910587
970 0.965657 0.944664 688 72346 0 32.5077 3.75094 44.6468 33.2008 32.4411 495 193 2.05412
971 0.921495 1 693 74092 0 36.0152 1.70679 48.2028 31.4692 34.2457 535 158 2.07266
972 0.974 0.977912 685 126867 0 37.2594 1.01654 45.8447 32.231 32.5018 500 185 2.09885
973 0.922414 0.932462 647 64781 645 33.7803 2.68453 39.3926 27.9504 28.2734 464 183 0.112764
974 0.950704 0.955189 604 45894 602 34.1558 2.9352 41.165 28.3124 29.0096 426 178 0.0844174
975 0.942547 1 811 95926 0 35.5328 1.9671 53.2099 36.5481 39.0236 644 167 2.83865
976 0.94403 0.961977 746 69602 0 33.8808 2.4685 46.0349 31.8202 32.5122 536 210 2.40192
977 0.968317 0.940385 678 82694 0 33.8784 2.40749 43.9594 33.4989 32.439 505 173 2.02108
978 0.964509 0.989293 641 49341 639 33.4791 3.63204 39.7118 29.3293 30.1499 479 162 0.0924387
979 0.973948 0.97006 667 99779 0 31.608 5.76476 41.2551 31.1027 31.1398 499 168 1.97231
980 0.918367 0.986056 725 83020 720 34.8085 1.76072 43.0069 30.2154 32.2424 539 186 0.162012
981 0.918651 0.960581 667 74512 0 34.8354 1.11106 43.8401 32.0057 34.1286 504 163 1.9551
982 1 0.637394 354 13518 352 14.1934 24.6862 19.6202 19.6202 12.294 225 129 0.0251497
983 0.906667 0.981949 769 80961 0 33.707 2.03536 44.8535 33.3464 35.7695 600 169 2.54913
984 1 0.512821 391 19951 389 15.0227 23.8969 22.9367 22.9367 11.4303 200 191 0.034698
985 0.903766 0.957871 722 98880 718 34.2143 1.55512 48.3006 29.8536 31.8012 478 244 0.162877
986 0.925843 0.983294 652 49645 650 33.1122 3.6323 41.4951 24.5105 26.2649 445 207 0.0923547
987 0.834331 0.981221 687 55893 685 32.7691 2.42477 38.9019 24.0687 28.4996 501 186 0.115461
988 0.963489 0.957661 667 57655 664 32.6169 3.68545 40.8788 30.3098 29.8805 493 174 0.106851
989 0.943089 0.895753 725 105224 0 35.8307 1.27478 48.4562 34.8798 32.9254 492 233 2.30169
990 0.924812 0.987952 699 52930 695 33.4059 2.67094 43.6069 30.2699 32.685 532 167 0.111493
991 0.831874 0.967413 782 78719 0 33.0722 4.86767 51.2276 30.8344 35.945 571 211 2.65684
992 1 1 496 34512 494 23.5184 12.4182 29.2375 29.2375 29.2375 495 1 0.0594489
993 0.898876 0.956175 714 62559 0 35.3988 1.43477 48.4715 33.4071 35.6044 534 180 2.17485
994 0.934974 0.928447 757 75454 0 33.7825 2.15789 43.9283 33.5384 33.7654 569 188 2.48404
995 0.937626 0.954918 635 59565 0 34.5519 1.75271 39.1788 30.8853 31.2435 497 138 1.76715
996 0.974504 0.893506 556 45904 554 28.7526 7.89778 35.4424 23.2445 21.1499 353 203 0.0822994
997 0.829749 1 710 76309 707 34.6823 2.83656 47.3328 28.7148 34.7666 558 152 0.136688
998 0.93858 0.929658 759 77181 0 34.2567 3.55293 48.8643 33.7123 33.4749 521 238 2.48975
999 0.822719 0.98152 784 63585 782 31.9117 3.70353 46.2874 27.7122 32.9841 581 203 0.120355
