0 0.692308 0.838356 608 45293 607 31.7176 2.72172 33.9896 20.7248 24.9249 442 166 0.187391
1 0.765727 0.860976 636 53782 635 32.0438 5.13808 38.1382 24.1348 26.4264 461 175 0.189033
2 0.77187 0.95339 695 63204 694 32.3779 3.61771 40.0163 27.459 33.8829 583 112 0.219667
3 0.633911 0.90884 655 83308 654 32.4995 3.27444 41.3834 21.7225 32.677 519 136 0.280983
4 0.927711 0.811951 684 78260 0 35.8363 0.701356 47.5072 39.3431 34.7498 498 186 2.21214
5 0.725838 0.874109 630 45473 629 30.149 5.73615 38.3646 26.0429 30.844 507 123 0.157373
6 0.711656 0.956044 631 63941 630 31.7391 2.80354 39.7987 21.983 30.7124 489 142 0.21918
7 0.792056 0.904 565 72242 564 33.3685 1.81636 36.0615 23.7343 27.4824 428 137 0.238
8 0.837591 0.901768 700 78159 0 34.1831 2.08897 46.031 33.5047 37.1339 548 152 2.25769
9 0.845987 0.864745 602 34417 601 26.9731 8.79731 35.4205 25.8397 26.9235 461 141 0.124126
10 0.867257 0.882883 607 57031 605 35.7531 1.64523 42.0992 30.416 31.2692 452 155 0.200089
11 0.860377 0.96 659 54073 658 33.4275 2.90811 41.9105 29.9744 33.3116 530 129 0.187529
12 0.908616 0.842615 604 51849 603 29.0711 9.95641 38.8567 26.3472 23.7695 383 221 0.176129
13 0.833735 0.912929 536 35347 535 29.5245 7.54791 34.7975 24.5259 26.7439 415 121 0.134256
14 0.827506 0.819861 644 59275 639 37.8122 0.614537 45.5554 30.455 30.6346 429 215 0.209941
15 0.727928 0.868817 714 86382 713 31.9427 3.31746 43.1219 28.4596 33.6125 555 159 0.29449
16 0.991323 0.783877 644 83080 1 34.9307 1.50953 45.1711 40.32 32.5668 461 183 1.97707
17 0.749135 0.921277 778 91260 775 35.8838 2.0487 50.7232 30.5924 37.8104 578 200 0.317196
18 0.847191 0.935484 578 51770 577 28.3411 7.76747 34.16 23.6963 26.4526 445 133 0.19233
19 0.475926 0.764881 719 115295 716 35.7897 1.87189 49.0636 21.1239 36.71 540 179 0.450294
20 0.850799 0.935547 721 68019 0 34.8356 2.36116 46.1519 32.5015 35.3017 563 158 2.35075
21 0.637795 0.764151 812 96096 0 34.1689 2.33817 50.1959 32.8826 39.1898 635 177 3.07021
22 0.798805 1 503 34984 502 26.9509 11.0057 31.5985 25.5059 31.5985 502 1 0.119288
23 0.844488 0.890041 681 76147 678 35.26 1.42089 42.6815 30.5346 32.5513 508 173 0.291879
24 0.855691 0.967816 573 44798 572 33.2342 2.26254 38.4296 29.0068 33.1758 492 81 0.205078
25 0.786982 0.875 694 47933 693 33.7611 2.09571 43.2324 28.3361 32.0964 507 187 0.247114
26 0.315686 0.602996 749 73123 748 32.5611 3.37682 42.7242 14.2303 29.69 510 239 0.335423
27 0.848671 0.871849 708 47373 704 33.0202 4.86723 46.0194 30.1854 31.0316 489 219 0.17662
28 0.898618 0.866667 594 45719 593 32.9727 4.0678 37.7189 27.7637 26.8807 434 160 0.155925
29 0.826 0.886266 698 85457 0 37.0666 1.17653 47.5158 31.101 33.5786 500 198 2.4862
30 0.913747 0.946927 553 72295 552 38.0877 1.20308 40.3212 25.3114 26.4947 371 182 0.269422
31 0.901879 0.840467 678 63976 0 36.4184 0.70559 43.7099 33.2501 31.1119 479 199 2.28537
32 0.832418 0.825613 596 42728 595 30.2157 8.52516 39.7397 24.0693 23.8716 364 232 0.169627
33 0.680328 0.819753 654 54370 653 30.4046 5.15507 39.7871 24.1792 29.2794 488 166 0.217914
34 0.739544 0.812109 750 60330 748 27.6888 9.32309 45.7841 29.8027 32.7909 526 224 0.291465
35 0.752212 0.904255 619 87794 618 36.5206 1.27594 43.102 25.6088 31.0059 452 167 0.360022
36 0.920792 0.84738 558 44371 557 30.9859 5.84418 36.2609 28.404 26.2009 404 154 0.166586
37 0.935205 0.892784 610 87184 0 37.9653 0.591117 42.1413 33.7471 32.2281 463 147 2.11687
38 0.87472 0.853712 600 36816 599 26.2397 11.3065 35.7777 26.9847 26.7489 447 153 0.133991
39 0.805668 0.906606 608 68163 606 33.5605 2.48585 40.3857 30.0518 33.2649 494 114 0.256616
40 0.706697 0.807388 669 86723 668 34.9984 1.65311 42.9853 24.5141 27.834 433 236 0.322284
41 0.839286 0.754587 600 59821 598 34.9368 1.92788 37.5964 26.9927 24.8909 392 208 0.259182
42 0.694656 0.786177 701 60882 699 33.9652 2.36353 45.9834 29.7284 34.1186 524 177 0.235781
43 0.677725 0.955457 793 75775 791 33.5538 2.97151 49.9078 28.1046 39.2795 633 160 0.306613
44 0.664875 0.80303 708 80568 705 35.1694 2.1163 46.0401 30.2588 36.6159 558 150 0.316648
45 0.899306 0.826156 768 77841 0 32.1669 3.44392 44.4035 36.8166 33.6401 576 192 2.81256
46 0.931567 0.886555 583 46461 582 34.4982 1.59647 37.5602 30.1365 28.5115 453 130 0.167717
47 0.724832 0.870968 785 82823 784 33.6208 2.68655 46.021 28.5629 35.2352 596 189 0.336092
48 0.649805 0.893048 663 78323 661 34.427 1.41581 41.0605 23.2929 32.3184 514 148 0.293087
49 1 0.744 501 38345 500 23.9396 12.6016 28.5003 28.5003 21.2008 372 129 0.142662
50 0.80863 0.949339 609 56878 608 34.7585 2.03319 37.1172 27.7604 32.7103 533 76 0.238491
51 0.807203 0.940741 633 66684 632 33.8396 2.47505 39.3502 25.6724 29.9385 472 161 0.264511
52 0.843564 0.955157 662 50590 661 33.7167 3.17857 42.6917 26.7994 30.6726 505 157 0.191476
53 0.770093 0.85124 705 100684 0 36.6756 0.895504 46.9936 32.1346 35.515 535 170 2.58459
54 0.702247 0.930521 642 52728 641 32.2297 3.80273 40.4363 24.764 33.4912 534 108 0.217037
55 0.827957 0.810526 692 74476 0 36.5524 1.2198 45.8856 31.9549 31.2144 465 227 2.47272
56 0.852747 0.881818 670 45421 669 27.3804 8.70177 38.8989 25.028 25.4952 455 215 0.200968
57 0.811787 0.898947 708 71632 704 34.8531 2.39982 44.5574 29.7404 33.1828 526 182 0.308513
58 0.783673 0.874715 692 59767 691 34.6386 1.40154 43.6038 26.5108 29.7879 490 202 0.252533
59 0.857143 0.84375 645 63099 644 33.7548 2.59433 41.7269 28.9885 28.4507 441 204 0.281825
60 0.567164 0.79403 605 68070 604 32.994 1.61104 36.267 19.5515 28.1642 469 136 0.288778
61 0.944056 0.904018 565 47788 564 34.0316 2.48104 37.3153 29.1412 27.353 429 136 0.208787
62 0.905213 0.854586 596 45576 595 29.106 7.86847 38.5001 27.9466 26.3517 422 174 0.199895
63 0.761745 0.871401 789 95467 0 34.4956 1.15551 49.749 30.9973 35.7771 596 193 3.19072
64 0.676301 0.9 695 87482 693 33.2815 1.93621 43.6785 23.8017 32.3873 519 176 0.392719
65 0.831486 0.771605 606 63948 605 32.8503 2.389 37.0231 30.108 27.7858 451 155 0.26509
66 0.924771 0.757895 713 89486 0 34.12 1.84405 47.7137 44.746 36.8935 545 168 2.58238
67 0.742342 0.899563 708 70742 705 32.8764 3.59304 45.2714 29.7396 36.2548 555 153 0.296952
68 0.877722 0.793939 810 113305 0 34.0838 2.24864 50.081 41.9319 37.3206 597 213 3.2993
69 0.826336 0.883673 782 102491 0 37.3492 0.535866 51.9309 33.2364 34.964 524 258 3.1198
70 0.760141 0.936957 692 88002 690 33.4756 1.92898 42.975 28.4567 34.9509 567 125 0.339244
71 0.827977 0.890244 710 70824 708 33.417 3.01409 43.3119 30.2193 32.7045 529 181 0.283206
72 0.811538 0.90364 700 54951 699 29.4913 6.44736 39.6104 26.6577 29.7869 520 180 0.210786
73 0.931116 0.865342 603 46358 602 35.3866 2.19097 37.4805 28.2064 26.371 421 182 0.174145
74 0.885312 0.956522 646 61400 644 35.2103 1.99016 42.7689 28.686 31.077 497 149 0.260898
75 0.757937 0.945545 645 40338 643 32.3563 3.16372 38.3022 23.0863 28.9978 504 141 0.175439
76 0.692177 0.959906 688 86725 687 35.2671 1.67713 44.3555 26.8829 37.9766 588 100 0.35164
77 0.843137 0.895833 691 78911 690 32.9257 1.44107 40.3226 27.8185 28.4085 510 181 0.315445
78 0.906149 0.759837 871 101353 0 34.6643 2.1863 54.8336 47.3314 38.3222 618 253 3.75323
79 0.796875 0.862579 656 62133 654 32.4292 2.73711 39.7354 28.5606 31.8588 512 143 0.237816
80 0.762887 0.816777 712 110740 708 35.2889 1.60976 46.4347 29.621 30.7931 485 227 0.438362
81 0.850211 0.957245 552 51955 551 34.8647 1.70868 37.597 28.8302 32.0458 474 78 0.192404
82 0.753131 0.890063 678 113732 0 36.5032 0.61685 46.6857 32.7547 38.7905 559 119 2.4056
83 0.973105 0.89842 558 73243 557 36.9174 1.06367 37.9365 29.8767 27.7064 409 149 0.268023
84 0.835189 0.971503 608 81309 607 37.5375 0.774264 41.7482 25.2563 29.8323 449 159 0.299199
85 0.848684 0.816456 667 99865 665 34.8128 1.76312 42.9454 30.1874 29.3561 456 211 0.430094
86 0.936842 0.815018 637 73065 0 37.5039 0.470472 44.6828 37.904 33.1736 475 162 2.02031
87 0.617261 0.814356 726 55712 725 34.2008 1.68617 46.413 23.5222 33.5257 533 193 0.215493
88 0.838776 0.917411 639 62436 637 33.6739 2.29381 39.5525 27.8194 30.9261 490 149 0.251648
89 0.595376 0.839674 683 67944 682 32.9913 1.89324 38.5288 20.6126 29.6471 519 164 0.25767
90 0.822757 0.923833 662 85956 661 35.6936 0.935654 42.0473 25.0434 27.979 457 205 0.320991
91 0.798077 0.873684 677 77732 675 36.5645 0.837957 46.0093 30.2899 32.941 520 157 0.284709
92 0.934461 0.853282 639 65524 1 34.9652 1.60307 40.2739 32.357 29.3588 473 166 2.05598
93 0.723485 0.933985 661 61944 659 33.4855 2.50278 41.8586 25.7165 33.0166 528 133 0.25658
94 0.739806 0.821121 736 92240 0 36.0675 1.52345 51.1377 32.0046 35.9571 515 221 2.69492
95 0.568548 0.895238 668 58351 667 32.2663 3.66914 38.5403 18.0612 28.6835 496 172 0.249368
96 0.85177 0.875 596 73672 595 34.1888 1.3161 40.1599 29.6864 30.2038 452 144 0.29388
97 0.804082 0.933649 676 102882 674 36.3743 1.06575 47.1619 27.6944 32.6758 490 186 0.392442
98 0.748134 0.934732 683 89330 682 33.7806 1.88097 45.2366 27.5941 35.7161 536 147 0.337256
99 0.772643 0.853061 735 79483 733 34.2707 1.9047 44.8974 29.9323 33.1361 541 194 0.309392
