0 0.970339 0.970339 646 73142 0 36.665 0.604547 44.2316 32.556 32.4421 472 174 1.85209
1 0.97166 1 657 58378 0 36.3261 1.48627 44.5703 31.8996 32.8989 494 163 1.89518
2 0.961165 0.928705 694 80101 0 35.1396 1.82745 47.0335 36.6625 35.433 515 179 2.08643
3 0.988189 0.984314 635 46632 632 28.8076 6.54703 37.7005 30.3782 30.279 508 127 0.0848575
4 1 0.549505 405 18247 403 20.6295 17.744 25.0538 25.0538 13.1366 222 183 0.0329287
5 0.863139 0.965306 752 82418 0 34.4873 2.69561 48.7322 31.43 34.7832 548 204 2.45932
6 0.969838 0.963134 673 69349 671 35.3756 1.82431 44.1279 27.6261 27.3151 431 242 0.124467
7 0.935652 0.978182 797 81299 0 34.9701 1.63192 52.4631 35.8734 37.364 575 222 2.73553
8 0.909774 0.971888 792 56453 0 35.7852 1.90726 48.9992 31.832 34.0066 532 260 2.64936
9 0.948767 0.986193 672 66094 670 31.9808 2.59537 37.6566 28.5041 29.8489 527 145 0.114509
10 0.976695 0.97463 610 98466 0 33.8543 3.01485 40.1668 30.9793 30.5452 472 138 1.71342
11 0.923729 0.962472 619 65539 617 31.8254 3.06546 35.4883 26.0207 27.447 472 147 0.129014
12 0.950758 0.982387 702 78770 0 32.8989 3.78077 45.5116 32.1624 33.7177 528 174 2.29255
13 0.91215 0.976 770 75638 767 33.4501 2.76319 45.5076 29.4145 31.5013 535 235 0.156583
14 0.912281 0.989429 648 38871 646 29.8254 5.33553 37.8638 27.3396 29.8366 513 135 0.0794267
15 0.87796 0.964 718 73353 0 34.6126 1.5494 45.55 31.705 34.6901 549 169 2.42546
16 0.945175 0.984018 615 70387 613 32.753 1.98795 37.2969 25.7264 26.4857 456 159 0.1364
17 0.95 0.979742 723 52536 0 33.394 4.51212 44.7461 33.7533 34.7547 560 163 2.26265
18 0.948661 0.981524 620 71413 618 33.5587 2.1285 36.5776 26.089 27.0026 448 172 0.183839
19 0.994667 0.966321 569 69350 567 36.6824 1.5213 37.4459 25.7864 24.9842 375 194 0.143164
20 0.935872 0.972917 711 86321 706 35.0781 1.15853 46.5359 30.3006 31.441 499 212 0.153483
21 0.959649 0.966431 725 70217 0 32.4428 2.92572 41.1365 32.8581 33.0444 570 155 2.45995
22 0.941839 1 694 71735 692 35.2439 1.18959 42.9589 29.2056 30.9685 533 161 0.130865
23 0.83908 0.993197 692 92740 689 35.2071 1.86446 44.5054 28.4629 33.8696 522 170 0.164065
24 0.932673 0.96319 613 46782 611 28.8911 6.95001 36.2782 28.4504 29.4225 505 108 0.0910882
25 0.937046 1 583 53051 581 37.1733 0.961874 41.9265 27.3891 29.6891 413 170 0.097075
26 1 0.628571 421 23227 419 20.2678 19.187 25.7733 25.7733 14.8271 264 157 0.0416647
27 0.967677 0.985597 627 58975 0 33.6187 3.22408 43.8023 32.9389 33.7438 495 132 1.74893
28 0.936567 0.978558 706 77631 702 30.8684 5.75922 42.6366 30.3612 31.8845 536 170 0.132753
29 1 0.478469 419 17539 417 14.7599 24.1798 23.8836 23.8836 10.3263 200 219 0.0330693
30 0.991543 0.985294 644 46085 641 29.6602 6.70278 42.0814 29.9288 29.7284 473 171 0.0835881
31 0.976344 0.959831 637 77722 633 37.2682 0.882096 42.1892 30.2477 29.7947 465 172 0.130232
32 0.978516 0.976608 642 55811 0 35.1584 1.46139 40.9147 32.673 32.8348 512 130 1.86789
33 0.967687 0.996497 761 116467 0 33.8861 3.33776 48.4338 36.1334 37.0703 588 173 2.82257
34 0.998016 0.982422 673 56460 0 32.4432 3.69022 41.7245 32.5475 32.0345 504 169 2.04595
35 1 0.767033 456 25065 454 22.655 13.9055 26.1184 26.1184 19.8875 349 107 0.0524294
36 0.937238 0.978166 692 57756 690 34.1964 1.14242 40.7885 27.7947 29.1603 478 214 0.133132
37 0.96092 0.985849 582 66877 577 33.181 1.82156 35.9954 25.4852 26.2928 435 147 0.126886
38 0.89339 0.947964 632 65627 630 35.2515 1.14682 39.5386 27.5476 29.5072 469 163 0.129483
39 0.971264 0.992172 672 85241 0 34.1586 2.20306 43.9482 32.2587 33.0244 522 150 2.08242
40 0.960954 1 580 36420 578 33.525 3.92612 38.6584 28.3439 29.4025 461 119 0.0794216
41 0.92402 1 547 43347 545 38.0132 1.07839 39.2152 24.8563 26.9966 408 139 0.0962702
42 0.978824 0.902386 649 50585 647 29.2462 9.06037 39.865 28.1461 25.5112 425 224 0.10023
43 0.969639 0.978927 776 75746 0 33.6939 2.71085 47.8364 31.4785 31.727 527 249 2.73415
44 0.991209 0.993392 638 44542 0 34.9223 3.68299 45.2966 31.8944 32.0854 455 183 1.88925
45 0.974359 0.987013 718 65400 0 33.4622 2.38365 44.9454 34.3705 34.809 546 172 2.36907
46 0.931694 0.96875 506 43884 504 22.1009 16.4016 30.8367 20.858 22.1198 366 140 0.07859
47 0.960334 0.946502 644 43927 640 31.5143 4.91087 40.1178 30.4618 29.9567 479 165 0.0930201
48 0.926667 0.965278 811 73012 0 31.5719 4.25294 47.4882 35.5716 36.4993 600 211 3.01036
49 0.943841 1 553 66231 0 25.5929 11.8631 34.8173 32.5859 34.8173 552 1 1.38654
50 0.98731 0.970075 617 78955 603 35.8508 1.50639 42.4012 26.2017 25.8745 394 223 0.137345
51 0.938144 0.942029 649 69772 0 34.0375 1.67474 40.9217 30.943 30.9346 485 164 1.88636
52 0.943601 0.925532 648 94973 643 34.4986 1.87646 41.543 30.1505 29.4862 461 187 0.151576
53 0.910134 0.983471 697 70307 694 33.5955 2.28427 46.395 29.7316 32.016 523 174 0.122899
54 0.912046 0.997908 741 120366 0 36.3065 1.67254 49.0964 31.2428 34.4285 523 218 2.44979
55 0.923077 0.991304 672 112966 669 33.0983 1.64835 43.2099 27.9733 30.2034 494 178 0.175236
56 1 0.973958 584 39403 582 27.9629 8.37578 35.0037 23.3844 22.6984 374 210 0.073769
57 0.981092 0.979036 659 87658 0 37.726 0.592566 47.8928 33.6498 33.5258 476 183 1.92266
58 0.854617 0.977528 673 61971 669 32.3127 2.48854 39.2573 25.5006 29.2857 509 164 0.109401
59 0.967185 0.939597 755 91416 0 34.029 2.46139 47.0872 36.8233 35.5417 579 176 2.47271
60 0.958412 1 743 81317 0 36.2586 1.10363 51.3522 35.0748 36.92 529 214 2.36249
61 0.961864 0.986957 709 61053 707 32.4685 2.61841 41.067 26.073 26.905 472 237 0.109126
62 0.964135 0.987041 681 89082 679 33.3673 2.50577 44.3851 28.2767 29.0732 474 207 0.143188
63 0.917108 0.981132 804 90799 0 34.7768 1.21217 49.1178 33.293 35.4297 567 237 2.73964
64 0.989437 0.965636 777 71451 0 34.3615 1.86703 51.7678 38.2288 37.2075 568 209 2.54963
65 0.969203 0.998134 744 78778 0 35.8964 1.96522 50.943 35.4003 36.6836 552 192 2.36848
66 0.934211 0.986111 826 114222 0 34.1448 1.97815 49.6459 34.6345 36.2806 608 218 2.9094
67 0.93032 1 724 62123 721 35.9911 1.17217 48.2991 30.4594 32.6845 531 193 0.116793
68 0.997126 0.971989 504 57077 502 37.3122 1.16655 35.3882 25.3607 24.5265 348 156 0.103656
69 0.962121 0.935543 741 71725 0 34.3025 2.29186 47.199 35.0323 33.9709 528 213 2.30428
70 0.935685 0.971983 642 58202 640 35.5551 0.835406 38.8556 28.0339 28.8608 482 160 0.111365
71 0.982721 0.991285 614 54366 611 38.7357 0.358815 43.1378 30.2805 30.5451 463 151 0.0946027
72 0.977273 0.940625 522 26810 520 23.3349 12.9175 30.7721 18.5897 18.0137 308 214 0.0537053
73 0.960986 0.943548 645 75658 0 33.4168 1.80325 39.8286 30.6566 30.3985 487 158 1.84609
74 0.983213 0.957944 622 43203 620 34.3346 2.30462 40.3466 27.7642 26.9458 417 205 0.0799878
75 0.99169 0.952128 535 42429 533 27.2872 10.3036 33.7849 24.2784 23.3951 361 174 0.0749118
76 0.95098 1 706 100972 0 36.1141 1.82023 49.8313 31.5269 33.1321 510 196 2.17977
77 0.90303 0.959227 664 79471 660 33.6214 2.02573 40.2741 27.6911 29.1896 495 169 0.129494
78 0.929924 0.926415 691 49893 688 30.9043 3.53369 39.8921 30.4115 30.1708 528 163 0.0899113
79 0.905904 0.997967 704 78709 0 34.5571 1.71609 44.0343 30.9123 33.8813 542 162 2.17196
80 0.971491 0.975771 658 70650 656 35.8517 1.95339 42.2099 28.0155 28.1417 456 202 0.117396
81 1 0.982318 637 66884 0 35.6323 1.83707 41.4218 33.7893 33.1337 500 137 1.75317
82 0.951852 0.979048 694 86875 0 34.7412 1.87454 45.3964 35.0723 35.7627 540 154 2.0431
83 0.985106 0.974737 658 55706 654 35.2326 1.95169 43.3705 30.4532 30.0496 470 188 0.0993906
84 0.958874 0.938559 610 42286 608 32.9334 2.07529 36.6132 28.2288 27.6791 462 148 0.0782538
85 0.958182 0.996219 749 96927 0 38.5644 0.665 54.003 35.1413 36.7726 550 199 2.436
86 0.952607 0.913636 663 87759 660 36.9762 0.919178 45.6568 29.8874 28.6529 422 241 0.138414
87 0.962049 0.986381 710 75373 0 35.2695 1.52899 46.7876 32.8918 33.7672 527 183 2.20012
88 0.986193 0.94162 695 78720 692 32.5972 1.92115 39.8695 30.0883 28.7402 507 188 0.127326
89 0.941053 0.953092 672 62811 666 35.2632 1.81473 43.2598 29.7409 29.9471 475 197 0.108994
90 0.938776 0.94403 711 58286 0 31.3629 6.27651 43.6231 33.378 33.5556 539 172 2.16089
91 0.993304 0.993304 576 47197 569 34.2729 1.78871 37.0307 29.0407 29.0407 448 128 0.0861097
92 0.979127 0.957328 697 78512 0 35.5155 1.11615 44.4712 35.2319 34.4949 527 170 2.11332
93 1 0.938596 596 70587 0 38.147 0.293974 43.2943 32.7982 30.7212 428 168 1.56955
94 0.917895 0.973214 668 112662 650 37.768 1.02935 47.4094 29.9166 31.7426 475 193 0.169855
95 0.964218 0.967864 743 76152 0 34.9212 1.53502 52.197 36.2867 36.2516 531 212 2.36307
96 0.899452 0.98994 671 77268 662 33.2245 1.75547 41.266 30.196 33.9391 547 124 0.130398
97 0.993007 0.910256 629 54060 0 36.6881 1.44636 43.3084 32.1065 29.0726 429 200 1.70736
98 0.940741 0.986408 626 61761 0 33.7428 2.34338 40.2318 32.9194 34.8365 540 86 1.68925
99 0.98063 0.99022 564 39480 562 33.2553 3.70556 35.2025 25.415 25.6673 413 151 0.0717916
100 0.955752 0.984055 579 68369 572 33.378 1.74127 37.0178 28.1057 29.0262 452 127 0.110198
101 0.899761 0.986911 540 42035 538 26.8457 8.61577 32.3691 21.9424 24.4399 419 121 0.0761646
102 0.938865 0.979499 612 43367 610 32.6722 2.90685 36.8635 26.349 27.4198 458 154 0.0803693
103 1 0.997778 632 53364 629 34.1645 3.8064 42.8225 30.4351 30.3781 449 183 0.0906394
104 0.971678 0.955032 637 87833 630 35.2924 1.7544 43.1943 30.2927 29.8725 459 178 0.145659
105 0.845714 0.925 704 55207 701 33.2803 1.39858 40.9433 28.2604 31.1923 525 179 0.125084
106 0.996604 1 742 58486 0 35.7305 2.14696 48.7663 37.5661 37.6668 589 153 2.31652
107 0.979716 1 665 72152 0 37.7176 0.490462 47.0954 32.5401 33.305 493 172 1.88686
108 0.799523 0.988201 586 41727 584 32.5734 2.4785 34.8495 19.6922 24.6742 419 167 0.0765091
109 0.966173 0.997817 645 50892 643 33.506 4.07239 41.9863 27.9778 29.0167 473 172 0.0920863
110 0.985948 0.866255 650 96668 647 35.1957 2.03745 40.9512 30.2755 26.7519 427 223 0.149209
111 0.991952 0.972387 687 77364 684 34.1856 2.50274 41.0563 30.3474 29.776 497 190 0.12651
112 0.990453 0.960648 652 68966 648 36.331 1.93237 45.004 30.5001 29.5275 419 233 0.134129
113 0.94877 0.985106 681 93288 0 35.2344 1.12584 46.1371 31.2658 32.5038 488 193 1.99263
114 0.917476 0.979275 555 73287 551 35.7342 1.05627 35.0958 24.5262 26.0953 412 143 0.119566
115 0.97561 0.948905 757 73079 0 35.696 2.85748 52.5778 38.9124 37.9289 533 224 2.48282
116 0.944915 0.984547 644 53829 641 32.8734 1.98455 40.5557 27.6984 28.9313 472 172 0.0977172
117 0.896282 0.976546 690 103132 686 35.2233 1.97445 43.5587 29.8182 32.3765 511 179 0.185076
118 0.92029 1 711 56001 0 33.9646 2.85618 46.8032 32.5513 35.1438 552 159 2.22293
119 0.920879 0.995249 619 62975 438 34.7816 2.0637 41.5945 27.7097 30.158 455 164 0.10874
120 0.92926 0.903125 523 31033 521 22.1346 15.0661 31.8166 19.3449 18.7399 311 212 0.0612157
121 0.842991 0.969892 691 80562 689 32.9659 3.6228 44.557 28.4246 32.8535 535 156 0.154181
122 0.962227 0.98374 649 56681 0 33.5799 2.50142 40.8129 30.7985 31.2993 503 146 1.82014
123 0.982646 0.991247 618 64136 613 36.0358 1.81771 42.1071 30.3816 30.955 461 157 0.105536
124 0.948104 0.993724 663 78955 659 36.134 1.30665 44.0851 30.2479 31.5714 501 162 0.129933
125 0.876866 0.93254 686 66991 679 32.4053 3.16558 41.4797 30.5273 33.0332 536 150 0.127031
126 0.932318 0.996383 818 72382 0 36.8268 1.35631 57.0475 36.5144 39.5118 591 227 2.88315
127 0.948052 0.971175 663 51330 661 31.1516 3.64977 38.7062 26.4073 27.312 462 201 0.0960369
128 0.992188 1 534 44692 530 38.1264 0.563945 38.1541 27.0584 27.2399 384 150 0.0774258
129 0.959335 0.896373 793 100325 0 36.1381 1.6772 52.4803 39.7736 37.5689 541 252 2.75079
130 0.946996 1 748 59396 0 34.6305 1.47743 49.4575 35.4895 37.7996 566 182 2.36673
131 0.99 0.99 702 44406 698 32.7139 3.53018 43.5425 30.3935 30.5573 500 202 0.0879712
132 0.87782 0.989407 685 62107 681 33.2781 3.90369 44.2442 30.5668 34.2064 532 153 0.111135
133 0.874251 0.995455 681 77390 679 33.7129 2.33469 44.7051 27.2711 31.5693 501 180 0.131208
134 1 0.755299 520 43810 495 31.4932 2.92832 30.437 30.437 23.049 392 128 0.0712248
135 0.864261 1 768 81679 765 34.5294 1.31371 45.1542 28.4553 32.7087 582 186 0.147496
136 0.897533 0.991614 692 66412 689 33.8534 1.86066 41.7968 28.7165 32.0922 527 165 0.122948
137 0.961039 0.977974 585 64849 582 35.8108 1.16253 38.9308 30.2155 30.665 462 123 0.126311
138 0.871074 0.990602 784 116015 0 37.2086 0.777528 51.1811 32.1208 36.5497 605 179 2.68804
139 0.904459 0.968182 719 77551 717 32.2171 2.81784 44.9364 27.0043 29.0853 471 248 0.131883
140 0.928702 1 744 90151 740 34.3014 1.10495 43.5057 30.137 32.3843 547 197 0.154665
141 0.971947 0.967159 796 76396 0 34.2181 4.01651 53.8559 41.7042 41.5727 606 190 2.69048
142 0.958015 0.95619 631 54969 0 33.1577 2.34331 37.5773 31.3128 31.094 524 107 1.72464
143 0.927165 0.97921 661 97760 658 36.0531 0.942963 42.747 30.4908 32.1016 508 153 0.171896
144 0.941834 1 626 57898 624 31.4106 3.75813 38.445 25.9031 27.3914 447 179 0.104359
145 0.969957 0.976242 650 88873 648 34.424 2.05957 40.9393 28.7015 28.9221 466 184 0.14563
146 0.944444 1 545 61491 543 32.4256 3.71475 35.1919 27.3411 28.9571 450 95 0.0995403
147 0.948919 0.966 645 48082 641 33.1662 3.20684 39.0836 29.9743 30.3996 509 136 0.0937574
148 0.913223 0.975717 636 44053 634 28.4075 7.97101 36.5097 25.6641 27.5932 484 152 0.0878457
149 0.955157 0.926087 689 103133 0 37.2171 0.79415 48.7458 31.5281 30.7102 446 243 2.14513
150 0.967742 0.973631 655 66753 648 33.8318 1.839 41.4202 30.5037 30.6584 496 159 0.111383
151 0.937729 0.957009 780 78534 0 33.9386 3.28494 50.609 34.3816 35.4054 546 234 2.58432
152 0.981557 0.995842 694 85668 0 39.8376 0.432041 52.9788 33.9274 34.38 488 206 2.11734
153 0.970037 1 739 73145 0 35.753 1.4112 46.5823 31.7346 32.8107 534 205 2.36229
154 0.995037 0.98044 546 70073 544 37.3331 0.895857 37.4221 28.2743 27.8865 403 143 0.112664
155 0.968215 0.992481 567 65156 565 34.3453 1.77445 38.5323 26.8296 27.4749 409 158 0.106769
156 0.9725 0.953431 569 52880 567 33.4092 2.64207 36.3801 26.4402 25.9374 400 169 0.0902951
157 0.96008 0.995859 692 64523 0 36.0676 2.01938 46.2297 30.7166 31.7355 501 191 2.11647
158 0.927894 0.981928 695 67482 0 35.8722 1.36129 44.9486 32.3466 34.061 527 168 2.07266
159 0.979821 0.977629 644 65542 640 36.1056 1.59525 44.109 30.2839 30.0957 446 198 0.111575
160 0.958246 0.978678 682 61483 678 34.9368 1.61361 43.3541 30.2807 31.1826 479 203 0.109119
161 0.95679 0.987261 619 53552 616 33.3744 3.89646 39.6521 30.38 31.1105 486 133 0.104527
162 0.943182 0.997996 733 74076 0 33.6431 3.15878 43.825 30.5797 32.4309 528 205 2.30924
163 0.97463 0.985043 695 88468 692 34.0125 3.21288 45.7581 30.3611 30.877 473 222 0.15271
164 0.898032 0.992095 722 108470 0 34.1123 1.9431 46.458 33.1301 36.3588 559 163 2.26746
165 0.95585 1 596 71007 594 33.8404 2.66005 40.1421 27.2674 28.5834 453 143 0.117901
166 0.926126 0.979048 733 89195 730 34.4042 1.59529 44.6801 30.4124 32.3879 555 178 0.181969
167 0.983755 0.95614 724 65033 0 34.6785 1.70325 45.6486 36.3675 35.0697 554 170 2.23
168 0.898374 0.997743 656 73264 654 34.6531 1.97088 41.2061 28.2333 31.3726 492 164 0.131474
169 0.938967 0.923788 625 56923 623 31.0985 4.06953 36.9735 25.4512 24.7275 426 199 0.113612
170 0.910134 1 676 97194 665 34.3784 2.12062 43.047 29.0138 31.9605 523 153 0.162203
171 0.990315 0.927438 598 45571 596 27.2531 10.4645 36.8428 26.061 24.5067 413 185 0.0824379
172 0.934037 0.986072 595 41839 593 33.5369 2.34104 35.8598 21.0242 22.1832 379 216 0.0779858
173 0.959839 0.979508 732 118217 0 36.822 0.955804 52.0897 33.3921 34.1659 498 234 2.35573
174 0.961039 0.98855 713 63983 0 33.531 1.54941 40.7822 30.8777 31.7061 539 174 2.15004
175 0.989669 0.971602 658 42435 655 30.0201 7.52775 41.9725 30.3188 29.6501 484 174 0.0946914
176 0.978495 0.972222 639 43093 637 30.5524 4.25378 38.383 27.6151 27.1953 465 174 0.0856177
177 0.976654 0.926199 694 57098 0 33.1474 2.53434 42.8439 33.3899 32.1051 514 180 2.0254
178 0.959911 0.951435 594 65468 0 37.996 0.587932 43.9524 32.8637 32.4894 449 145 1.53596
179 0.988889 0.983425 723 74685 0 34.1959 2.1042 45.7662 34.8536 34.6464 540 183 2.22523
180 0.987847 0.993019 675 60693 0 31.1339 6.88243 42.4643 36.2845 36.2804 576 99 1.95627
181 0.979817 0.994413 663 47634 0 33.0073 4.06461 41.8989 34.3597 34.8244 545 118 1.83333
182 0.988235 0.974478 686 62900 684 30.3047 7.92985 43.4788 27.3911 26.8793 425 261 0.112982
183 0.99537 0.99537 610 45165 608 23.3749 14.1471 36.5195 24.5149 24.4958 432 178 0.0846388
184 0.959927 0.985047 670 61055 0 34.8775 1.59417 44.8668 36.3219 37.1366 549 121 1.8919
185 0.984509 0.993056 739 113837 0 33.5122 4.16837 45.5767 34.5853 35.0077 581 158 2.38985
186 0.996124 0.958955 728 93547 0 35.8792 1.69343 47.2582 34.8716 33.5457 516 212 2.30869
187 0.971042 1 730 67646 0 34.9287 2.65639 46.9239 32.5451 33.414 518 212 2.25465
188 0.967146 0.975155 631 79665 0 33.9859 1.47269 40.8324 31.1027 31.2468 487 144 1.77996
189 0.977867 0.943689 713 55843 0 34.6161 1.78671 43.8615 31.7729 30.7791 497 216 2.15267
190 0.971275 0.981851 733 87564 0 34.7664 2.28346 49.8685 37.4841 37.9628 557 176 2.35249
191 0.868709 0.97066 642 85470 640 33.5371 2.60485 43.0881 27.1189 30.4966 457 185 0.136283
192 0.949561 0.945415 615 68532 607 32.0204 3.59719 37.2607 27.6738 27.4373 456 159 0.111777
193 0.878613 0.968153 718 104821 0 35.5436 2.08225 48.0748 31.5577 34.2114 519 199 2.2786
194 0.980044 0.950538 594 58073 591 32.0265 4.51659 38.6493 30.4374 29.5089 451 143 0.0982652
195 0.844398 1 644 49496 642 28.1101 8.60835 38.8512 23.7845 28.5154 482 162 0.0938981
196 0.981439 0.944196 582 63688 580 29.5193 7.39839 35.6243 27.3762 26.5742 431 151 0.11023
197 0.935305 0.982524 735 102480 0 33.1267 2.84044 46.2598 31.3921 32.9161 541 194 2.37674
198 0.949438 0.990234 698 61329 0 33.4999 2.40771 43.3822 30.74 32.1517 534 164 2.09188
199 0.96 0.987893 550 61425 548 35.7279 1.70324 36.9977 27.5619 28.4461 425 125 0.104651
200 0.976534 0.983636 710 71992 0 33.06 4.18608 46.1571 35.9252 36.0837 554 156 2.18875
201 0.95471 0.996219 730 68924 0 32.3214 3.10254 43.6862 32.5119 33.7656 552 178 2.29926
202 0.94822 0.996599 777 73262 0 33.4466 3.10334 47.8782 35.7768 37.7822 618 159 2.60488
203 0.96603 0.91 691 51954 689 33.4296 2.87318 41.0218 29.1322 27.1603 471 220 0.0975869
204 0.939641 0.998267 763 87232 0 33.5032 1.75417 47.1794 35.1283 37.4482 613 150 2.51483
205 0.928287 0.937626 659 61012 0 32.6388 4.23013 41.7568 31.9154 32.1837 502 157 1.86179
206 0.946463 0.980198 733 58475 724 33.5638 1.94949 43.4392 30.4358 31.5305 523 210 0.130535
207 0.947273 0.998084 734 99882 0 33.9866 1.76868 46.9628 33.6272 35.3925 550 184 2.35774
208 0.941712 0.977316 703 77005 696 33.1874 2.25441 40.0728 30.504 31.8506 549 154 0.145502
209 0.930417 0.977035 629 62046 624 32.5441 1.62469 39.5367 30.2742 32.004 503 126 0.109777
210 0.979003 0.953964 559 36349 557 24.2514 11.8941 32.0226 22.3007 21.7243 381 178 0.0686417
211 0.944196 0.995294 580 34610 578 31.4432 4.11149 33.8154 24.2389 25.6594 448 132 0.0681798
212 0.881057 0.987654 642 48045 640 30.2478 4.22264 36.0413 22.8927 25.784 454 188 0.0889486
213 0.873767 0.991051 703 76815 701 34.837 1.73466 45.4451 26.6069 30.3238 507 196 0.132098
214 0.956522 0.998185 764 75786 0 33.17 2.64802 44.8603 32.1523 33.8756 575 189 2.51351
215 0.945892 0.921875 676 83162 0 35.1642 1.19219 43.9181 32.8354 32.0706 499 177 2.09671
216 0.962422 0.929435 677 65469 0 35.6032 1.46846 44.5865 33.3803 32.1619 479 198 2.04274
217 0.970356 0.976143 736 91786 0 34.7995 1.88934 46.4258 31.8863 32.2093 506 230 2.455
218 0.95183 0.993964 749 84359 0 36.6227 1.20344 50.2404 33.2036 34.5481 519 230 2.50747
219 0.971739 0.967532 683 97912 681 35.765 0.985621 43.225 28.8509 28.8568 460 223 0.164303
220 0.961609 0.983178 738 78918 0 33.4629 2.70584 43.7353 32.5418 32.9867 547 191 2.45382
221 0.958333 0.979821 610 60314 608 35.2803 2.22229 40.1642 28.4076 28.7934 456 154 0.106202
222 0.991228 0.993407 634 83095 0 36.5595 0.802866 44.3553 30.7607 30.8176 456 178 2.04938
223 0.946984 0.986667 691 49109 687 33.0621 2.67786 40.9704 30.5378 31.8901 547 144 0.107679
224 0.995327 0.942478 609 85422 606 34.9858 2.23069 40.1986 30.1428 28.5608 428 181 0.153484
225 0.918794 0.945107 690 61139 688 28.7309 8.16353 39.9526 24.0966 24.9257 431 259 0.11599
226 0.957143 0.97989 738 87645 0 34.2604 1.56988 46.0965 34.1862 35.045 560 178 2.71018
227 0.96129 1 639 67974 619 34.4576 2.12685 43.2748 28.4617 29.6889 465 174 0.140399
228 0.978155 0.98533 600 46902 598 33.7977 4.18747 39.9212 27.9534 28.1641 412 188 0.108488
229 0.943396 0.978261 646 74940 644 34.5805 1.6017 40.3691 28.9567 29.8783 477 169 0.160494
230 0.944554 0.977459 667 65260 664 33.0339 2.28737 40.9766 30.0776 31.2132 505 162 0.125265
231 0.997792 0.957627 625 65209 0 37.6392 1.02417 45.0895 34.0775 32.6091 453 172 1.82078
232 0.961474 0.982877 815 78513 0 33.7801 2.98501 51.131 34.8861 35.6364 597 218 2.93907
233 0.922034 0.996337 686 69612 0 31.0441 5.75441 42.7481 34.5314 37.5687 590 96 2.17482
234 0.854651 0.991011 737 64312 735 31.9339 3.68492 42.3418 25.5431 29.452 516 221 0.120818
235 0.861224 0.985981 634 71298 626 33.2786 2.52097 35.0275 24.191 27.5059 490 144 0.126952
236 0.978456 0.992714 706 60274 703 32.6585 2.36512 40.324 30.0696 30.478 557 149 0.109829
237 0.978992 0.939516 651 60546 0 30.0506 7.97462 41.9683 32.7328 31.5746 476 175 2.00669
238 0.908602 0.978764 703 64418 0 31.7827 4.80658 43.9249 32.6448 35.4709 558 145 2.22866
239 0.98301 0.98301 582 60007 580 38.2304 0.942759 39.6337 27.0766 27.0766 412 170 0.120511
240 0.964637 0.962745 686 59710 683 32.6311 3.94281 41.9665 30.5203 30.2573 509 177 0.122392
241 0.884774 1 669 69170 667 34.9235 1.51641 43.2458 25.3728 28.8989 486 183 0.140556
242 0.965665 0.991189 638 39169 635 31.8129 4.59259 40.5893 28.932 30.0468 466 172 0.0821149
243 0.957055 0.926733 660 55838 0 34.0667 2.38266 43.9523 32.8168 31.6566 489 171 1.95802
244 0.96945 0.987552 618 79627 0 34.0614 2.18842 40.7281 31.7533 32.4078 491 127 1.87471
245 0.876522 0.976744 777 96232 0 34.852 1.59633 47.973 32.6148 35.9291 575 202 2.71046
246 0.953191 0.941176 620 53468 612 32.6688 4.76794 39.2989 30.4849 30.0281 470 150 0.115048
247 0.947162 0.987755 684 107993 679 35.0104 2.14477 43.197 30.5325 31.8067 511 173 0.183839
248 0.956822 0.989286 726 66848 0 35.2428 1.24249 47.5344 35.7641 37.0769 579 147 2.55754
249 0.972015 1 731 89021 0 38.5116 0.350381 51.5228 33.9364 34.8328 536 195 2.6306
250 0.945092 0.941957 812 111395 0 34.7856 1.93006 49.5101 37.4542 37.2255 601 211 3.14177
251 0.946392 0.972458 634 62404 632 32.7631 2.81478 39.0132 28.8942 29.9995 485 149 0.120283
252 0.914773 0.954545 691 52857 688 31.7078 4.7403 41.8908 29.8963 30.8746 528 163 0.107962
253 0.869637 0.979554 748 62687 0 32.3799 4.38355 44.5266 32.143 36.1797 606 142 2.58298
254 1 0.984733 562 76370 558 37.2694 0.931016 39.8061 27.4566 26.963 387 175 0.135068
255 0.955319 0.963519 624 71795 622 31.9673 4.2771 37.5076 27.5779 27.6236 470 154 0.132466
256 0.881481 0.977413 692 70281 689 32.7578 2.384 40.6143 28.7245 32.1432 540 152 0.13973
257 0.974359 0.978923 644 82808 642 35.2268 2.67957 41.4925 27.7538 28.1394 429 215 0.1451
258 0.965831 0.992974 552 42965 548 35.7882 1.57289 36.0277 27.8932 28.5325 439 113 0.0827125
259 1 0.347403 309 9376 307 9.53773 30.0486 17.4742 17.4742 5.66354 107 202 0.0195465
260 0.969574 0.971545 658 64674 0 33.2153 2.40283 41.6426 31.3979 31.4739 493 165 2.03712
261 0.985163 0.994012 554 34667 552 23.0315 13.3072 32.1371 18.7864 18.9527 337 217 0.0726927
262 0.964143 1 642 55957 0 37.9367 0.790631 44.7948 30.8996 32.2789 502 140 1.91791
263 0.864177 0.967681 760 85801 0 33.174 3.02565 44.0808 30.8274 34.3253 589 171 2.76887
264 0.94386 0.998145 711 59108 0 31.7782 5.07189 46.2558 33.0489 35.0885 570 141 2.31271
265 0.97891 1 746 82202 0 38.0975 0.55707 53.5212 37.0556 37.774 569 177 2.5831
266 0.93083 0.995772 671 63711 669 33.8385 2.2557 38.7255 27.7366 29.9675 506 165 0.132767
267 0.959847 0.988189 685 63458 681 33.5424 2.77046 41.2902 30.492 31.6753 523 162 0.12436
268 0.877159 0.997817 664 52888 661 34.0116 2.16949 41.3191 28.2231 32.3664 521 143 0.110323
269 0.944972 0.997996 689 79708 0 34.6684 1.13198 43.993 31.1398 32.8419 527 162 2.1898
270 0.959184 0.972414 632 38074 630 30.4141 4.12609 35.5531 24.5161 25.1117 441 191 0.076426
271 0.97619 1 599 53755 597 26.0685 11.781 37.8654 26.0909 26.6789 420 179 0.110176
272 0.966981 0.946882 623 85528 621 35.7734 1.2871 40.644 27.5716 27.1874 424 199 0.147691
273 0.922428 0.954625 750 88393 0 33.0894 2.31561 47.6145 36.8901 38.0726 593 157 2.59545
274 0.964151 0.992233 746 73864 0 37.2654 1.0844 52.0534 33.9257 34.8814 530 216 2.57826
275 0.983122 0.983122 687 56673 685 33.9589 3.27933 41.8388 28.5468 28.5902 474 213 0.109972
276 0.925319 0.990253 730 71949 727 32.3422 2.60198 43.5123 30.2639 32.3255 549 181 0.125166
277 0.97561 0.981132 682 69002 0 34.783 1.82292 44.472 34.5612 34.9422 533 149 2.09117
278 0.990971 0.969095 587 83958 583 36.6888 0.496061 40.4293 30.432 29.8884 443 144 0.13382
279 0.995475 1 629 64686 0 36.1695 2.60401 46.7025 31.9667 32.1075 442 187 1.59483
280 0.893428 0.998016 743 65760 0 32.3207 4.71144 45.1171 31.7508 35.0698 563 180 2.43584
281 0.979079 1 646 80453 642 38.3621 0.808628 44.9292 30.5386 31.1063 478 168 0.135028
282 0.997442 0.962963 591 42843 589 36.951 1.64937 39.3296 27.1581 26.1961 391 200 0.0795684
283 0.977226 0.987448 668 72659 0 38.6377 0.3067 47.7621 34.4568 34.7537 483 185 1.99376
284 0.947368 0.981818 689 58821 685 33.9656 2.37574 44.1704 30.4922 31.6462 513 176 0.107968
285 0.92471 0.983573 705 92017 0 36.5638 0.67241 49.4615 32.4197 34.3514 518 187 2.29768
286 0.915547 0.997908 707 86294 0 36.3412 1.29235 48.0719 31.4672 34.6097 521 186 2.33828
287 0.911071 0.984314 683 66013 677 32.7821 2.68808 40.5985 30.1644 32.3486 551 132 0.140367
288 0.992203 0.990272 715 77869 0 37.0929 1.27417 49.4671 34.7284 34.8403 513 202 2.34411
289 0.932515 0.957983 606 54268 602 33.6098 2.10889 37.7402 29.7881 30.1747 489 117 0.109816
290 0.862786 0.956221 683 90005 678 33.5185 1.68667 43.3264 26.2615 29.3984 481 202 0.171465
291 0.868327 0.977956 703 89319 0 33.7148 2.6564 44.4364 30.8332 35.1787 562 141 2.24135
292 1 0.528736 262 7514 260 10.5129 27.3711 13.9268 13.9268 7.12587 138 124 0.0149015
293 0.947791 0.997886 680 60191 678 33.6805 2.18383 43.7551 28.4682 30.2699 498 182 0.132545
294 0.994987 0.980247 578 65505 576 35.7595 2.25177 39.9859 28.1141 27.728 399 179 0.127706
295 0.935407 0.972637 584 60818 582 32.6678 2.58894 33.5242 23.3885 24.19 418 166 0.105974
296 0.983395 0.981584 690 68957 0 31.3355 4.46079 42.1068 32.8365 32.8847 542 148 2.07385
297 0.954092 0.957916 651 79313 0 35.87 1.05482 40.6232 30.81 31.1006 501 150 1.89625
298 1 0.667421 443 22699 441 22.4824 14.3145 25.2324 25.2324 16.7844 295 148 0.0410582
299 0.945368 0.973105 619 53506 617 25.5967 13.0947 37.6372 25.345 26.1895 421 198 0.098492
300 0.948655 0.941748 606 44547 604 28.9229 7.14102 35.3489 23.936 23.7637 409 197 0.0836975
301 0.939203 0.993348 635 62475 633 34.0361 2.31539 40.8465 28.5764 30.4844 477 158 0.113157
302 0.971698 0.895652 756 49266 0 32.7575 3.37037 44.5549 34.8035 32.3853 530 226 2.43478
303 0.887734 1 726 108248 724 34.2584 1.78705 45.4442 25.2889 28.8057 481 245 0.17624
304 0.997738 0.97351 590 76225 587 37.2067 0.643548 39.1477 29.9347 29.1098 442 148 0.119868
305 0.989083 0.995604 633 87628 627 35.6689 1.7071 41.968 29.5069 29.6721 458 175 0.151243
306 0.962637 0.986486 643 86648 0 37.9091 0.460568 46.5387 30.9464 31.841 455 188 1.89883
307 0.983784 0.938144 550 51856 546 38.3979 0.651362 38.236 26.1525 24.7685 370 180 0.0893679
308 0.938343 0.972056 662 64788 655 33.7443 1.94279 39.2325 30.3048 31.1362 519 143 0.113573
309 1 0.723312 460 22632 458 19.5584 18.6128 27.5678 27.5678 19.2895 332 128 0.0414428
310 1 0.328767 293 10518 291 9.76457 29.5061 15.8625 15.8625 4.96514 96 197 0.0190724
311 0.974522 0.964286 638 64690 628 35.1048 2.35099 40.7975 30.3434 29.8049 471 167 0.109474
312 0.992048 0.978431 705 70400 0 37.8364 0.884559 46.3144 33.1796 32.7322 503 202 2.18146
313 0.905063 0.959732 603 43564 601 32.6384 2.45416 36.661 26.6688 28.5524 474 129 0.082386
314 0.977578 0.977578 658 80370 652 37.9566 0.994389 45.8606 30.5195 30.5394 446 212 0.134387
315 0.930283 0.970455 591 44537 0 34.3134 2.22366 40.8772 30.8106 32.0657 459 132 1.53312
316 0.983254 0.96028 570 33896 568 25.6363 10.5801 34.0068 25.4873 24.8028 418 152 0.0668769
317 0.86385 0.946015 608 47176 606 32.2124 2.83594 36.2287 21.0193 23.6523 426 182 0.0879164
318 0.958167 0.997925 670 55130 0 33.2962 4.29619 42.1233 30.5663 31.7394 502 168 2.02053
319 0.984655 0.987179 567 62203 565 37.7256 0.405206 37.9453 26.8175 26.8761 391 176 0.104991
320 0.979675 1 632 74812 0 35.6278 1.51013 42.3188 32.6393 33.5476 492 140 1.81829
321 0.936019 0.977723 589 61130 587 34.6909 1.56164 38.4758 26.7848 27.8027 422 167 0.104335
322 0.907621 0.97037 605 74623 603 34.7676 2.18795 40.2948 26.4152 28.0912 433 172 0.148188
323 0.91921 0.986513 692 53877 0 32.638 2.18514 41.8402 31.7836 34.0792 557 135 2.09047
324 0.913295 0.983402 631 51596 629 30.2786 6.05258 37.5002 28.8344 31.2576 519 112 0.097955
325 0.898367 0.984095 717 89110 712 34.6648 1.37445 43.0035 30.3116 33.5084 551 166 0.160101
326 0.963947 0.935543 722 52915 0 31.1164 5.05287 46.0462 35.0182 33.9842 527 195 2.26892
327 0.927966 0.993197 643 59491 641 32.7737 2.38774 39.2127 25.8477 27.9673 472 171 0.106585
328 0.936768 1 658 67324 656 33.1864 3.06374 42.2654 23.565 25.3229 427 231 0.116759
329 0.980507 0.959924 727 71677 0 32.9543 2.65491 43.3531 31.6985 30.9323 513 214 2.33512
330 0.957143 0.987368 660 54404 657 30.8478 7.56758 42.9493 29.7948 30.6713 490 170 0.0984673
331 0.925788 0.996008 666 61343 0 33.5463 2.14761 40.623 30.7492 33.0404 539 127 1.98135
332 0.971537 0.948148 713 54418 0 31.4806 3.50262 41.2748 31.5723 30.7523 527 186 2.25933
333 0.953704 0.971698 759 94797 0 35.1995 1.41368 49.7085 35.8761 36.4475 540 219 2.58604
334 0.94523 0.960503 752 100459 0 35.1438 1.25372 49.2623 36.0047 36.7025 566 186 2.55711
335 0.995868 0.985685 632 47989 0 33.832 2.81266 40.1899 30.8931 30.4683 484 148 1.78148
336 0.908184 0.98913 642 61346 638 34.5383 2.31129 40.9094 29.7777 32.1809 501 141 0.11064
337 0.930894 0.987069 710 66647 708 33.5035 1.62485 43.3537 27.3078 28.927 492 218 0.120741
338 0.973621 0.997543 589 39497 587 32.4242 5.89644 39.2243 27.0046 27.6467 417 172 0.0760211
339 0.967181 0.982353 639 48192 636 32.268 2.84124 37.9115 30.1644 30.7488 518 121 0.0880254
340 0.958333 0.932432 601 62010 597 34.6518 5.31094 39.6077 30.0409 29.2728 432 169 0.116242
341 0.992823 0.971897 615 41729 613 29.0603 9.22914 39.5005 27.7843 27.143 418 197 0.0942374
342 0.954128 0.983452 598 34425 596 22.7611 14.636 33.6169 24.2624 25.0303 436 162 0.0708833
343 0.953545 0.977444 578 59278 576 35.5013 1.93692 38.6804 26.7237 27.4749 409 169 0.102421
344 0.96124 0.976378 685 76108 0 34.0648 2.07123 44.5388 32.4093 32.9777 516 169 2.04394
345 0.939076 0.988938 682 84835 680 33.8631 1.45692 42.564 27.7063 28.9919 476 206 0.147274
346 0.95112 0.995736 590 48296 588 31.0616 5.44298 35.6029 28.7879 30.0089 491 99 0.0885871
347 0.951402 0.982625 739 63816 0 31.0308 6.01998 47.2254 32.8114 34.1303 535 204 2.40668
348 0.918561 0.99182 680 60067 677 33.6757 2.48702 42.2962 30.5482 33.0166 528 152 0.112491
349 0.876858 0.949425 671 70651 577 33.478 2.06941 40.6644 24.4257 26.2346 471 200 0.129034
350 0.908163 0.939314 579 54375 577 36.5778 0.589942 39.0084 25.5429 26.4481 392 187 0.101678
351 0.8112 0.998031 768 77052 758 34.1007 1.85753 45.9499 28.3143 36.2691 625 143 0.163088
352 0.991525 0.997868 662 91982 0 38.6627 0.830356 47.8858 31.3044 31.472 472 190 2.01919
353 0.957711 0.964912 606 78627 604 32.7858 2.7808 37.7504 23.1562 23.1207 402 204 0.139265
354 0.97006 0.983806 694 71839 691 34.862 1.4177 44.7309 30.4409 30.7757 501 193 0.135496
355 0.979866 0.99095 670 105579 666 37.6364 0.832052 49.3065 29.9423 30.2656 447 223 0.18021
356 0.951493 0.89317 720 91453 0 33.1847 1.87208 41.9311 33.4448 31.8225 536 184 2.294
357 0.889117 0.962222 631 61639 629 32.1876 2.45489 37.2396 26.994 29.1998 487 144 0.107271
358 0.977358 0.998073 755 71423 0 37.0047 1.9326 55.4763 35.0806 35.932 530 225 2.49491
359 0.995536 1 605 71802 0 38.9575 0.445789 44.6269 31.1405 31.2584 448 157 1.65427
360 0.93617 1 726 73696 0 36.8036 1.22946 49.0818 33.7919 35.7425 564 162 2.29252
361 0.966549 1 769 81504 0 35.4436 2.14705 48.462 33.973 35.054 568 201 2.59212
362 0.983299 0.995772 625 82198 0 36.9701 0.826022 41.2125 31.9448 32.4651 479 146 1.79577
363 0.962877 0.988095 623 68430 621 34.262 2.09429 39.2929 26.2984 26.9113 431 192 0.11663
364 0.913793 0.959276 613 42989 611 31.8977 3.36792 37.5082 27.3703 28.9226 464 149 0.0836761
365 0.907725 0.952703 619 80879 617 34.9904 1.37486 39.0976 27.8482 29.297 466 153 0.132424
366 0.979048 0.966165 693 58542 0 32.4792 4.28085 43.08 32.8065 32.2576 525 168 2.14124
367 0.958855 0.962298 715 95798 0 33.2702 2.19521 42.0998 33.172 33.2945 559 156 2.35679
368 0.89539 0.990196 720 72429 711 32.7205 3.26087 42.8504 30.5678 33.6001 564 156 0.138863
369 0.931559 1 527 31784 522 24.7888 13.8177 32.1849 30.2324 32.1849 526 1 0.0671839
370 0.991803 0.923664 512 54423 510 36.9261 1.01733 33.7316 26.0187 24.4184 366 146 0.0952034
371 0.940351 0.998138 710 60357 0 33.1267 1.96091 44.4024 33.7953 35.8795 570 140 2.23458
372 0.891111 0.963942 612 59086 610 32.4857 4.03163 39.4007 26.6198 28.5933 450 162 0.105508
373 0.975518 0.948718 704 52963 0 33.8908 2.55949 45.2452 34.9787 33.78 531 173 2.13065
374 0.935294 0.987578 679 86037 676 34.0801 2.15499 42.3197 28.6405 30.0455 510 169 0.155762
375 0.978764 0.984466 670 79711 0 35.3289 1.82645 43.3816 34.0418 34.2273 518 152 1.99613
376 0.874763 0.980851 682 105011 0 35.0302 1.872 43.8698 31.0964 34.7173 527 155 2.0732
377 1 0.320346 232 6404 230 9.58969 29.2412 12.1514 12.1514 3.66543 74 158 0.0124263
378 0.923445 0.901869 597 50825 589 32.7648 2.64657 35.8517 24.6606 24.064 418 179 0.0905611
379 0.934122 0.973592 743 80947 0 34.7277 2.61916 49.7096 38.2003 39.7688 592 151 2.38576
380 0.982759 0.97555 522 54783 517 36.6184 1.09074 37.3632 29.1943 28.9943 406 116 0.0904266
381 1 0.658777 508 31713 506 22.1707 14.225 29.8513 29.8513 19.1301 334 174 0.0658943
382 0.931111 0.929047 592 48890 590 32.2401 1.82632 36.1248 27.35 27.753 450 142 0.113811
383 0.973856 0.953092 655 54653 650 33.4585 2.75891 43.0443 30.2593 29.7148 459 196 0.105937
384 0.985567 0.987603 591 54638 588 34.9885 1.15448 36.6884 30.1523 30.3423 485 106 0.0932997
385 0.951076 0.991837 684 88173 0 34.3905 2.57406 46.9395 31.699 33.2342 511 173 2.05992
386 0.984375 0.995485 620 77724 615 37.9961 0.704107 43.6457 29.7068 29.9889 448 172 0.141155
387 0.906643 0.965583 773 100349 0 33.71 2.43116 46.5991 31.3345 33.4744 557 216 2.68321
388 0.909556 0.96558 745 129047 0 34.6561 1.00307 47.4394 35.2737 37.6902 586 159 2.65295
389 0.921507 0.994915 816 85206 0 34.3693 1.95277 47.4798 33.2315 36.2338 637 179 3.03547
390 0.926573 1 751 74671 0 36.2706 2.23961 51.0818 34.2442 36.6578 572 179 2.5702
391 0.990868 0.966592 594 78291 590 35.8506 1.29533 40.0726 30.3483 29.6242 438 156 0.137812
392 0.97314 0.945783 660 93857 655 32.2378 2.9255 40.4282 30.082 29.3933 484 176 0.156589
393 0.916376 0.998102 693 45374 0 28.7253 7.19914 40.7719 31.1202 33.7824 574 119 2.18256
394 0.933092 0.953789 741 118772 0 34.9967 1.13229 44.4245 32.9116 33.5808 553 188 2.59907
395 0.946257 0.987976 709 85043 706 36.6664 0.430228 46.7076 29.807 31.1398 521 188 0.149742
396 0.989201 0.987069 635 65135 633 36.9637 0.896891 41.8507 28.3517 28.4758 463 172 0.118552
397 1 0.831349 505 28451 503 26.019 9.01694 28.0563 28.0563 22.8325 419 86 0.0535382
398 0.961165 0.980198 521 36918 519 30.567 5.03835 33.3042 25.5348 26.0964 412 109 0.0719357
399 0.960159 0.969819 648 50222 645 32.445 4.38655 39.7701 30.4743 30.613 502 146 0.0950887
400 0.976654 0.994059 695 100251 0 35.1512 1.76379 46.8214 34.1362 34.8263 514 181 2.22156
401 0.948718 1 646 92534 0 35.3259 1.59847 41.7289 30.9331 32.6168 507 139 1.91982
402 0.936759 0.97732 662 80286 658 30.7121 6.1932 40.367 30.3646 31.4544 506 156 0.136237
403 0.908451 0.996139 754 76825 0 33.092 3.23082 50.2275 33.4368 36.9592 568 186 2.5258
404 0.902153 0.936992 701 77453 694 33.8169 1.71878 42.668 30.1991 31.2355 511 190 0.13712
405 0.932406 0.938 718 108110 0 36.0888 1.01794 47.2763 32.5031 32.7103 503 215 2.37443
406 0.930018 0.986328 686 72668 0 34.6276 1.86015 43.0549 31.4299 33.0409 543 143 2.16325
407 0.942029 0.970149 747 84775 0 34.5142 1.49125 46.4242 32.8356 33.9564 552 195 2.5649
408 0.951644 0.985972 701 96336 698 32.366 3.84864 42.7549 29.9937 31.0367 517 184 0.171174
409 0.953878 0.995624 627 59356 0 35.3767 1.83284 41.3866 30.842 32.0503 477 150 1.79615
410 0.97557 0.970827 764 80687 0 34.4063 2.35364 47.6522 39.161 39.0425 614 150 2.67508
411 0.916832 0.989316 651 91662 649 33.882 1.55329 40.6177 29.1336 31.497 505 146 0.17006
412 0.958984 0.92467 739 81184 0 34.0765 2.5148 45.534 32.1894 30.7388 512 227 2.47481
413 0.972277 0.991919 667 63603 0 34.8075 2.07652 42.8222 31.2572 31.8035 505 162 2.04246
414 0.925182 0.982558 748 94651 0 34.3257 2.316 47.6915 32.4954 34.5411 548 200 2.5774
415 0.953358 1 706 65831 0 36.5351 1.4879 48.0543 32.7813 34.3621 536 170 2.28973
416 0.949904 0.99596 718 80935 714 34.8657 2.43822 43.9311 30.0942 31.8095 519 199 0.147969
417 0.948775 0.993007 630 78219 628 36.5781 1.96965 45.2201 29.2086 30.5699 449 181 0.135232
418 0.903879 0.985294 771 71153 0 34.4108 2.13417 47.5255 33.6501 36.3233 593 178 2.70768
419 0.917969 0.945674 649 58976 646 32.5467 2.76942 39.2188 29.8007 31.0243 512 137 0.111186
420 0.970339 0.984946 677 51116 675 29.5753 7.20019 39.9422 26.9838 27.3511 472 205 0.106843
421 0.967213 0.988827 738 73123 0 35.3454 1.62851 48.8331 36.1154 37.0181 549 189 2.50525
422 0.937864 0.981707 679 70502 0 35.4761 1.26099 48.0624 33.3655 35.0962 515 164 2.16118
423 0.984479 0.940678 548 46147 545 32.8287 2.96379 34.5568 29.815 28.5257 451 97 0.084288
424 0.997821 0.976546 612 44081 610 27.8472 9.80093 38.0317 29.3788 28.8033 459 153 0.0894602
425 0.934426 0.980645 671 88203 668 35.1408 1.05291 41.8728 29.2293 30.792 488 183 0.157864
426 0.969697 0.97166 680 69010 675 34.0785 1.89761 40.5608 29.371 29.4439 495 185 0.135404
427 0.995526 0.991091 621 89551 0 35.1087 2.34414 44.2668 31.905 31.7874 447 174 1.86798
428 1 0.289199 288 10200 286 9.86799 30.0406 16.1376 16.1376 4.32583 83 205 0.0201041
429 0.992278 0.998058 659 53810 0 32.0775 4.85414 41.0242 32.6108 32.8158 518 141 2.01185
430 0.880325 0.962306 621 59788 619 32.4714 3.2912 37.9057 27.2283 29.8986 493 128 0.111122
431 0.94898 0.995413 847 98812 0 36.3784 1.55291 53.9997 40.6174 43.0773 686 161 3.26699
432 0.963462 1 741 56258 739 30.3802 6.08603 41.5605 29.017 30.0041 520 221 0.114106
433 0.978632 0.980728 686 114274 0 35.7031 1.59191 45.1321 30.7317 30.7868 468 218 2.24765
434 0.983092 0.97136 601 53436 599 30.6976 6.84727 38.0295 26.35 25.9552 414 187 0.100972
435 0.946296 0.99031 631 109181 0 31.9341 5.56689 42.5936 34.7202 36.3713 540 91 1.88362
436 0.927273 1 698 86968 696 34.3122 2.00284 45.712 27.7841 29.9336 495 203 0.171319
437 0.940928 0.971678 696 65626 694 34.2596 1.76823 42.7034 27.6548 28.3345 474 222 0.126426
438 0.946396 0.982726 730 56239 0 33.2956 2.80695 45.1518 31.9332 33.3815 541 189 2.41286
439 0.98022 0.965368 609 57973 0 32.8642 3.87389 42.4485 31.5092 30.9137 455 154 1.71822
440 0.956175 0.97561 699 78387 0 36.7754 1.11804 49.0797 34.3341 35.1188 502 197 2.25561
441 0.992958 0.954853 630 60631 628 35.5252 1.20935 40.4294 28.6639 27.5367 426 204 0.114355
442 0.958904 0.92511 606 76294 602 35.1286 1.97974 40.5642 30.4596 29.3591 438 168 0.134138
443 0.97931 0.993007 603 85123 601 35.8271 0.484409 40.6704 27.9967 28.3312 435 168 0.145456
444 0.935294 1 694 63745 0 37.7662 0.609105 47.2834 30.7134 32.7994 510 184 2.21325
445 0.866785 0.974052 722 91165 718 33.5906 1.47911 42.0246 29.9069 33.2014 563 159 0.153863
446 0.914661 0.958716 596 59281 592 33.6845 1.45062 36.9981 27.1219 28.1827 457 139 0.103843
447 0.973306 0.911538 695 105730 0 33.9093 2.35405 45.3058 33.2799 30.5592 487 208 2.20096
448 0.950108 0.977679 624 85497 622 32.2028 4.38194 40.5998 28.1114 28.9102 461 163 0.140008
449 0.963602 0.971042 714 90947 0 36.2484 0.778955 48.0428 35.0964 35.2933 522 192 2.29231
450 0.967677 0.997917 663 58050 650 32.2074 2.41174 38.7237 27.823 28.7686 495 168 0.112519
451 0.921162 0.973684 693 76071 691 32.8176 2.50849 39.6594 26.2204 28.0856 482 211 0.13934
452 0.982922 0.953959 709 76882 0 37.4167 1.51002 47.861 37.4553 36.2688 527 182 2.32698
453 0.948478 0.992647 572 50976 570 35.5242 1.47011 38.8148 28.0609 29.3561 427 145 0.0951427
454 0.954167 0.962185 651 58075 647 36.0237 0.831492 41.1867 30.0056 30.1949 480 171 0.110836
455 0.982885 0.937063 541 75339 534 35.6347 1.32878 37.0901 30.0098 28.5778 409 132 0.12386
456 0.955947 0.960177 617 50866 615 31.5173 3.39358 38.7577 27.5232 27.6266 454 163 0.0980433
457 0.982183 0.997738 661 71586 659 34.8512 2.23247 44.6154 28.5694 29.297 449 212 0.130623
458 0.958333 0.911894 581 42985 576 32.28 2.52443 32.6003 25.3572 23.9391 432 149 0.0845957
459 0.970149 0.93047 653 84453 0 36.9415 0.867758 45.026 34.006 32.5404 469 184 2.00998
460 0.993421 0.976293 610 82290 0 37.8914 0.774805 42.9945 32.9852 32.359 456 154 1.71789
461 0.992167 0.885781 582 65764 578 37.4487 0.623738 40.6356 30.3626 27.5085 383 199 0.108083
462 0.936057 0.992467 729 50614 725 29.4635 6.5518 41.4815 29.7459 31.565 563 166 0.101047
463 0.950935 0.933486 565 39840 563 33.5213 2.25204 36.8185 28.5738 27.8506 428 137 0.0838667
464 0.943798 0.98583 699 80904 696 33.9044 2.10565 42.403 30.2742 31.4415 516 183 0.152799
465 0.951128 0.988281 715 84252 0 36.8178 1.15144 50.9304 36.9288 38.2894 532 183 2.25895
466 0.937833 0.992481 713 52831 0 33.4693 2.59775 46.0723 32.735 34.5862 563 150 2.23478
467 0.9279 0.962602 816 73246 0 34.8353 2.29848 50.1092 37.8677 39.493 638 178 2.86431
468 0.973737 1 682 66089 680 33.1537 4.74129 44.2961 28.6833 29.5626 495 187 0.121058
469 0.924843 0.919087 665 85218 0 34.9106 1.56203 42.6765 31.0933 31.3146 479 186 1.95728
470 0.920518 0.948571 726 74124 0 33.5749 3.03966 45.826 33.0302 34.0715 541 185 2.26715
471 0.936992 0.99568 631 40119 629 28.1754 8.73841 37.1874 27.5386 29.5239 492 139 0.0789491
472 1 0.652941 511 30375 509 25.6363 10.065 28.9305 28.9305 18.5941 333 178 0.0539428
473 0.818493 1 801 69224 798 33.0792 2.82039 45.9997 26.7169 32.3752 584 217 0.133711
474 1 0.836186 606 43949 604 37.5145 1.49094 39.7881 27.4399 23.1393 342 264 0.0826465
475 0.928571 0.983193 660 78426 0 32.1654 4.36775 42.7594 30.6271 32.6213 504 156 1.41205
476 0.998051 0.998051 702 93852 0 36.815 1.39718 47.4602 34.6016 34.6255 513 189 2.19556
477 0.920177 0.997596 556 38354 554 26.1702 9.66311 32.1586 24.0878 26.5187 451 105 0.0718415
478 0.971645 0.994197 685 102642 0 35.1755 1.23848 44.8051 34.3695 35.2406 529 156 2.09571
479 0.90287 0.978469 608 72105 574 34.0477 2.61032 38.7459 26.334 28.6436 453 155 0.119013
480 0.937644 0.997543 631 38213 629 29.1158 5.37203 36.5436 22.9181 24.7698 433 198 0.0762127
481 0.975556 0.984305 611 42535 609 29.1178 6.31966 35.2898 26.287 26.357 450 161 0.0804009
482 0.953358 0.998047 678 49437 676 31.5906 4.13995 39.7462 29.1458 31.0477 536 142 0.0958693
483 0.939609 0.976015 757 71781 0 34.6759 1.65557 45.3881 32.1429 33.5592 563 194 2.4743
484 0.903955 0.912548 722 92952 0 34.14 1.17671 43.4662 31.266 31.6074 531 191 2.32522
485 1 0.454545 287 9717 285 12.0604 27.7225 15.9962 15.9962 7.00489 130 157 0.019321
486 0.98249 0.978682 718 90254 0 35.1863 1.35298 44.7401 32.5171 32.2944 514 204 2.39517
487 0.981383 0.943734 573 80061 568 37.5915 0.678481 38.6144 26.5604 25.6216 376 197 0.136133
488 0.955844 0.92 550 29478 548 25.6922 11.1187 34.3595 24.5994 23.5486 385 165 0.0633473
489 0.942116 0.963265 711 92134 707 35.1775 1.2239 46.3652 30.0682 30.8434 501 210 0.162203
490 0.917939 1 685 80055 0 36.2808 1.30256 46.6405 31.0437 33.9714 524 161 2.19389
491 0.884091 0.921801 643 69817 641 31.949 2.80384 37.2826 24.2691 25.2577 440 203 0.127781
492 0.894273 0.973621 621 56669 619 31.7241 3.28769 37.1937 25.2184 27.343 454 167 0.106087
493 0.876692 1 851 98032 0 35.8609 2.02052 54.8731 35.3609 40.0811 665 186 3.30192
494 0.925843 0.992771 628 44683 626 32.4054 3.1397 36.5275 23.9111 25.6199 445 183 0.089634
495 0.996016 0.956023 672 72321 0 30.2052 7.01759 41.6525 32.4482 31.1057 502 170 2.08815
496 0.977974 0.95279 661 91574 658 34.5311 1.93383 42.1656 29.7851 28.9006 454 207 0.154832
497 0.985537 0.937132 684 50464 670 32.585 2.4496 41.1682 30.5425 28.7904 484 200 0.110279
498 0.958029 0.956284 727 87659 0 35.4075 0.925959 47.2548 35.4902 35.9638 548 179 2.42309
499 0.963964 1 742 78237 0 35.3506 1.30298 50.9449 35.5942 37.0732 555 187 2.53331
500 0.956364 0.983178 734 68931 0 34.0749 1.62761 44.6549 32.7177 33.6459 550 184 2.47999
501 0.95068 0.992895 771 100818 0 35.6382 1.87158 52.198 34.944 36.553 588 183 2.739
502 0.978417 0.942263 639 60725 635 35.7369 2.07016 43.9003 29.7215 28.3126 417 222 0.111556
503 0.986301 0.950943 656 41429 653 28.6874 6.38773 37.2969 30.1659 29.2867 511 145 0.0841756
504 0.943867 0.989107 640 58187 638 33.8815 2.83795 39.6646 27.2345 28.5536 481 159 0.109447
505 0.952675 0.952675 706 58835 701 33.3497 2.57066 43.8801 30.0254 30.0737 486 220 0.119334
506 0.947699 0.909639 684 79905 0 33.798 3.86675 44.576 32.6285 31.3575 478 206 2.18424
507 0.957565 0.977401 756 77415 0 34.334 1.4497 46.0211 31.6942 32.6252 542 214 2.60786
508 0.913732 1 748 111396 0 35.7297 1.57175 47.4833 31.4939 34.4382 568 180 2.6147
509 0.997647 0.905983 628 68017 625 36.2166 0.980306 41.0015 30.3398 27.6427 425 203 0.118543
510 1 0.547468 317 10463 315 17.0947 21.5641 18.4208 18.4208 10.1413 173 144 0.0215237
511 0.99211 0.984344 706 92653 0 34.9381 2.04676 46.7332 34.279 34.0347 507 199 2.33176
512 0.980132 0.973684 577 50923 568 31.5937 2.85871 31.7006 24.9237 24.6072 453 124 0.0961583
513 0.935417 0.984649 658 63309 654 35.3135 1.71917 42.8272 29.7837 31.0605 480 178 0.119076
514 0.934233 0.975352 817 84937 0 35.7033 1.329 54.5699 37.8596 39.6261 593 224 3.05506
515 0.994208 0.979087 671 74072 0 36.2647 1.0568 44.0368 34.3703 33.7986 518 153 2.11499
516 0.965909 0.955056 660 93382 0 33.713 2.7232 43.1632 35.2678 34.9443 528 132 2.05829
517 0.889098 0.934783 732 83734 0 35.0234 2.01108 51.3666 36.0092 37.9748 532 200 2.48617
518 0.973913 0.985915 745 78104 0 31.4792 4.00257 44.8327 34.2193 34.8466 575 170 2.56964
519 0.934183 0.942184 694 76311 692 33.0084 3.0235 43.379 28.8048 29.0145 471 223 0.139623
520 0.974052 0.985859 728 68799 720 34.8207 1.06201 47.2255 30.5381 31.1503 501 227 0.126977
521 0.939891 1 632 40771 0 32.0138 4.32052 38.6237 31.7261 33.6725 549 83 1.8341
522 0.953908 0.97541 668 64728 0 35.9682 0.68248 43.9752 32.1468 32.8188 499 169 2.06561
523 0.859073 0.988889 672 58355 670 31.5911 3.52299 37.2712 25.5366 29.4071 518 154 0.112602
524 0.97973 0.96882 591 42520 589 32.8902 2.7173 35.9006 26.9937 26.827 444 147 0.0839693
525 0.95302 0.974828 596 64007 0 37.2311 0.851749 42.79 31.2223 32.2297 447 149 1.67328
526 0.942056 0.933333 726 59482 0 33.6235 2.70382 45.4326 32.9259 32.5995 535 191 2.38111
527 1 0.981073 496 27040 494 22.1923 15.924 32.1409 18.7775 18.4321 311 185 0.0560732
528 0.809449 0.946593 775 71290 0 34.0025 1.91696 46.1001 32.6255 38.5535 635 140 2.67921
529 0.986517 0.993213 584 44984 582 33.8507 1.33022 37.0964 27.9382 28.1205 445 139 0.0867993
530 0.998043 0.998043 657 92436 0 35.6269 3.14582 46.2037 35.9193 35.8954 511 146 2.04216
531 0.893189 0.993115 794 92684 0 35.4253 1.45575 50.7253 36.7763 40.35 646 148 2.89742
532 0.995261 0.988235 608 48385 606 36.0688 1.17267 40.0719 28.3532 28.1644 422 186 0.0936933
533 0.977819 0.996234 665 42088 0 31.877 2.18961 39.0327 30.6799 31.2564 541 124 2.00707
534 0.981982 0.993166 612 46546 608 34.0076 4.20022 42.1025 30.3099 30.6374 444 168 0.10204
535 1 0.549528 425 15549 423 16.352 22.0067 24.6199 24.6199 13.0289 233 192 0.0421078
536 0.908425 0.988048 726 107824 0 34.1456 3.2435 46.8265 31.7385 34.3718 546 180 2.4599
537 0.971154 0.954631 710 94832 0 35.3993 1.35773 45.2676 33.844 33.0609 520 190 2.37037
538 0.931442 0.97284 604 36567 602 31.7864 3.87149 38.0013 25.0738 26.3179 423 181 0.077275
539 0.934959 1 603 39395 601 25.6585 11.0901 35.8231 27.0855 29.1344 492 111 0.0883005
540 0.9783 0.962633 695 73761 0 32.4887 3.99472 43.6315 35.9721 35.5364 553 142 2.24947
541 0.976744 0.988235 705 70638 0 36.5704 0.701813 47.7713 33.4644 33.8363 516 189 2.30058
542 0.980149 0.992462 576 89894 568 38.854 0.357879 42.6077 27.6025 27.8997 403 173 0.15638
543 0.957983 0.978541 637 76239 632 33.9219 2.55655 41.5225 30.4501 31.0628 476 161 0.146955
544 0.992063 0.945537 795 101339 0 30.1684 5.96099 45.5784 38.8092 36.7975 630 165 2.9286
545 0.983486 0.990758 711 74964 0 34.4078 2.83107 48.7852 36.8326 37.1548 545 166 2.32384
546 0.941176 0.979592 650 83162 641 33.169 1.93009 41.5616 30.2975 31.8978 510 140 0.150433
547 0.880716 0.975771 717 78301 715 34.3181 2.02987 44.167 27.4943 30.3847 503 214 0.152738
548 0.902676 0.994638 601 45527 599 33.1546 2.76798 38.3415 23.3585 25.6822 411 190 0.0924954
549 0.958188 0.978648 782 86955 0 32.0643 5.36188 51.1198 34.7617 35.381 574 208 2.73454
550 0.99422 0.977273 738 80218 0 33.5327 3.48532 45.6223 33.3081 32.5298 519 219 2.4446
551 0.98 1 540 47588 521 35.663 1.26004 36.4311 26.19 26.7041 400 140 0.0839382
552 0.98227 0.991055 744 99854 0 32.4331 4.42501 47.4133 36.0095 36.3204 564 180 2.46698
553 0.97037 0.953883 544 77364 542 35.0036 1.93427 37.1724 28.611 27.9149 405 139 0.123136
554 0.985714 0.992806 577 71293 575 36.7234 1.06167 39.4095 28.096 28.3049 420 157 0.118683
555 0.927856 0.97065 621 44274 619 32.5197 3.24916 36.4454 28.144 29.5003 499 122 0.0855133
556 0.947566 0.986355 748 98960 744 33.3548 2.73845 45.5846 30.0963 31.6251 534 214 0.16453
557 0.954183 1 677 65582 674 28.1774 9.32542 42.6059 30.3794 31.8328 502 175 0.11268
558 0.982222 1 615 62996 613 37.625 0.297425 42.6116 28.5257 29.0079 450 165 0.107382
559 0.866126 0.963883 692 61500 687 32.9849 2.58843 41.8204 26.3212 29.6452 493 199 0.122319
560 0.962094 0.96036 649 48610 0 31.5377 5.99999 42.6364 36.661 36.3328 554 95 1.81539
561 0.986577 0.962882 636 83046 0 37.5616 1.24682 43.2445 31.7499 31.0302 447 189 1.81634
562 0.951583 0.925725 723 93504 0 36.516 1.36696 45.9725 34.8578 34.385 537 186 2.32912
563 0.934066 0.990291 672 62000 0 33.2271 2.36535 40.0642 30.8649 32.66 546 126 1.96051
564 0.977099 0.979592 560 73649 558 35.5701 1.57094 37.6832 26.4644 26.6768 393 167 0.118441
565 0.941696 0.958633 727 72405 0 29.2602 6.48327 43.0255 32.5661 33.2974 566 161 2.31068
566 0.913043 0.975758 690 83421 686 31.8959 4.51192 40.2051 29.025 30.9973 529 161 0.145667
567 0.991247 1 672 81377 0 37.62 1.21297 47.9579 31.8981 32.1553 457 215 2.00007
568 1 0.976134 556 44430 554 34.1643 5.18328 37.3165 27.8131 27.0509 409 147 0.0801084
569 0.954212 0.970205 669 62499 0 33.6423 2.65354 41.0508 32.2416 32.8812 546 123 1.96666
570 0.970339 0.917836 641 85658 0 32.3091 4.21117 41.3633 32.0284 30.4062 472 169 1.87086
571 0.878049 0.993103 594 47338 592 32.1276 2.01298 35.4767 25.6576 29.2735 492 102 0.0850903
572 0.99345 0.98913 624 65916 0 38.0507 0.518436 44.0272 33.0158 32.8761 458 166 1.71715
573 0.96888 1 678 74991 0 35.5033 1.54027 46.0408 31.8653 32.7808 482 196 2.13076
574 0.887789 0.947183 521 48498 519 24.5587 11.9072 30.6558 16.4832 17.6665 303 218 0.0886083
575 0.976834 1 726 79800 0 35.9363 1.85988 48.8957 31.8788 32.5508 518 208 2.43173
576 0.967667 0.906926 634 88676 629 36.2216 1.14353 40.0392 29.2468 27.3282 433 201 0.152725
577 0.991837 0.920455 690 77377 0 37.2845 0.850609 47.8987 36.6902 34.1311 490 200 2.19092
578 0.916988 0.987526 652 88724 642 32.8489 2.43487 40.1796 30.0751 32.2404 518 134 0.140671
579 0.988024 0.997984 631 74412 0 33.1947 1.77144 39.8871 31.3078 31.7344 501 130 1.71581
580 0.952381 0.988764 641 71409 636 34.2674 1.28186 39.138 27.1061 28.2112 462 179 0.119548
581 1 0.333333 310 11608 308 11.4928 28.4267 18.2144 18.2144 5.51767 103 207 0.0215175
582 0.967105 0.967105 588 61820 586 33.002 2.93763 37.3904 28.9787 28.9787 456 132 0.103601
583 0.982524 0.988281 731 76679 0 35.2168 0.755681 46.5113 32.7858 33.0156 515 216 2.33683
584 0.982716 0.995 574 50806 572 36.9137 1.20848 39.5743 26.5957 26.9137 405 169 0.0895496
585 0.993088 0.988532 606 64495 604 33.5101 2.85818 38.5894 26.9541 26.8287 434 172 0.110998
586 0.914894 1 640 73943 638 33.3792 3.17365 39.5751 23.5585 25.6466 423 217 0.134382
587 0.98783 0.997951 657 58168 0 33.8053 5.06422 43.5828 32.2464 32.7503 493 164 1.89646
588 0.983539 0.977505 614 83439 611 32.7304 2.98825 37.0195 29.4428 29.3129 486 128 0.134678
589 0.973934 0.995157 611 64087 609 35.1348 2.13755 40.416 25.2377 26.0287 422 189 0.107836
590 0.834728 0.892617 683 57824 678 36.5263 2.09623 46.1871 29.8215 30.7015 478 205 0.108446
591 0.987421 0.98125 679 62552 676 34.4602 2.0974 42.7495 29.8898 29.6661 477 202 0.107407
592 0.964029 0.971014 587 46886 585 32.0042 2.01671 35.1916 25.0056 25.2184 417 170 0.101095
593 0.961945 0.99345 595 71448 593 34.1127 1.68471 37.6665 28.6047 29.4828 473 122 0.128872
594 0.945355 0.97191 706 125784 0 34.4545 1.62078 45.3936 34.0141 34.969 549 157 2.23785
595 0.909314 0.956186 587 75194 585 31.2495 4.37387 36.0583 23.9843 25.2213 408 179 0.123733
596 0.981439 0.981439 653 54388 649 37.1958 1.21612 46.3302 29.8421 29.6948 431 222 0.101181
597 0.986381 0.992172 663 54650 660 30.5222 5.17311 38.7555 30.1412 30.2631 514 149 0.096838
598 0.969466 0.978805 669 50634 0 34.7569 1.93481 40.6924 30.9889 31.2344 524 145 1.93192
599 0.954106 0.96577 631 52369 629 27.4742 10.0426 36.4143 23.0402 23.3596 414 217 0.0952749
600 0.93499 1 679 66670 0 36.1225 2.5334 48.0575 33.4804 35.4867 523 156 2.02449
601 0.963883 0.993023 621 66190 619 34.2253 2.39209 39.5443 27.3451 28.0992 443 178 0.112182
602 0.876686 0.980603 710 87307 705 33.5903 1.83445 45.5041 29.254 33.059 519 191 0.150906
603 0.94877 0.997845 655 100064 0 36.1451 1.19909 43.5304 30.6218 32.2401 488 167 1.96301
604 0.983193 0.981132 604 67113 596 32.4202 3.1609 39.2803 29.9272 29.831 476 128 0.10989
605 0.977035 1 633 68167 630 33.1116 2.41433 38.6572 28.5237 29.1582 479 154 0.114488
606 0.981443 0.997904 641 57793 638 33.0924 3.54102 39.8793 30.2065 30.6776 485 156 0.0997995
607 0.943089 0.989339 670 77339 668 34.2519 1.55998 43.0898 28.867 30.2876 492 178 0.128426
608 0.987037 0.926957 727 57816 0 32.5772 2.73729 42.72 33.8565 31.6529 540 187 2.29005
609 0.887588 0.989556 562 33485 560 27.7897 8.84076 31.7981 21.3362 23.7442 427 135 0.0670945
610 0.967213 0.927308 719 115079 0 36.7135 0.959459 49.8628 33.671 32.771 488 231 2.31246
611 0.979362 0.988636 696 71824 0 33.5824 2.11835 40.9003 30.7784 31.0435 533 163 2.06682
612 0.880859 1 711 67094 709 34.301 1.83559 45.8081 26.5999 30.3118 512 199 0.125602
613 0.965116 0.997996 680 74048 676 33.6851 2.08092 42.1952 29.8996 30.8434 516 164 0.155202
614 0.889845 0.990421 706 65468 0 33.5922 1.9643 42.4719 31.7596 35.4326 581 125 2.16811
615 0.971487 0.985537 655 51197 458 30.5911 5.49468 39.9361 28.7312 29.2209 491 164 0.0921748
616 0.979638 0.96868 553 30400 551 29.9567 4.55867 31.252 24.874 24.5696 442 111 0.0679899
617 0.987469 0.968059 526 59278 521 36.553 0.618751 35.6086 27.4612 27.2213 399 127 0.112514
618 0.917939 1 738 78585 735 30.92 7.22691 49.4489 28.965 31.6049 524 214 0.144804
619 0.910233 1 727 82219 0 35.0518 1.23496 47.4192 32.8767 35.801 557 170 2.29345
620 1 0.298932 282 10709 280 10.7698 28.8392 15.9261 15.9261 4.23455 84 198 0.0240274
621 0.997895 0.995798 677 72326 0 35.9772 1.51896 45.4224 31.3571 31.302 475 202 2.01675
622 0.927039 0.915254 704 73758 686 32.0741 3.90181 43.8949 29.7503 29.0778 466 238 0.135653
623 0.987469 0.938095 605 43160 603 24.6009 13.6457 37.5677 25.1022 23.9084 399 206 0.0809192
624 0.985816 0.952055 590 48222 588 32.9 5.9156 38.5828 28.7439 27.5522 423 167 0.0877474
625 1 0.511468 437 20064 435 17.1694 21.5479 26.3796 26.3796 12.9835 223 214 0.0367535
626 0.930649 1 625 57512 623 32.759 2.2055 37.4189 23.7465 25.5802 447 178 0.126862
627 0.907489 0.955916 629 65122 627 31.0182 3.68864 38.3699 25.9185 26.9052 454 175 0.113325
628 0.957746 0.948837 604 52723 602 32.8582 2.2794 35.8229 26.0278 25.6908 426 178 0.0938788
629 1 0.398907 367 16103 365 15.0956 23.7248 22.0353 22.0353 8.18471 146 221 0.0286532
630 0.966957 0.987567 767 106028 0 31.4034 6.66526 48.0733 35.7057 36.3388 575 192 2.60281
631 0.942529 0.964706 629 69212 0 34.3979 1.56391 39.7763 32.207 32.6903 522 107 1.80339
632 1 0.997881 601 56984 0 36.6103 1.2149 41.3059 32.2142 32.1573 471 130 1.68704
633 0.951904 0.987526 658 78166 0 34.9196 1.55192 41.4107 30.6102 31.7476 499 159 2.02312
634 0.942857 0.99784 664 63605 662 36.0073 1.36914 44.4355 28.6517 30.2324 490 174 0.122443
635 0.989496 0.971134 643 74122 0 36.1526 1.26463 41.8989 30.9346 30.4525 476 167 1.92526
636 0.939203 1 625 59224 618 35.8942 1.21688 43.2129 28.0511 29.8951 477 148 0.111374
637 0.95679 0.991471 639 69435 637 33.1213 2.34285 38.168 28.021 29.1525 486 153 0.126392
638 0.954825 0.96875 657 78033 655 32.8807 2.66758 41.4427 28.6712 29.2964 487 170 0.13835
639 0.974806 0.986275 683 93001 0 35.4296 1.90841 42.9355 31.8978 32.2566 516 167 2.16596
640 0.962891 0.993952 634 65004 0 35.3055 2.64839 42.7423 34.0527 35.0007 512 122 1.86642
641 0.980645 0.991304 606 58763 0 32.9099 3.97541 39.7698 30.7654 31.0452 465 141 1.6889
642 0.969697 0.982456 564 28347 562 31.4634 3.98704 33.6919 27.3755 27.7052 462 102 0.0637839
643 0.938247 0.965164 629 61640 625 32.6094 3.22603 38.9759 29.7783 30.7296 502 127 0.114635
644 0.914234 0.980431 694 60167 692 30.9392 4.27182 38.5792 28.4785 30.6023 548 146 0.126469
645 0.947162 0.884826 733 60777 0 35.1747 2.87032 49.0235 36.4154 34.2318 511 222 2.43785
646 0.880412 0.993023 678 55801 672 31.8033 2.69254 38.3097 24.1588 27.6825 485 193 0.128224
647 0.924 0.976744 668 63207 666 33.1505 3.01166 39.782 27.8015 29.4598 500 168 0.119229
648 0.921329 1 730 61745 0 32.6201 3.2005 42.6822 31.5761 34.0347 572 158 2.31407
649 0.997821 0.987069 619 69295 0 37.443 0.70371 41.4495 31.4759 31.192 459 160 1.74167
650 0.859002 0.958838 666 59694 664 33.6656 2.79677 43.5995 27.2945 30.4418 461 205 0.108129
651 0.97053 0.99798 686 68014 683 35.9548 1.67035 44.7711 30.4173 31.2296 509 177 0.118296
652 0.968932 1 689 76057 686 35.2037 2.03926 46.0383 30.5088 31.3419 515 174 0.127385
653 0.968037 0.979215 643 91385 636 37.3323 1.24734 43.5649 28.02 28.3166 438 205 0.15083
654 0.967093 1 749 69877 0 33.897 3.24616 49.6369 35.3091 36.3278 547 202 2.48022
655 0.951076 0.981818 690 67222 688 31.7856 3.46108 38.8242 27.866 28.9534 511 179 0.121198
656 0.900844 0.997664 674 85481 672 33.4282 3.49442 44.9738 26.3627 29.2043 474 200 0.155313
657 0.816208 0.982578 861 97307 0 36.8441 1.07641 52.5583 36.6595 43.9795 691 170 3.25564
658 0.993697 0.965306 630 56578 0 30.7484 6.43314 39.4559 30.9742 30.0108 476 154 1.76214
659 0.903537 0.985965 797 65128 0 35.8436 1.2757 50.0719 36.1987 39.1943 622 175 2.81181
660 0.977113 0.992844 705 68086 0 33.3631 2.21018 42.5702 32.2732 32.7713 568 137 2.27856
661 0.862989 0.981781 702 70807 695 33.071 3.08106 43.1389 30.1119 34.689 562 140 0.154321
662 0.990512 0.988636 718 84549 0 35.6292 1.23097 47.2228 33.8995 33.8468 527 191 2.36352
663 0.990584 0.900685 712 62237 0 30.3592 6.12569 42.1553 35.2352 32.068 531 181 2.31648
664 0.919847 0.989733 687 64484 684 32.9351 2.58967 42.4836 29.9132 32.7893 524 163 0.118441
665 0.941712 0.984762 718 78023 714 32.6024 2.5459 41.503 30.5354 31.7784 549 169 0.144785
666 0.919588 0.984547 621 53791 619 33.049 2.74932 36.6852 26.5083 28.5318 485 136 0.1095
667 0.944762 0.976378 716 58247 0 29.6755 7.79475 46.6209 32.3146 33.1262 525 191 2.34848
668 0.988701 0.961538 521 58801 519 38.463 0.382144 38.4082 26.9725 26.3299 354 167 0.103604
669 0.988484 0.971698 681 93581 0 37.6811 1.12354 47.3355 35.8233 34.7503 521 160 2.1673
670 0.961066 1 665 62817 662 37.1033 1.197 45.3663 30.2445 31.4194 488 177 0.115232
671 0.92809 0.995181 655 58852 653 34.1233 2.29232 42.9651 26.1343 27.8904 445 210 0.112048
672 0.989051 1 696 57762 0 33.1709 3.30484 41.5554 32.1985 32.4893 548 148 2.2353
673 0.886282 1 717 73305 711 36.4235 1.18251 49.6759 30.5619 35.5476 554 163 0.146465
674 0.904673 0.985743 726 103879 0 33.7755 2.22884 45.8135 31.0441 33.8474 535 191 2.49396
675 0.91684 0.993243 546 33005 544 27.3752 9.34638 33.782 27.2947 29.5399 481 65 0.0684762
676 0.976581 0.992857 583 50745 581 36.0109 1.3642 37.0648 26.0457 26.5682 427 156 0.0944619
677 0.808929 1 561 62147 558 26.1549 11.3665 33.8969 26.8843 33.8969 560 1 0.125237
678 0.94831 0.931641 670 64605 0 29.4282 7.39552 42.5078 32.5481 31.7928 503 167 2.11088
679 0.939394 0.981013 673 52729 671 33.6426 1.92324 41.1146 27.7911 29.2085 495 178 0.107777
680 0.98364 0.96008 691 66170 0 28.1031 10.5818 42.4675 30.9842 30.2937 489 202 2.22232
681 0.98081 0.964361 593 62297 590 34.0042 1.93647 37.4459 29.7857 29.229 469 124 0.109006
682 0.942755 0.931095 705 83200 0 33.926 2.19486 44.5486 36.4305 35.9106 559 146 2.31912
683 0.973485 0.990366 678 54574 0 33.9048 2.86998 45.3094 34.574 35.211 528 150 2.10842
684 0.983636 1 759 70702 0 35.5825 2.65963 53.4032 35.2059 35.7533 550 209 2.64178
685 0.961039 0.993289 638 63212 636 35.8843 1.25429 42.5736 28.9642 29.9625 462 176 0.12467
686 0.968064 0.995893 733 113975 726 35.6613 0.64396 47.1798 29.9323 30.7016 501 232 0.192482
687 0.978304 0.988048 665 46052 0 36.4074 1.35404 45.1512 33.9941 34.4367 507 158 2.01329
688 0.982726 0.988417 711 83301 0 35.5568 1.10326 45.4861 33.0067 33.188 521 190 2.34629
689 0.995402 0.981859 626 80311 624 37.4374 0.788362 42.1443 29.3533 28.976 435 191 0.138902
690 0.912892 1 704 62229 0 32.4208 2.75333 41.1122 31.1876 33.921 574 130 2.26159
691 0.95155 0.985944 706 66117 704 30.0043 5.76902 41.7391 28.1024 28.9491 516 190 0.125717
692 0.959276 0.990654 617 74952 615 34.0777 2.77622 39.1732 26.6182 27.5715 442 175 0.132061
693 0.977477 0.977477 600 73993 587 37.2936 1.16362 41.4777 29.7914 29.9616 444 156 0.13494
694 0.931985 0.998031 711 48544 709 30.8935 5.04132 40.6362 29.4032 31.7727 544 167 0.111796
695 0.960133 0.988034 817 83545 0 32.5102 2.64381 49.8789 35.7427 36.7559 602 215 3.03185
696 0.935268 0.972158 614 47182 612 34.3208 1.87367 39.7386 27.2772 28.2533 448 166 0.0925643
697 0.969136 0.955375 635 49919 0 33.8795 2.72293 40.8712 31.1773 30.9018 486 149 1.84897
698 0.967517 0.988152 618 39484 616 29.8702 6.14859 37.934 25.5526 26.2274 431 187 0.0917142
699 0.981855 0.977912 650 56475 0 34.8073 0.580356 41.6769 32.0215 31.869 496 154 1.94363
700 0.938034 0.997727 666 63299 664 31.7043 5.65026 44.3393 26.4777 28.289 468 198 0.119805
701 0.930728 0.996198 733 71185 0 33.7606 1.89212 45.0635 31.7514 34.255 563 170 2.44665
702 0.955769 0.994 677 77487 674 33.3504 2.01582 41.7147 30.1149 31.4969 520 157 0.142796
703 0.996078 0.998035 742 81254 0 36.996 1.37156 49.6101 34.2396 34.2946 510 232 2.5578
704 0.955102 1 678 50750 676 34.6423 1.53641 43.4534 28.9988 30.3938 490 188 0.100296
705 0.918317 0.997312 509 49556 403 28.4792 7.92133 31.9596 23.1396 25.0159 404 105 0.0880798
706 0.943609 0.961686 713 78402 0 33.2692 2.77586 47.0822 34.9837 35.5314 532 181 2.34823
707 0.939216 0.977551 676 65392 0 33.506 4.06983 44.6809 32.5173 34.0336 510 166 2.12259
708 0.911488 0.977778 713 87938 0 34.1196 3.28341 45.9011 31.9514 34.2502 531 182 2.34833
709 0.934109 1 563 60728 0 27.5113 9.97667 36.5616 31.5231 33.6457 516 47 1.4612
710 0.868421 0.872596 573 32174 571 31.377 2.934 32.8369 23.6928 24.1002 418 155 0.0740031
711 0.976991 1 736 47209 0 31.6495 6.85692 50.3129 34.6873 35.3952 565 171 2.33664
712 0.936283 0.97963 722 65548 717 32.6184 3.29445 41.1247 30.4691 32.3141 565 157 0.135071
713 0.981707 0.979716 678 125988 0 37.4046 0.722313 47.2229 33.7732 33.717 492 186 2.13436
714 0.928571 0.934932 750 88144 0 32.6933 3.5351 46.5633 36.6689 36.1923 588 162 2.53206
715 0.933071 0.983402 676 92939 674 33.3086 2.18224 42.236 28.564 30.3263 508 168 0.157626
716 0.96 0.983133 572 48026 570 32.855 2.96552 35.7566 25.8116 26.4047 425 147 0.0902221
717 0.997525 0.997525 531 62289 527 35.5597 1.60988 36.2709 27.6295 27.6295 404 127 0.116484
718 0.974537 0.843687 636 79223 0 38.1879 0.592072 45.0988 35.2064 30.8282 432 204 1.89617
719 0.958515 0.962719 634 47336 632 31.5068 2.96146 38.9951 27.4051 27.3957 458 176 0.0934554
720 0.986239 0.907173 661 69299 0 36.3618 1.3623 48.0584 34.0883 31.2206 436 225 2.03789
721 0.963376 0.991803 764 123486 0 35.3911 0.904577 47.944 38.5432 39.5367 628 136 2.73106
722 0.980306 0.993348 597 69650 0 36.4621 1.01262 42.2305 32.1545 32.5538 457 140 1.67847
723 0.976744 0.978814 627 72247 610 34.1863 2.01435 41.4677 30.2862 30.4758 473 154 0.124022
724 0.915385 0.938856 695 116192 692 32.0875 4.03967 42.0242 30.513 31.0155 520 175 0.192059
725 0.967568 0.990775 745 73179 0 34.8437 1.57288 43.9765 31.677 32.3477 555 190 2.53061
726 0.970803 0.990074 606 48227 604 28.2349 7.09577 37.277 22.9462 23.3688 411 195 0.0982222
727 0.973568 1 615 52452 613 33.0745 5.79076 43.2575 28.4511 29.277 454 161 0.105351
728 0.985841 0.980634 754 90200 0 35.2247 1.35548 47.4425 35.5065 35.1501 565 189 2.61616
729 0.966667 0.953425 547 62762 545 34.0159 2.4389 35.3385 23.3492 23.0506 360 187 0.112011
730 0.992021 0.95641 567 37254 565 28.4492 10.2221 37.3285 25.9201 24.8019 376 191 0.0762465
731 0.975258 0.947896 694 76969 0 35.0203 2.20019 44.5444 32.1442 31.5082 485 209 2.20908
732 0.947146 0.99115 673 86059 671 32.2475 3.70718 41.3885 27.9911 29.591 473 200 0.159859
733 0.972167 0.989879 603 82778 0 35.42 2.00126 40.6721 32.5927 33.3426 503 100 1.71198
734 0.959746 0.972103 631 50343 629 31.5374 4.03895 36.5958 26.9695 27.5117 472 159 0.0981663
735 0.970199 0.978297 774 94448 0 34.8758 1.55447 49.1621 38.29 38.7 604 170 2.76704
736 0.973025 0.976789 697 61523 0 35.0243 1.84216 44.7372 33.2416 33.5397 519 178 2.2254
737 0.980907 0.987981 565 42281 563 35.4728 1.25448 36.971 27.1409 27.3105 419 146 0.082969
738 0.971861 0.99117 644 61945 641 32.7438 2.8776 40.8319 29.0099 29.5823 462 182 0.120117
739 0.980132 0.976898 772 89789 0 34.5586 1.85138 48.0039 37.5588 37.2167 604 168 2.73574
740 1 0.872727 496 27189 494 21.4706 16.0677 31.0906 20.355 17.5395 288 208 0.0571414
741 0.955375 0.983299 717 129573 0 36.9838 0.824098 48.8673 31.9496 32.7251 493 224 2.45282
742 0.974026 0.980392 634 45143 632 31.0062 5.13506 38.1647 27.8588 28.0146 462 172 0.0910456
743 0.894481 0.992793 727 83459 0 33.1015 1.47086 42.2409 32.5448 36.5669 616 111 2.41379
744 0.970037 0.992337 710 78588 0 34.5527 1.89828 46.3694 34.0835 34.7698 534 176 2.25489
745 0.896497 0.992945 812 74060 0 31.3201 6.49087 49.4069 32.4115 35.7537 628 184 2.87878
746 0.96 0.964539 660 61944 658 34.0045 1.8398 38.9964 25.0099 24.9122 425 235 0.113226
747 0.938017 0.957806 610 46297 607 32.2971 3.72379 38.4576 29.7798 30.3752 484 126 0.093268
748 0.94721 0.985871 869 169194 0 36.9976 1.07877 59.7977 42.8247 44.5902 663 206 3.44266
749 0.959259 0.984791 668 54497 0 30.8285 5.36839 41.2276 32.7909 33.5257 540 128 2.05965
750 0.923858 0.994536 811 116611 0 35.7127 2.19002 56.4096 35.2113 38.0364 591 220 3.0327
751 0.995423 0.935484 625 45478 623 29.8674 5.07214 36.1883 26.6942 25.2229 437 188 0.0906003
752 0.9375 0.946197 681 89722 0 33.3894 1.70215 45.8603 35.5528 36.193 544 137 2.22141
753 0.959427 0.987715 541 52090 539 36.8542 0.679734 36.5156 27.4438 28.5201 419 122 0.100452
754 0.98289 0.975472 702 100762 0 35.3877 1.51604 45.1311 34.44 34.2275 526 176 2.29573
755 0.993318 0.993318 664 83653 659 36.4332 1.0198 46.28 29.9032 29.9032 449 215 0.146389
756 0.956204 0.997462 594 44074 592 33.6184 3.37107 39.2727 23.2352 24.4014 411 183 0.0869037
757 0.968468 0.959821 578 59719 569 36.0075 1.07729 39.0177 30.2513 30.0244 444 134 0.105229
758 0.966736 0.991471 600 48751 0 35.9645 1.47519 40.9053 32.1569 32.9057 481 119 1.69405
759 0.948529 0.98977 581 62758 579 32.907 2.21162 35.3992 23.0138 24.0478 408 173 0.116441
760 0.920086 0.972603 617 46568 615 30.7017 5.58097 38.7322 25.9271 27.4545 463 154 0.09678
761 0.961969 0.947137 586 48065 584 31.5365 2.29109 36.9391 28.658 28.2179 447 139 0.097259
762 0.971857 0.986667 740 59878 0 34.4205 3.05414 49.6758 33.7633 34.4306 533 207 2.51855
763 0.981383 1 543 34966 541 28.0727 8.35845 33.733 20.8692 21.3783 376 167 0.0704883
764 0.968379 0.949612 663 63913 0 34.7163 1.85552 40.5299 31.128 30.5338 506 157 2.02795
765 0.925806 0.959866 743 110756 0 33.6692 2.14017 50.3281 41.0122 41.6913 620 123 2.56889
766 0.95572 0.984791 724 65626 0 36.4268 1.48172 47.028 33.6435 34.6995 542 182 2.36382
767 1 0.635535 440 19478 438 19.1114 17.7237 24.8756 24.8756 15.6357 279 161 0.0436064
768 0.954545 0.992908 574 74797 572 30.9294 2.57851 36.3541 26.7724 27.7976 440 134 0.130347
769 0.929982 0.994242 727 52900 0 32.1855 3.89646 44.3661 31.7663 34.1379 557 170 2.37046
770 0.960499 1 607 52565 603 33.4837 2.44085 40.702 30.4684 31.6054 481 126 0.106285
771 0.944976 0.96577 576 76384 574 35.6658 1.74886 36.9925 26.481 27.4509 418 158 0.132086
772 0.986275 0.988212 669 76899 0 34.6623 1.50918 44.1856 33.6949 33.9157 510 159 2.07583
773 1 0.738386 410 26344 408 19.0166 18.7315 23.2832 23.2832 16.9796 302 108 0.0457714
774 0.99006 0.986139 715 90172 0 36.64 1.10179 48.9944 33.4058 33.2732 503 212 2.3777
775 0.994024 0.968932 681 67362 0 30.2065 6.81768 43.8534 32.5135 31.7879 502 179 2.16234
776 0.942675 0.938689 671 73729 668 33.4041 2.12867 42.7529 30.5191 30.5029 471 200 0.136057
777 0.90991 0.951036 665 68307 0 34.8221 1.52777 43.04 34.882 36.0255 555 110 2.07362
778 0.971491 0.920998 713 85153 709 34.4444 1.65173 43.6568 29.9998 28.2925 456 257 0.158393
779 0.958084 1 621 57529 616 33.0293 3.54785 38.9737 30.4421 31.6878 501 120 0.115916
780 0.93617 0.973843 697 67700 694 33.2378 2.70318 41.6506 29.1237 30.2687 517 180 0.138091
781 0.95302 0.942478 577 52941 575 35.4156 1.14095 36.9974 29.4935 29.2554 447 130 0.100725
782 0.918969 0.990079 716 69627 0 32.0422 4.52397 44.7797 31.8932 33.8716 543 173 2.36298
783 0.982796 0.978587 593 46124 0 35.4306 1.76147 39.4714 30.8876 30.7978 465 128 1.63141
784 0.95 0.990347 772 89350 0 34.0651 1.96383 49.3714 31.8785 33.4583 540 232 2.75146
785 0.988528 0.969981 683 85108 0 37.473 0.260332 45.0799 35.5539 34.8161 523 160 2.16028
786 0.930131 0.993007 659 67600 656 36.5324 1.91232 44.6847 29.0012 30.9399 458 201 0.126955
787 0.966427 0.982927 559 34647 557 32.8145 3.15684 35.7928 25.6994 26.136 417 142 0.0705147
788 0.917749 0.979215 612 52767 599 32.0953 2.56868 37.5466 25.5276 27.4378 462 150 0.0984949
789 0.970075 0.965261 519 48672 517 35.2653 2.18836 34.5422 26.6425 26.6186 401 118 0.0884574
790 0.946593 0.977186 678 81922 0 33.9248 1.98425 42.6717 32.7961 33.9879 543 135 2.1187
791 0.961798 0.944812 620 93403 617 34.6073 1.76617 42.1401 30.505 30.0585 445 175 0.153081
792 0.967177 0.991031 689 62124 687 34.5321 2.14011 42.7083 26.3956 26.9962 457 232 0.121785
793 1 0.628788 397 16266 395 20.5642 18.1765 23.0287 23.0287 14.2929 249 148 0.0324715
794 0.991896 1 856 99905 0 36.8957 1.99275 57.2097 39.7851 40.0368 617 239 3.37449
795 0.959906 0.904444 649 46383 647 34.3242 2.34369 40.227 27.824 26.1524 424 225 0.0940947
796 0.960674 1 728 84804 724 35.4557 1.61387 47.662 30.5259 31.7719 534 194 0.155006
797 0.943015 0.988439 773 94174 770 33.2815 2.56748 45.8445 30.4629 32.0189 544 229 0.164751
798 0.938731 0.955457 628 58477 626 33.8023 1.62902 38.0294 27.5597 27.7105 457 171 0.115621
799 0.920518 1 686 70292 681 33.2928 3.51014 42.8424 30.2252 32.9071 541 145 0.14727
800 0.977011 0.986733 779 76701 0 34.2472 1.82602 46.9444 34.844 35.2006 609 170 2.65243
801 0.978495 0.98645 513 33731 511 24.9403 12.0299 31.3582 21.5759 21.8517 372 141 0.0765612
802 0.905812 0.991228 716 74554 714 33.2841 2.76964 42.2933 27.1514 29.9691 499 217 0.13266
803 0.837728 1 664 83950 662 33.0223 4.21603 41.5527 22.7373 28.2115 493 171 0.138484
804 0.994652 0.991119 707 81224 0 35.6104 1.22276 45.9835 36.9981 36.8661 561 146 2.20472
805 0.968254 0.945736 570 42808 568 25.5474 12.3637 36.5237 23.9299 23.0044 378 192 0.0789585
806 0.958963 0.969432 596 76387 593 36.3836 1.33879 39.4691 30.4961 30.9909 463 133 0.120801
807 0.954545 0.932432 723 83950 720 33.6941 2.6151 42.131 30.5323 29.7552 506 217 0.141466
808 0.955108 0.990369 817 98454 0 34.7488 2.81952 54.501 40.0562 41.7296 646 171 3.07844
809 0.967677 0.97955 621 52325 618 32.8935 1.60339 38.4833 29.7907 30.3984 495 126 0.111726
810 0.985714 0.940909 619 87052 616 36.6593 1.39255 42.7469 30.4015 29.1726 420 199 0.151107
811 0.968811 0.997992 674 77351 0 34.9151 0.684289 43.9836 30.9678 31.8393 513 161 2.09934
812 0.921533 0.974903 697 56353 0 33.2697 1.59476 43.536 31.9981 33.5357 548 149 2.236
813 1 0.484615 391 14922 389 14.9463 23.7633 21.6998 21.6998 10.2134 189 202 0.0304467
814 0.92735 0.995413 644 64787 642 33.9809 1.9628 39.4208 26.1395 28.1486 468 176 0.119358
815 0.965831 0.868852 650 56296 0 36.4108 1.44869 41.913 31.9729 28.8572 439 211 1.94418
816 0.949438 0.928571 700 93937 0 36.179 0.610363 45.7993 36.4129 35.737 534 166 2.28513
817 0.888672 0.968085 668 71884 666 33.2763 2.58328 40.2943 28.7626 31.2394 512 156 0.145706
818 0.961969 0.979499 542 36162 540 27.8001 7.40582 31.1457 25.4333 25.5111 447 95 0.0748769
819 0.995465 0.997727 644 97502 0 39.7803 0.271995 48.6346 31.0187 31.078 441 203 1.94948
820 0.919847 0.985685 723 76622 0 37.0114 0.960837 46.9271 31.6988 33.9023 524 199 2.40428
821 1 0.762357 527 41785 525 22.2369 16.3003 29.5141 29.5141 22.7597 401 126 0.0751227
822 0.949749 0.992126 598 35262 596 26.7986 12.072 39.2189 23.0971 24.0796 398 200 0.0747814
823 0.852159 0.944751 736 76165 0 32.7517 3.74371 44.4344 32.4373 36.6327 602 134 2.43202
824 0.947573 0.989858 644 51421 0 34.2433 2.83986 40.8084 31.6864 32.8242 515 129 1.82014
825 0.985437 0.978313 559 47933 557 37.4059 0.971469 37.623 28.5368 28.112 412 147 0.0878188
826 0.994737 1 537 39199 535 27.6834 9.91582 35.6192 22.2429 22.3636 380 157 0.0726803
827 0.90676 0.977387 606 44489 604 30.7509 4.41658 36.4155 23.4997 25.4786 429 177 0.0838249
828 0.994194 0.978571 857 114339 0 33.9359 3.13418 54.4407 44.9043 44.3557 689 168 3.18532
829 0.988558 0.957871 623 52003 620 36.0254 1.58056 41.6454 29.8737 28.7527 437 186 0.110462
830 0.994898 0.970149 619 78582 617 37.8888 0.700077 41.8989 26.7603 25.8964 392 227 0.14456
831 0.944444 0.97541 713 71291 709 33.6441 1.60448 43.9694 30.3768 31.3029 504 209 0.128408
832 0.937276 0.961397 740 65876 0 31.1457 5.20819 44.8713 32.7018 33.8392 558 182 2.40428
833 0.942688 0.987578 706 68451 704 33.8446 2.31147 42.2954 27.3729 28.7628 506 200 0.125628
834 0.959364 0.969643 756 75140 0 32.9936 3.49936 42.6807 31.8646 32.346 566 190 2.543
835 0.974093 0.99823 763 82158 0 35.6557 2.31931 50.3604 37.7339 38.4757 579 184 2.57172
836 0.965844 0.94085 713 73189 0 33.7183 2.64574 41.6085 32.1454 31.6309 527 186 2.25693
837 0.913223 1 606 55870 604 34.8048 0.853176 40.3286 28.7784 31.4725 484 122 0.125045
838 0.943396 0.93633 765 99597 0 35.4756 1.66675 49.6287 35.5578 35.1953 530 235 2.59957
839 0.986726 0.957082 592 57478 0 34.3706 1.72449 38.9644 30.627 29.7266 452 140 1.56977
840 1 1 511 37899 509 35.3943 2.59195 34.6986 25.9957 25.9957 378 133 0.068193
841 0.997449 0.892694 600 63568 598 34.8304 1.67451 37.6993 28.0315 25.3373 392 208 0.10928
842 0.976623 0.926108 541 27279 539 24.2411 13.3418 31.877 23.946 22.4014 385 156 0.0576403
843 0.951362 0.987879 722 76771 719 36.1072 1.20091 47.0652 30.4194 31.2445 514 208 0.129551
844 0.927869 0.979239 774 120240 0 33.9372 2.18226 45.3853 34.3187 36.6026 610 164 2.68109
845 0.960552 0.972056 727 67885 0 34.9449 2.17647 46.6125 33.1418 33.1367 507 220 2.35728
846 0.962151 0.993827 644 59010 0 35.5605 2.05784 43.9592 32.2972 33.689 502 142 1.90091
847 0.942755 0.988743 721 62788 0 33.4171 2.10845 44.452 32.7284 34.4743 559 162 2.35803
848 0.919014 0.988636 708 71014 705 30.6463 4.24643 40.1925 30.4346 32.3309 568 140 0.143621
849 0.951027 0.949527 800 95394 0 35.4486 1.85619 51.7442 41.3404 41.0652 633 167 2.95027
850 0.885645 0.943005 575 37252 573 29.4745 5.37766 33.4081 21.5999 23.1341 411 164 0.0754863
851 0.975986 0.996497 775 71340 0 33.1435 2.82592 45.6207 33.9872 34.6089 583 192 2.7196
852 0.96347 0.956916 670 63703 667 34.484 3.42245 47.5657 30.1922 30.0777 438 232 0.115559
853 0.954262 0.980769 654 48701 652 32.9811 4.04113 42.1679 29.2549 30.2609 481 173 0.0980607
854 0.970982 0.97973 646 66382 642 35.2447 2.36304 43.8345 30.2144 30.2915 448 198 0.122177
855 0.978814 0.980892 658 80288 0 35.9857 1.32638 42.4123 30.6937 30.5908 472 186 2.01524
856 0.896703 0.962264 581 65593 579 33.296 2.30934 36.314 26.5362 28.365 455 126 0.11716
857 0.944341 0.984526 681 62940 678 32.9745 2.23455 40.2727 30.3157 31.7948 539 142 0.11639
858 0.944882 0.997921 698 57240 696 30.5861 5.19132 40.6272 27.293 28.693 508 190 0.113437
859 0.955117 0.963768 721 87323 0 34.0121 1.54359 42.1565 32.376 32.7646 557 164 2.41501
860 0.931034 0.961995 600 41835 598 30.0511 4.85604 36.1613 25.3003 26.0445 435 165 0.0845296
861 0.895161 0.991071 654 60895 652 34.3919 2.55675 42.6479 27.7378 30.6317 496 158 0.114346
862 0.955882 0.918728 685 71875 0 34.7756 1.32647 42.3102 35.4596 34.0388 544 141 2.17831
863 0.931559 0.974155 708 72556 0 33.5876 2.63688 43.4241 30.9484 32.399 526 182 2.30489
864 0.949248 0.990196 747 93835 742 33.5172 2.34876 44.6933 30.4736 32.2956 532 215 0.162293
865 0.920886 1 805 61340 0 32.4108 3.05725 45.9191 33.5985 36.5733 632 173 2.91864
866 0.941704 0.995261 603 89585 601 37.0525 0.374593 40.5205 26.8605 28.2457 446 157 0.150048
867 0.981043 0.992806 647 102049 645 39.0437 0.356362 44.5062 28.1682 28.4566 422 225 0.1794
868 0.994911 0.972637 597 36520 595 31.3012 7.46239 38.5597 26.0205 25.3607 393 204 0.0890773
869 0.92967 0.997642 596 54544 584 33.8581 2.24398 39.8893 28.0238 30.2904 455 141 0.101012
870 0.963415 0.975309 654 51204 652 31.6873 3.91724 40.7407 28.466 29.0155 492 162 0.100935
871 0.990431 0.92 620 47712 618 24.14 14.2343 38.751 28.5025 26.3332 418 202 0.0930391
872 0.97995 0.972637 555 72946 551 36.4386 1.5075 39.5279 28.5333 28.4428 399 156 0.124738
873 0.993976 1 645 67892 642 33.4356 2.76104 40.5607 29.9505 30.29 498 147 0.119564
874 0.931153 0.996317 739 92963 0 34.7132 1.70002 47.3401 34.5914 36.8292 581 158 2.51866
875 0.918651 0.974737 624 65255 619 35.1154 1.30782 39.3304 30.2736 32.3634 504 120 0.123415
876 0.921875 0.992788 643 68512 641 35.0111 1.70883 44.3444 27.9308 29.8871 448 195 0.124565
877 0.958937 0.994987 524 44356 522 31.566 5.68467 33.3681 25.0601 25.8825 414 110 0.0828082
878 0.995249 0.988208 571 54699 569 36.8496 1.26219 40.0784 29.3685 29.1566 421 150 0.102354
879 0.901354 0.952965 682 52408 678 32.073 2.5519 42.2509 29.9548 31.9928 517 165 0.110846
880 0.943038 0.978118 605 44550 603 34.4629 2.16929 39.1525 29.4813 30.4647 474 131 0.0882727
881 0.957407 0.943431 726 75173 0 35.1845 1.20556 46.2174 34.51 34.473 540 186 2.4107
882 0.996183 0.984906 731 80750 0 33.3007 2.5095 43.5094 31.0207 30.5364 524 207 2.45207
883 0.89662 0.995585 662 83293 658 32.6896 3.55328 40.7039 28.0442 30.8986 503 159 0.165625
884 0.975096 0.984526 733 75203 0 35.9727 2.19535 47.2704 33.1208 33.3115 522 211 2.46149
885 0.966135 1 669 77047 666 35.5354 2.53621 44.8098 29.832 30.8006 502 167 0.150181
886 0.989796 1 587 53070 585 36.7067 1.0165 38.7137 24.6283 24.8671 392 195 0.10056
887 1 0.617706 498 29578 496 19.5998 17.8118 28.7976 28.7976 17.1271 307 191 0.0556741
888 0.933619 0.995434 635 103384 633 34.8783 1.47396 43.2451 28.53 30.6184 467 168 0.172397
889 0.949782 0.960265 638 88068 633 34.5477 1.72837 40.7743 28.9991 29.4442 458 180 0.152441
890 0.937255 0.98152 671 65735 668 33.5952 2.14179 41.5083 29.7592 31.1374 510 161 0.118996
891 0.966216 0.968397 633 52257 629 36.4144 1.20962 43.313 30.4574 30.3053 444 189 0.100312
892 0.975694 1 782 76693 0 37.6599 1.54479 56.8663 38.0301 39.0184 576 206 2.64508
893 0.897849 0.897849 576 46786 574 31.6331 3.81362 34.5022 22.3105 22.1625 372 204 0.084406
894 0.933735 0.972803 716 74856 714 34.2509 2.10151 42.7563 28.5433 29.8031 498 218 0.160808
895 0.952278 0.948164 679 98372 0 35.399 1.41525 45.8729 30.9888 30.8134 461 218 2.05516
896 0.918095 0.985685 656 79359 0 34.7007 1.5471 45.6758 34.396 37.0554 525 131 1.94072
897 0.967089 0.962217 616 51769 614 36.1305 2.46333 39.1313 25.462 25.4727 395 221 0.094431
898 0.859375 0.930233 702 69090 696 34.0391 2.96269 44.8144 30.3068 32.8115 512 190 0.131642
899 0.958498 0.981781 613 63589 0 32.5388 3.26955 39.7669 31.7603 32.6106 506 107 1.65706
900 0.953917 0.988067 531 41503 529 31.7474 4.69813 34.1696 27.272 28.3276 434 97 0.0755
901 0.948665 1 682 96109 674 35.1348 1.22167 44.6239 27.1653 28.702 487 195 0.157726
902 0.974308 0.942639 670 62112 0 33.8443 3.02941 42.161 32.642 31.6662 506 164 1.9817
903 0.967803 0.894921 739 78588 0 35.3546 2.52879 49.1535 38.5837 36.0663 528 211 2.42442
904 0.997835 0.960417 649 76287 647 29.6411 6.34628 38.8084 29.3292 28.3318 462 187 0.132078
905 0.875 0.987835 621 54774 619 34.6093 2.51201 40.2343 26.3267 29.614 464 157 0.117704
906 0.972678 1 735 58073 0 32.4246 3.79755 46.0071 33.7241 34.5975 549 186 2.33819
907 1 0.987203 724 80431 0 36.4786 1.58939 48.549 36.5595 36.1051 540 184 2.34982
908 0.906977 0.988176 846 108581 0 34.2818 2.26436 53.466 35.4111 39.0512 645 201 3.16572
909 0.922053 0.966135 740 74007 737 34.37 1.84311 45.4222 30.1911 31.5788 526 214 0.131063
910 0.917339 0.99345 668 61074 666 33.0248 2.75335 40.4552 27.8863 30.0072 496 172 0.110626
911 0.977083 0.926877 714 64050 0 34.5848 1.29174 44.8832 30.9824 29.5148 480 234 2.2457
912 0.956217 0.983784 692 53644 0 32.2968 3.44133 45.0907 36.3915 37.7453 571 121 2.07856
913 1 0.951654 591 58314 587 36.237 1.1228 37.9394 25.8478 24.5691 374 217 0.101916
914 0.975143 0.982659 670 73340 0 35.0491 1.30263 42.7053 33.3018 33.6577 523 147 2.01877
915 0.98622 0.969052 640 53072 0 32.8295 2.03447 38.5001 31.3738 31.0128 508 132 1.80073
916 0.920168 0.99095 646 68908 644 32.8433 2.40174 40.044 26.7707 29.0521 476 170 0.120528
917 0.977778 0.89613 656 73893 651 34.4576 1.42818 40.3535 30.1906 27.5509 450 206 0.136933
918 0.965461 1 776 72659 0 34.6474 2.19343 49.6341 38.0183 39.2217 608 168 2.65749
919 0.940217 0.990458 729 84847 0 34.0669 2.6131 47.862 34.2859 36.366 552 177 2.34634
920 0.881743 0.957207 658 93122 654 37.1446 0.656994 45.4512 30.1632 33.3923 482 176 0.179176
921 0.90676 1 568 45490 564 30.5048 4.16159 32.3191 22.061 24.5872 429 139 0.0874284
922 0.933962 0.993976 737 55978 735 30.6779 5.88662 43.8945 28.1733 29.8178 530 207 0.113949
923 0.902256 1 695 79640 0 35.7131 1.50678 47.8095 31.5017 35.1385 532 163 2.23604
924 0.940325 0.966543 742 78421 0 33.4862 2.51494 48.3891 35.2589 36.3321 553 189 2.40504
925 1 0.917505 684 78459 0 34.1417 1.74255 43.46 32.6402 30.0835 456 228 2.06694
926 0.976526 0.974239 578 60968 576 36.2311 2.05895 39.6215 28.9207 28.8636 426 152 0.104411
927 0.963115 0.963115 607 71002 604 33.5201 1.74101 37.4106 30.4219 30.3994 488 119 0.116192
928 0.978041 0.991438 785 76542 0 37.0085 0.866792 53.4315 39.1073 39.6107 592 193 2.72145
929 0.906114 0.997596 616 51253 614 30.3486 6.26657 37.1205 24.7876 27.6878 458 158 0.0988063
930 1 0.391941 274 7127 272 10.254 28.4965 14.2778 14.2778 5.5615 107 167 0.0153136
931 0.983264 0.983264 614 59396 612 32.3391 5.11527 38.1465 29.4285 29.4505 478 136 0.108723
932 0.984615 0.950495 705 63122 0 35.2764 0.965851 47.4396 41.1168 39.73 585 120 2.28527
933 0.94431 0.994898 558 32612 556 29.661 6.22453 34.2104 22.9688 24.1482 413 145 0.0688726
934 0.930736 0.986239 687 71132 685 33.0433 2.07301 43.7654 25.7532 27.4877 462 225 0.130968
935 0.983193 0.997868 636 65492 0 37.0695 0.860747 45.8356 33.4208 33.8961 476 160 1.88976
936 0.958743 0.983871 689 75333 0 35.2189 1.35366 44.3477 31.3346 32.1774 509 180 2.2041
937 0.983452 0.976526 607 77331 603 36.7766 1.11703 41.0986 28.7393 28.5673 423 184 0.136144
938 0.861407 0.992629 634 68864 632 34.8255 1.28452 41.7936 26.5627 30.7711 469 165 0.124035
939 0.969027 0.960526 637 69255 635 34.6364 1.12843 40.7304 28.837 28.5799 452 185 0.125072
940 0.924007 0.972727 767 85545 0 33.7295 1.96291 44.4651 32.7302 34.1915 579 188 2.68037
941 0.970472 0.951737 669 82932 0 37.2064 1.47627 44.9213 35.481 34.9894 508 161 2.11765
942 0.909292 0.938356 598 47980 594 31.3881 5.88384 41.1629 29.8121 31.239 452 146 0.0967904
943 0.938144 0.992727 753 66825 0 33.8624 4.4833 47.5722 34.5803 36.259 582 171 2.59685
944 0.983178 0.990584 693 52226 0 34.3659 1.85833 41.4132 31.7786 32.0001 535 158 2.18105
945 0.92196 0.975048 680 70422 0 34.5729 1.91557 42.5701 32.1526 34.218 551 129 2.13278
946 0.982796 0.97234 619 57922 614 33.4532 5.0042 39.7789 30.5194 30.2259 465 154 0.11109
947 0.991209 0.982571 565 57547 562 35.4486 0.659662 36.9039 30.1474 29.7513 455 110 0.101031
948 0.947242 0.9875 528 43830 524 36.4198 1.50124 35.5357 27.4733 28.5087 417 111 0.0823403
949 0.948998 0.981168 757 102712 0 36.223 1.03484 47.5903 34.1289 35.32 549 208 2.67364
950 0.956627 0.9925 534 43101 532 28.5844 6.92834 31.5301 23.2516 24.1981 415 119 0.0926885
951 0.980769 0.99292 726 64749 0 33.3314 2.51155 44.4859 34.6316 35.1364 572 154 2.4075
952 0.937644 0.973621 644 91967 642 34.4555 2.32053 42.9389 27.4843 28.6439 433 211 0.176863
953 0.935484 0.997976 703 74165 0 34.2953 2.40509 43.3317 30.7612 32.5782 527 176 2.27686
954 0.957643 0.988593 671 51509 0 31.2081 4.02023 39.8153 30.8274 32.0428 543 128 2.01631
955 0.98481 0.9725 520 64664 518 37.0299 1.07303 35.6584 27.912 27.734 395 125 0.103503
956 0.944444 0.977737 737 56497 0 33.1944 3.01521 42.0722 31.0179 32.0154 558 179 2.30353
957 0.960648 0.992823 617 45035 615 25.8281 10.9001 36.0608 24.2806 25.0336 432 185 0.09853
958 0.951477 0.984716 681 72172 673 33.4281 1.94461 44.2673 30.192 31.1383 474 207 0.132725
959 0.991957 0.939086 595 90942 593 38.9698 0.447377 42.1379 27.4995 25.8309 373 222 0.148645
960 0.981308 0.972222 695 75386 0 33.8059 3.77018 46.2821 35.8556 35.4145 535 160 2.23778
961 0.968017 0.917172 622 48223 0 34.0245 2.97048 42.8669 34.2315 32.7889 469 153 1.77672
962 0.911765 0.89755 657 83008 650 35.4552 1.38152 44.8019 30.2064 30.3483 442 215 0.150425
963 0.982792 0.986564 679 88316 0 35.3471 1.30337 47.9808 36.2284 36.4621 523 156 2.1322
964 0.958716 0.974359 610 63824 604 35.0476 1.78573 39.4722 27.722 28.3349 436 174 0.116719
965 0.911661 0.984733 698 104640 0 34.4717 1.73556 43.0673 31.8749 34.0906 566 132 2.27921
966 0.992233 0.996101 609 75482 0 36.1255 0.652792 41.7081 35.7481 35.8379 515 94 1.71768
967 0.979667 0.994371 720 69274 0 32.5001 4.16689 44.4404 33.1573 33.7885 541 179 2.34343
968 0.970803 0.967273 724 109115 0 33.9042 2.45985 45.1815 34.5082 34.68 548 176 2.44043
969 0.969388 0.969388 700 89962 696 32.6416 2.59731 43.125 30.0201 29.904 490 210 0.154694
970 0.935268 0.908894 634 65022 631 33.7582 2.00616 41.2181 29.8287 29.2711 448 186 0.11384
971 0.947939 0.962555 629 66275 623 34.7868 2.542 41.3275 29.7478 30.3629 461 168 0.114811
972 0.960854 0.994475 665 75968 0 34.3308 1.57195 41.8093 33.7997 35.0062 562 103 2.03343
973 0.953488 0.990338 602 39726 600 32.2953 3.52275 36.219 23.0723 24.0497 430 172 0.0802917
974 0.87395 0.974239 642 63563 640 36.0547 1.37268 43.2687 27.5853 31.0079 476 166 0.114462
975 0.920518 0.994012 707 82831 703 33.4469 2.15237 42.648 30.2329 32.5269 541 166 0.148769
976 0.978417 0.990291 607 65066 605 38.6411 0.484205 43.2833 28.0943 28.4014 417 190 0.116251
977 0.994152 0.971429 499 35532 497 26.474 12.9192 33.8409 22.6247 22.1568 342 157 0.0677766
978 0.940774 1 609 65153 605 34.1561 2.59508 41.4327 26.4539 28.0151 439 170 0.11418
979 0.995134 0.978469 581 78155 577 38.0958 0.40454 42.6541 30.4055 29.959 411 170 0.129712
980 0.887352 0.961456 687 81452 0 35.4713 1.47521 45.0982 31.4403 33.72 506 181 2.17502
981 0.989083 0.997797 656 119892 0 36.2748 1.39765 44.9144 30.9998 31.2714 458 198 1.99868
982 0.927083 0.990724 762 108007 0 33.9113 1.78506 47.1193 32.7406 35.0227 576 186 2.66292
983 0.989451 0.963039 655 85468 0 38.6919 0.410556 46.4139 33.223 32.4421 474 181 1.99694
984 0.971047 0.929638 604 66352 602 33.91 1.39338 37.6143 29.4216 28.1143 449 155 0.117456
985 0.990826 0.96861 582 51520 580 29.0502 8.61837 37.5091 27.8442 27.1412 436 146 0.102181
986 0.919588 0.982379 643 67996 641 36.0313 0.863838 40.8018 27.8108 29.4035 485 158 0.138767
987 0.953815 0.965447 667 55484 663 32.7738 2.79428 42.2423 30.0803 30.4332 498 169 0.110424
988 0.937608 0.985428 743 109727 0 33.3505 3.37143 45.9053 34.0548 35.7103 577 166 2.55515
989 0.956204 0.961468 711 60303 0 32.2794 3.58421 41.406 32.206 31.9529 548 163 2.27633
990 0.980998 0.988038 568 63483 566 37.0309 1.18887 38.9924 28.5135 28.5422 421 147 0.113561
991 0.960739 0.922395 627 67049 622 33.6919 2.4278 40.2451 28.6473 27.4621 433 194 0.120026
992 0.881783 0.961945 647 67967 645 32.0252 2.53514 36.6515 27.0583 29.5255 516 131 0.123746
993 0.960159 0.962076 642 72644 0 34.8257 3.18139 43.0049 33.8909 33.9232 502 140 1.90401
994 0.989446 0.976562 506 55176 502 34.4723 1.47125 34.1122 25.4774 25.1728 379 127 0.0963662
995 0.935421 0.969574 602 65885 0 32.8625 2.69444 39.573 31.1544 32.8519 511 91 1.65982
996 0.994792 0.98708 547 46602 545 28.8873 8.21305 35.9913 25.0306 24.8603 384 163 0.0915266
997 0.904348 0.971963 621 83477 610 34.3439 1.26948 39.762 27.8281 29.7569 460 161 0.162829
998 0.985112 1 585 57621 583 37.5293 1.23765 42.3426 28.6559 29.0412 403 182 0.106008
999 0.956098 0.992405 571 51522 569 34.9295 2.35671 37.109 25.4892 26.3946 410 161 0.0948368
