0 0.970339 0.970339 646 73142 0 36.665 0.604547 44.2316 32.556 32.4421 472 174 1.92155
1 0.97166 1 657 58378 0 36.3261 1.48627 44.5703 31.8996 32.8989 494 163 1.90462
2 0.961165 0.932203 694 80101 0 35.1396 1.82745 47.0335 36.3794 35.433 515 179 2.18105
3 0.994094 0.996055 635 46632 627 28.8076 6.54703 37.7005 30.2293 30.279 508 127 0.122531
4 1 0.549505 405 18247 404 20.6295 17.744 25.0538 25.0538 13.1366 222 183 0.0406027
5 0.863139 0.965306 752 82418 0 34.4873 2.69561 48.7322 31.43 34.7832 548 204 2.51148
6 0.976798 0.958998 673 69349 636 35.3756 1.82431 44.1279 27.898 27.3151 431 242 0.283008
7 0.935652 0.978182 797 81299 0 34.9701 1.63192 52.4631 35.8734 37.364 575 222 2.78755
8 0.909774 0.971888 792 56453 0 35.7852 1.90726 48.9992 31.832 34.0066 532 260 2.72499
9 0.759013 0.738007 672 66094 386 31.9808 2.59537 37.6566 30.3026 29.8489 527 145 1.05423
10 0.976695 0.97463 610 98466 0 33.8543 3.01485 40.1668 30.9793 30.5452 472 138 1.73849
11 0.769068 0.714567 619 65539 506 31.8254 3.06546 35.4883 29.8293 27.447 472 147 0.470635
12 0.950758 0.982387 702 78770 0 32.8989 3.78077 45.5116 32.1624 33.7177 528 174 2.18431
13 0.953271 0.982659 770 75638 693 33.4501 2.76319 45.5076 30.4597 31.5013 535 235 0.442137
14 0.785575 0.753271 648 38871 550 29.8254 5.33553 37.8638 30.4833 29.8366 513 135 0.390502
15 0.87796 0.964 718 73353 0 34.6126 1.5494 45.55 31.705 34.6901 549 169 2.27825
16 0.967105 0.986577 615 70387 598 32.753 1.98795 37.2969 26.1646 26.4857 456 159 0.190541
17 0.95 0.979742 723 52536 0 33.394 4.51212 44.7461 33.7533 34.7547 560 163 2.29139
18 0.964286 0.870968 620 71413 581 33.5587 2.1285 36.5776 29.6144 27.0026 448 172 0.257558
19 1 0.976562 569 69350 554 36.6824 1.5213 37.4459 25.519 24.9842 375 194 0.199105
20 0.93988 0.96701 711 86321 628 35.0781 1.15853 46.5359 30.5658 31.441 499 212 0.455662
21 0.959649 0.969858 725 70217 0 32.4428 2.92572 41.1365 32.7381 33.0444 570 155 2.32418
22 0.594747 0.66457 694 71735 539 35.2439 1.18959 42.9589 30.4961 30.9685 533 161 0.661346
23 0.875479 0.993478 692 92740 624 35.2071 1.86446 44.5054 29.6069 33.8696 522 170 0.438445
24 0.920792 0.974843 613 46782 584 28.8911 6.95001 36.2782 27.4066 29.4225 505 108 0.1817
25 0.990315 1 583 53051 578 37.1733 0.961874 41.9265 29.4122 29.6891 413 170 0.119944
26 1 0.628571 421 23227 420 20.2678 19.187 25.7733 25.7733 14.8271 264 157 0.0501603
27 0.967677 0.985597 627 58975 0 33.6187 3.22408 43.8023 32.9389 33.7438 495 132 1.75794
28 0.919776 0.968566 706 77631 668 30.8684 5.75922 42.6366 30.2577 31.8845 536 170 0.307404
29 1 0.478469 419 17539 418 14.7599 24.1798 23.8836 23.8836 10.3263 200 219 0.0408948
30 1 0.995789 644 46085 635 29.6602 6.70278 42.0814 29.833 29.7284 473 171 0.128041
31 0.976344 0.951782 637 77722 597 37.2682 0.882096 42.1892 30.4844 29.7947 465 172 0.282096
32 0.675781 0.73774 642 55811 443 35.1584 1.46139 40.9147 30.2889 32.8348 512 130 0.753357
33 0.535714 0.649485 761 116467 499 33.8861 3.33776 48.4338 29.7015 37.0703 588 173 1.17861
34 0.998016 0.982422 673 56460 0 32.4432 3.69022 41.7245 32.5475 32.0345 504 169 2.00695
35 1 0.767033 456 25065 455 22.655 13.9055 26.1184 26.1184 19.8875 349 107 0.0558121
36 0.987448 0.696165 692 57756 0 34.1964 1.14242 40.7885 39.9237 29.1603 478 214 2.15961
37 0.990805 0.876016 582 66877 560 33.181 1.82156 35.9954 29.5163 26.2928 435 147 0.188861
38 0.972281 0.964059 632 65627 577 35.2515 1.14682 39.5386 29.7641 29.5072 469 163 0.319406
39 0.971264 0.992172 672 85241 0 34.1586 2.20306 43.9482 32.2587 33.0244 522 150 2.03963
40 0.963124 0.986667 580 36420 561 33.525 3.92612 38.6584 28.5933 29.4025 461 119 0.130701
41 0.980392 1 547 43347 541 38.0132 1.07839 39.2152 26.5113 26.9966 408 139 0.105645
42 0.997647 0.887029 649 50585 617 29.2462 9.06037 39.865 29.1115 25.5112 425 224 0.226329
43 0.994307 0.678756 776 75746 0 33.6939 2.71085 47.8364 47.7107 31.727 527 249 2.66298
44 0.991209 0.993392 638 44542 0 34.9223 3.68299 45.2966 31.8944 32.0854 455 183 1.78627
45 0.974359 0.987013 718 65400 0 33.4622 2.38365 44.9454 34.3705 34.809 546 172 2.31117
46 0.991803 0.724551 506 43884 503 22.1009 16.4016 30.8367 30.3948 22.1198 366 140 0.0956139
47 0.964509 0.75122 644 43927 0 31.5143 4.91087 40.1178 38.4344 29.9567 479 165 1.82628
48 0.455 0.565217 811 73012 464 31.5719 4.25294 47.4882 28.3029 36.4993 600 211 1.4696
49 0.943841 1 553 66231 0 25.5929 11.8631 34.8173 32.5859 34.8173 552 1 1.40529
50 0.98731 0.992347 617 78955 584 35.8508 1.50639 42.4012 25.622 25.8745 394 223 0.232834
51 0.651546 0.668076 649 69772 434 34.0375 1.67474 40.9217 30.0039 30.9346 485 164 0.789211
52 0.609544 0.6122 648 94973 386 34.4986 1.87646 41.543 30.1889 29.4862 461 187 0.989299
53 0.877629 0.982869 697 70307 619 33.5955 2.28427 46.395 28.8404 32.016 523 174 0.411302
54 0.912046 0.997908 741 120366 0 36.3065 1.67254 49.0964 31.2428 34.4285 523 218 2.50658
55 0.534413 0.60274 672 112966 389 33.0983 1.64835 43.2099 27.5397 30.2034 494 178 1.11756
56 1 0.925743 584 39403 562 27.9629 8.37578 35.0037 24.6386 22.6984 374 210 0.151162
57 0.981092 0.979036 659 87658 0 37.726 0.592566 47.8928 33.6498 33.5258 476 183 2.02834
58 0.976424 0.963178 673 61971 660 32.3127 2.48854 39.2573 29.6702 29.2857 509 164 0.164879
59 0.967185 0.939597 755 91416 0 34.029 2.46139 47.0872 36.8233 35.5417 579 176 2.54801
60 0.958412 1 743 81317 0 36.2586 1.10363 51.3522 35.0748 36.92 529 214 2.44062
61 0.972458 0.989224 709 61053 679 32.4685 2.61841 41.067 26.404 26.905 472 237 0.231668
62 0.976793 0.980932 681 89082 642 33.3673 2.50577 44.3851 28.9253 29.0732 474 207 0.327359
63 0.917108 0.982987 804 90799 0 34.7768 1.21217 49.1178 33.2415 35.4297 567 237 2.84714
64 0.989437 0.965636 777 71451 0 34.3615 1.86703 51.7678 38.2288 37.2075 568 209 2.64548
65 0.969203 0.998134 744 78778 0 35.8964 1.96522 50.943 35.4003 36.6836 552 192 2.46982
66 0.475329 0.575697 826 114222 537 34.1448 1.97815 49.6459 30.0502 36.2806 608 218 1.37387
67 0.93032 1 724 62123 684 35.9911 1.17217 48.2991 30.4594 32.6845 531 193 0.272526
68 0.997126 0.997126 504 57077 500 37.3122 1.16655 35.3882 24.5265 24.5265 348 156 0.140935
69 0.962121 0.935543 741 71725 0 34.3025 2.29186 47.199 35.0323 33.9709 528 213 2.41019
70 0.948133 0.952083 642 58202 606 35.5551 0.835406 38.8556 29.1923 28.8608 482 160 0.248693
71 0.984881 0.987013 614 54366 593 38.7357 0.358815 43.1378 30.4894 30.5451 463 151 0.173512
72 0.983766 0.58835 522 26810 518 23.3349 12.9175 30.7721 30.2399 18.0137 308 214 0.0685294
73 0.963039 0.943662 645 75658 0 33.4168 1.80325 39.8286 30.7082 30.3985 487 158 1.88398
74 0.997602 0.9163 622 43203 604 34.3346 2.30462 40.3466 29.3304 26.9458 417 205 0.170637
75 0.98338 1 535 42429 530 27.2872 10.3036 33.7849 22.9284 23.3951 361 174 0.100711
76 0.915686 0.993617 706 100972 664 36.1141 1.82023 49.8313 30.2642 33.1321 510 196 0.260944
77 0.907071 0.925773 664 79471 623 33.6214 2.02573 40.2741 28.7144 29.1896 495 169 0.28184
78 0.931818 0.912801 691 49893 654 30.9043 3.53369 39.8921 30.5196 30.1708 528 163 0.230623
79 0.902214 0.997959 704 78709 0 34.5571 1.71609 44.0343 30.7845 33.8813 542 162 2.21179
80 0.95614 0.973214 658 70650 639 35.8517 1.95339 42.2099 27.6574 28.1417 456 202 0.201585
81 1 0.982318 637 66884 0 35.6323 1.83707 41.4218 33.7893 33.1337 500 137 1.80513
82 0.953704 0.982824 694 86875 0 34.7412 1.87454 45.3964 34.8481 35.7627 540 154 2.09553
83 0.985106 0.974737 658 55706 625 35.2326 1.95169 43.3705 30.4532 30.0496 470 188 0.239524
84 0.967532 0.923554 610 42286 562 32.9334 2.07529 36.6132 28.9435 27.6791 462 148 0.234756
85 0.334545 0.481675 749 96927 573 38.5644 0.665 54.003 27.3168 36.7726 550 199 0.829583
86 0.905213 0.868182 663 87759 618 36.9762 0.919178 45.6568 29.8358 28.6529 422 241 0.335002
87 0.962049 0.986381 710 75373 0 35.2695 1.52899 46.7876 32.8918 33.7672 527 183 2.25892
88 0.990138 0.940075 695 78720 646 32.5972 1.92115 39.8695 30.3035 28.7402 507 188 0.329479
89 0.949474 0.943515 672 62811 607 35.2632 1.81473 43.2598 30.4454 29.9471 475 197 0.330575
90 0.938776 0.94403 711 58286 0 31.3629 6.27651 43.6231 33.378 33.5556 539 172 2.23413
91 0.997768 0.988938 576 47197 558 34.2729 1.78871 37.0307 29.2797 29.0407 448 128 0.131787
92 0.979127 0.957328 697 78512 0 35.5155 1.11615 44.4712 35.2319 34.4949 527 170 2.17577
93 0.60514 0.627119 596 70587 419 38.147 0.293974 43.2943 29.2935 30.7212 428 168 0.633268
94 0.909474 0.986301 668 112662 630 37.768 1.02935 47.4094 29.1779 31.7426 475 193 0.314213
95 0.964218 0.967864 743 76152 0 34.9212 1.53502 52.197 36.2867 36.2516 531 212 2.40595
96 0.904936 0.99 671 77268 595 33.2245 1.75547 41.266 30.3483 33.9391 547 124 0.405236
97 0.993007 0.910256 629 54060 0 36.6881 1.44636 43.3084 32.1065 29.0726 429 200 1.74722
98 0.940741 0.986408 626 61761 0 33.7428 2.34338 40.2318 32.9194 34.8365 540 86 1.75601
99 0.978208 0.855932 564 39480 543 33.2553 3.70556 35.2025 29.4026 25.6673 413 151 0.138892
100 0.957965 0.935205 579 68369 535 33.378 1.74127 37.0178 29.5735 29.0262 452 127 0.241597
101 0.98568 0.816206 540 42035 532 26.8457 8.61577 32.3691 30.1322 24.4399 419 121 0.107982
102 0.949782 0.744863 612 43367 0 32.6722 2.90685 36.8635 35.2238 27.4198 458 154 1.64561
103 1 0.995565 632 53364 625 34.1645 3.8064 42.8225 30.5124 30.3781 449 183 0.143356
104 0.575163 0.601367 637 87833 440 35.2924 1.7544 43.1943 29.0592 29.8725 459 178 0.757071
105 0.849524 0.923395 704 55207 651 33.2803 1.39858 40.9433 28.5475 31.1923 525 179 0.295148
106 0.504244 0.66147 742 58486 527 35.7305 2.14696 48.7663 29.3574 37.6668 589 153 0.894453
107 0.498986 0.589928 665 72152 517 37.7176 0.490462 47.0954 29.2116 33.305 493 172 0.614205
108 0.832936 0.911227 586 41727 528 32.5734 2.4785 34.8495 22.8975 24.6742 419 167 0.252279
109 0.883721 0.709677 645 50892 0 33.506 4.07239 41.9863 38.0834 29.0167 473 172 1.86688
110 0.974239 0.861284 650 96668 596 35.1957 2.03745 40.9512 30.096 26.7519 427 223 0.395762
111 0.623742 0.623742 687 77364 476 34.1856 2.50274 41.0563 29.9621 29.776 497 190 0.841314
112 0.990453 0.960648 652 68966 630 36.331 1.93237 45.004 30.5001 29.5275 419 233 0.233281
113 0.94877 0.985106 681 93288 0 35.2344 1.12584 46.1371 31.2658 32.5038 488 193 2.0766
114 0.961165 0.878049 555 73287 535 35.7342 1.05627 35.0958 28.8196 26.0953 412 143 0.188974
115 0.97561 0.948905 757 73079 0 35.696 2.85748 52.5778 38.9124 37.9289 533 224 2.50377
116 0.983051 0.966667 644 53829 636 32.8734 1.98455 40.5557 29.4977 28.9313 472 172 0.132895
117 0.526419 0.609977 690 103132 455 35.2233 1.97445 43.5587 27.7464 32.3765 511 179 0.988545
118 0.92029 1 711 56001 0 33.9646 2.85618 46.8032 32.5513 35.1438 552 159 2.19209
119 0.995604 0.989083 619 62975 437 34.7816 2.0637 41.5945 30.4787 30.158 455 164 0.125413
120 0.993569 0.594231 523 31033 0 22.1346 15.0661 31.8166 31.7159 18.7399 311 212 1.21329
121 0.871028 0.960825 691 80562 640 32.9659 3.6228 44.557 30.0219 32.8535 535 156 0.36308
122 0.962227 0.98374 649 56681 0 33.5799 2.50142 40.8129 30.7985 31.2993 503 146 1.84897
123 0.967462 0.997763 618 64136 596 36.0358 1.81771 42.1071 29.9125 30.955 461 157 0.187323
124 0.964072 1 663 78955 638 36.134 1.30665 44.0851 30.5569 31.5714 501 162 0.262742
125 0.876866 0.93254 686 66991 602 32.4053 3.16558 41.4797 30.5273 33.0332 536 150 0.415655
126 0.98308 0.71995 818 72382 0 36.8268 1.35631 57.0475 56.5432 39.5118 591 227 2.91945
127 0.963203 0.927083 663 51330 610 31.1516 3.64977 38.7062 27.9866 27.312 462 201 0.290014
128 0.994792 0.962217 534 44692 525 38.1264 0.563945 38.1541 28.0886 27.2399 384 150 0.109313
129 0.992606 0.682338 793 100325 0 36.1381 1.6772 52.4803 52.2551 37.5689 541 252 2.81716
130 0.471731 0.595982 748 59396 511 34.6305 1.47743 49.4575 28.2426 37.7996 566 182 0.971
131 0.99 0.995976 702 44406 681 32.7139 3.53018 43.5425 30.4035 30.5573 500 202 0.171475
132 0.977444 0.780781 685 62107 0 33.2781 3.90369 44.2442 43.1919 34.2064 532 153 2.06733
133 0.886228 1 681 77390 633 33.7129 2.33469 44.7051 27.4137 31.5693 501 180 0.333162
134 1 0.755299 520 43810 496 31.4932 2.92832 30.437 30.437 23.049 392 128 0.0908354
135 0.93299 0.99633 768 81679 702 34.5294 1.31371 45.1542 30.568 32.7087 582 186 0.410783
136 0.907021 0.989648 692 66412 660 33.8534 1.86066 41.7968 29.1822 32.0922 527 165 0.242855
137 0.987013 0.802817 585 64849 0 35.8108 1.16253 38.9308 37.6406 30.665 462 123 1.5721
138 0.871074 0.990602 784 116015 0 37.2086 0.777528 51.1811 32.1208 36.5497 605 179 2.75505
139 0.904459 0.955157 719 77551 679 32.2171 2.81784 44.9364 27.3406 29.0853 471 248 0.295663
140 0.923218 1 744 90151 682 34.3014 1.10495 43.5057 29.9883 32.3843 547 197 0.411404
141 0.971947 0.967159 796 76396 0 34.2181 4.01651 53.8559 41.7042 41.5727 606 190 2.78714
142 0.958015 0.95619 631 54969 0 33.1577 2.34331 37.5773 31.3128 31.094 524 107 1.76536
143 0.917323 0.997859 661 97760 619 36.0531 0.942963 42.747 29.5416 32.1016 508 153 0.322561
144 0.711409 0.641129 626 57898 549 31.4106 3.75813 38.445 30.3291 27.3914 447 179 0.374503
145 0.982833 0.952183 650 88873 588 34.424 2.05957 40.9393 29.7035 28.9221 466 184 0.370775
146 0.968889 1 545 61491 536 32.4256 3.71475 35.1919 27.9728 28.9571 450 95 0.142136
147 0.962672 0.966469 645 48082 610 33.1662 3.20684 39.0836 30.3239 30.3996 509 136 0.209333
148 0.977273 0.936634 636 44053 630 28.4075 7.97101 36.5097 28.8105 27.5932 484 152 0.113564
149 0.93722 0.972093 689 103133 658 37.2171 0.79415 48.7458 29.4659 30.7102 446 243 0.326844
150 0.947581 0.991561 655 66753 622 33.8318 1.839 41.4202 29.2911 30.6584 496 159 0.228588
151 0.937729 0.957009 780 78534 0 33.9386 3.28494 50.609 34.3816 35.4054 546 234 2.66838
152 0.981557 0.995842 694 85668 0 39.8376 0.432041 52.9788 33.9274 34.38 488 206 2.16945
153 0.970037 1 739 73145 0 35.753 1.4112 46.5823 31.7346 32.8107 534 205 2.42661
154 1 0.948235 546 70073 532 37.3331 0.895857 37.4221 29.2839 27.8865 403 143 0.173776
155 0.713936 0.650334 567 65156 394 34.3453 1.77445 38.5323 30.5191 27.4749 409 158 0.617738
156 0.98 0.711434 569 52880 0 33.4092 2.64207 36.3801 35.2221 25.9374 400 169 1.45378
157 0.96008 0.995859 692 64523 0 36.0676 2.01938 46.2297 30.7166 31.7355 501 191 2.10608
158 0.916509 0.979716 695 67482 0 35.8722 1.36129 44.9486 31.9146 34.061 527 168 2.17531
159 0.986547 0.982143 644 65542 611 36.1056 1.59525 44.109 30.3411 30.0957 446 198 0.234346
160 0.622129 0.596 682 61483 443 34.9368 1.61361 43.3541 30.4864 31.1826 479 203 0.913942
161 0.965021 0.993644 619 53552 566 33.3744 3.89646 39.6521 30.2767 31.1105 486 133 0.270194
162 0.943182 0.997996 733 74076 0 33.6431 3.15878 43.825 30.5797 32.4309 528 205 2.36918
163 0.972516 0.993521 695 88468 682 34.0125 3.21288 45.7581 30.067 30.877 473 222 0.232324
164 0.898032 0.992095 722 108470 0 34.1123 1.9431 46.458 33.1301 36.3588 559 163 2.35004
165 0.984547 0.995536 596 71007 571 33.8404 2.66005 40.1421 28.1409 28.5834 453 143 0.229904
166 0.500901 0.613687 733 89195 482 34.4042 1.59529 44.6801 27.7489 32.3879 555 178 1.03716
167 0.983755 0.95614 724 65033 0 34.6785 1.70325 45.6486 36.3675 35.0697 554 170 2.2957
168 0.963415 0.993711 656 73264 633 34.6531 1.97088 41.2061 30.2992 31.3726 492 164 0.221195
169 0.755869 0.626459 625 56923 520 31.0985 4.06953 36.9735 30.0515 24.7275 426 199 0.452266
170 0.562141 0.659193 676 97194 412 34.3784 2.12062 43.047 28.5474 31.9605 523 153 1.01392
171 1 0.829317 598 45571 577 27.2531 10.4645 36.8428 29.8524 24.5067 413 185 0.15377
172 0.978892 0.784355 595 41839 579 33.5369 2.34104 35.8598 27.9846 22.1832 379 216 0.132896
173 0.959839 0.979508 732 118217 0 36.822 0.955804 52.0897 33.3921 34.1659 498 234 2.45575
174 0.961039 0.98855 713 63983 0 33.531 1.54941 40.7822 30.8777 31.7061 539 174 2.222
175 0.615702 0.632696 658 42435 494 30.0201 7.52775 41.9725 30.4599 29.6501 484 174 0.604302
176 0.980645 0.995633 639 43093 631 30.5524 4.25378 38.383 26.8016 27.1953 465 174 0.116039
177 0.976654 0.926199 694 57098 0 33.1474 2.53434 42.8439 33.3899 32.1051 514 180 2.12305
178 0.959911 0.951435 594 65468 0 37.996 0.587932 43.9524 32.8637 32.4894 449 145 1.63211
179 0.988889 0.983425 723 74685 0 34.1959 2.1042 45.7662 34.8536 34.6464 540 183 2.28661
180 0.987847 0.993019 675 60693 0 31.1339 6.88243 42.4643 36.2845 36.2804 576 99 2.00938
181 0.675229 0.758763 663 47634 452 33.0073 4.06461 41.8989 30.5508 34.8244 545 118 0.780151
182 0.997647 0.952809 686 62900 667 30.3047 7.92985 43.4788 28.3422 26.8793 425 261 0.192769
183 0.99537 0.968468 610 45165 595 23.3749 14.1471 36.5195 25.4506 24.4958 432 178 0.137706
184 0.959927 0.985047 670 61055 0 34.8775 1.59417 44.8668 36.3219 37.1366 549 121 1.99444
185 0.984509 0.993056 739 113837 0 33.5122 4.16837 45.5767 34.5853 35.0077 581 158 2.52029
186 0.996124 0.958955 728 93547 0 35.8792 1.69343 47.2582 34.8716 33.5457 516 212 2.40143
187 0.971042 1 730 67646 0 34.9287 2.65639 46.9239 32.5451 33.414 518 212 2.3619
188 0.967146 0.975155 631 79665 0 33.9859 1.47269 40.8324 31.1027 31.2468 487 144 1.81068
189 0.54326 0.556701 713 55843 457 34.6161 1.78671 43.8615 30.3386 30.7791 497 216 0.986646
190 0.971275 0.981851 733 87564 0 34.7664 2.28346 49.8685 37.4841 37.9628 557 176 2.40553
191 0.881838 0.946009 642 85470 558 33.5371 2.60485 43.0881 28.2857 30.4966 457 185 0.428201
192 0.95614 0.919831 615 68532 579 32.0204 3.59719 37.2607 28.5845 27.4373 456 159 0.223395
193 0.878613 0.968153 718 104821 0 35.5436 2.08225 48.0748 31.5577 34.2114 519 199 2.35564
194 0.977827 0.944325 594 58073 0 32.0265 4.51659 38.6493 30.5689 29.5089 451 143 1.61829
195 0.946058 0.995633 644 49496 628 28.1101 8.60835 38.8512 26.8844 28.5154 482 162 0.158213
196 0.988399 0.881988 582 63688 541 29.5193 7.39839 35.6243 29.8069 26.5742 431 151 0.242438
197 0.935305 0.982524 735 102480 0 33.1267 2.84044 46.2598 31.3921 32.9161 541 194 2.4496
198 0.949438 0.990234 698 61329 0 33.4999 2.40771 43.3822 30.74 32.1517 534 164 2.16405
199 0.995294 0.963554 550 61425 539 35.7279 1.70324 36.9977 29.299 28.4461 425 125 0.152941
200 0.976534 0.983636 710 71992 0 33.06 4.18608 46.1571 35.9252 36.0837 554 156 2.23825
201 0.597826 0.653465 730 68924 439 32.3214 3.10254 43.6862 30.5068 33.7656 552 178 1.13127
202 0.496764 0.663067 777 73262 606 33.4466 3.10334 47.8782 26.961 37.7822 618 159 0.816096
203 0.970276 0.966173 691 51954 657 33.4296 2.87318 41.0218 27.2372 27.1603 471 220 0.227561
204 0.95106 0.796448 763 87232 0 33.5032 1.75417 47.1794 45.6461 37.4482 613 150 2.56226
205 0.928287 0.937626 659 61012 0 32.6388 4.23013 41.7568 31.9154 32.1837 502 157 1.91327
206 0.81262 0.838264 733 58475 670 33.5638 1.94949 43.4392 29.5201 31.5305 523 210 0.373802
207 0.947273 0.998084 734 99882 0 33.9866 1.76868 46.9628 33.6272 35.3925 550 184 2.41803
208 0.941712 0.977316 703 77005 638 33.1874 2.25441 40.0728 30.504 31.8506 549 154 0.37726
209 0.928429 0.983158 629 62046 594 32.5441 1.62469 39.5367 30.0179 32.004 503 126 0.229682
210 1 0.821121 559 36349 538 24.2514 11.8941 32.0226 26.7219 21.7243 381 178 0.132288
211 0.854911 0.75098 580 34610 507 31.4432 4.11149 33.8154 29.5476 25.6594 448 132 0.298748
212 0.929515 0.97235 642 48045 613 30.2478 4.22264 36.0413 24.8667 25.784 454 188 0.193811
213 0.526627 0.582969 703 76815 585 34.837 1.73466 45.4451 28.3214 30.3238 507 196 0.554681
214 0.582609 0.641762 764 75786 533 33.17 2.64802 44.8603 30.5599 33.8756 575 189 1.01629
215 0.945892 0.921875 676 83162 0 35.1642 1.19219 43.9181 32.8354 32.0706 499 177 2.07926
216 0.962422 0.929435 677 65469 0 35.6032 1.46846 44.5865 33.3803 32.1619 479 198 2.02563
217 0.970356 0.976143 736 91786 0 34.7995 1.88934 46.4258 31.8863 32.2093 506 230 2.42521
218 0.95183 0.993964 749 84359 0 36.6227 1.20344 50.2404 33.2036 34.5481 519 230 2.5045
219 0.973913 0.935282 683 97912 658 35.765 0.985621 43.225 29.7932 28.8568 460 223 0.286564
220 0.961609 0.983178 738 78918 0 33.4629 2.70584 43.7353 32.5418 32.9867 547 191 2.40756
221 0.997807 0.970149 610 60314 593 35.2803 2.22229 40.1642 29.861 28.7934 456 154 0.189251
222 0.982456 0.997773 634 83095 620 36.5595 0.802866 44.3553 30.3982 30.8176 456 178 0.203547
223 0.946984 0.986667 691 49109 620 33.0621 2.67786 40.9704 30.5378 31.8901 547 144 0.342752
224 0.995327 0.940397 609 85422 561 34.9858 2.23069 40.1986 30.1785 28.5608 428 181 0.31247
225 0.976798 0.822266 690 61139 658 28.7309 8.16353 39.9526 30.1678 24.9257 431 259 0.263433
226 0.957143 0.97989 738 87645 0 34.2604 1.56988 46.0965 34.1862 35.045 560 178 2.47316
227 0.576344 0.60771 639 67974 465 34.4576 2.12685 43.2748 28.9436 29.6889 465 174 0.608196
228 1 0.997579 600 46902 592 33.7977 4.18747 39.9212 28.2226 28.1641 412 188 0.119244
229 0.983229 0.971014 646 74940 621 34.5805 1.6017 40.3691 30.282 29.8783 477 169 0.22567
230 0.972277 0.991919 667 65260 615 33.0339 2.28737 40.9766 30.5091 31.2132 505 162 0.325899
231 0.523179 0.589552 625 65209 440 37.6392 1.02417 45.0895 28.2103 32.6091 453 172 0.673425
232 0.961474 0.982877 815 78513 0 33.7801 2.98501 51.131 34.8861 35.6364 597 218 2.91774
233 0.922034 0.996337 686 69612 0 31.0441 5.75441 42.7481 34.5314 37.5687 590 96 2.08479
234 0.945736 0.933078 737 64312 683 31.9339 3.68492 42.3418 29.8556 29.452 516 221 0.330191
235 0.928571 0.919192 634 71298 575 33.2786 2.52097 35.0275 27.7682 27.5059 490 144 0.307671
236 0.980251 0.98556 706 60274 688 32.6585 2.36512 40.324 30.4691 30.478 557 149 0.189427
237 0.978992 0.939516 651 60546 0 30.0506 7.97462 41.9683 32.7328 31.5746 476 175 1.86034
238 0.908602 0.978764 703 64418 0 31.7827 4.80658 43.9249 32.6448 35.4709 558 145 2.19018
239 1 0.942792 582 60007 568 38.2304 0.942759 39.6337 28.5716 27.0766 412 170 0.160467
240 0.54224 0.610619 686 59710 411 32.6311 3.94281 41.9665 26.5793 30.2573 509 177 1.02397
241 0.987654 0.997921 669 69170 660 34.9235 1.51641 43.2458 28.4873 28.8989 486 183 0.172639
242 0.965665 0.947368 638 39169 596 31.8129 4.59259 40.5893 30.328 30.0468 466 172 0.216337
243 0.957055 0.926733 660 55838 0 34.0667 2.38266 43.9523 32.8168 31.6566 489 171 1.9501
244 0.96945 0.987552 618 79627 0 34.0614 2.18842 40.7281 31.7533 32.4078 491 127 1.74891
245 0.876522 0.976744 777 96232 0 34.852 1.59633 47.973 32.6148 35.9291 575 202 2.74324
246 0.953191 0.941176 620 53468 545 32.6688 4.76794 39.2989 30.4849 30.0281 470 150 0.337305
247 0.947162 0.987755 684 107993 632 35.0104 2.14477 43.197 30.5325 31.8067 511 173 0.382867
248 0.899827 0.781109 726 66848 0 35.2428 1.24249 47.5344 43.5059 37.0769 579 147 2.33028
249 0.972015 1 731 89021 0 38.5116 0.350381 51.5228 33.9364 34.8328 536 195 2.42124
250 0.945092 0.940397 812 111395 0 34.7856 1.93006 49.5101 37.5312 37.2255 601 211 2.93627
251 0.956701 0.970711 634 62404 604 32.7631 2.81478 39.0132 29.3846 29.9995 485 149 0.22258
252 0.918561 0.962302 691 52857 645 31.7078 4.7403 41.8908 29.6327 30.8746 528 163 0.280367
253 0.869637 0.979554 748 62687 0 32.3799 4.38355 44.5266 32.143 36.1797 606 142 2.44412
254 1 0.974811 562 76370 539 37.2694 0.931016 39.8061 27.6937 26.963 387 175 0.203419
255 0.978723 0.978723 624 71795 595 31.9673 4.2771 37.5076 27.6021 27.6236 470 154 0.2287
256 0.898148 0.954724 692 70281 639 32.7578 2.384 40.6143 29.6162 32.1432 540 152 0.319444
257 0.960373 0.955916 644 82808 622 35.2268 2.67957 41.4925 27.9755 28.1394 429 215 0.253219
258 0.993166 0.937634 552 42965 527 35.7882 1.57289 36.0277 30.2617 28.5325 439 113 0.151452
259 1 0.347403 309 9376 308 9.53773 30.0486 17.4742 17.4742 5.66354 107 202 0.0225316
260 0.969574 0.971545 658 64674 0 33.2153 2.40283 41.6426 31.3979 31.4739 493 165 1.9226
261 0.976261 0.987988 554 34667 544 23.0315 13.3072 32.1371 18.5992 18.9527 337 217 0.0995243
262 0.964143 1 642 55957 0 37.9367 0.790631 44.7948 30.8996 32.2789 502 140 1.85203
263 0.855688 0.974855 760 85801 634 33.174 3.02565 44.0808 30.3412 34.3253 589 171 0.626264
264 0.524561 0.682648 711 59108 486 31.7782 5.07189 46.2558 28.1933 35.0885 570 141 0.90271
265 0.97891 1 746 82202 0 38.0975 0.55707 53.5212 37.0556 37.774 569 177 2.4793
266 0.934783 0.983368 671 63711 649 33.8385 2.2557 38.7255 28.3368 29.9675 506 165 0.202104
267 0.959847 0.988189 685 63458 671 33.5424 2.77046 41.2902 30.492 31.6753 523 162 0.176098
268 0.940499 0.997963 664 52888 634 34.0116 2.16949 41.3191 30.1024 32.3664 521 143 0.205572
269 0.944972 0.997996 689 79708 0 34.6684 1.13198 43.993 31.1398 32.8419 527 162 2.09903
270 0.945578 0.981176 632 38074 608 30.4141 4.12609 35.5531 23.963 25.1117 441 191 0.15791
271 0.990476 0.99284 599 53755 582 26.0685 11.781 37.8654 26.6057 26.6789 420 179 0.156758
272 0.971698 0.985646 623 85528 600 35.7734 1.2871 40.644 26.7121 27.1874 424 199 0.234331
273 0.922428 0.954625 750 88393 0 33.0894 2.31561 47.6145 36.8901 38.0726 593 157 2.47531
274 0.964151 0.992233 746 73864 0 37.2654 1.0844 52.0534 33.9257 34.8814 530 216 2.46214
275 0.985232 0.974948 687 56673 625 33.9589 3.27933 41.8388 28.9602 28.5902 474 213 0.320898
276 0.635701 0.662239 730 71949 564 32.3422 2.60198 43.5123 30.4859 32.3255 549 181 0.743512
277 0.619137 0.696203 682 69002 443 34.783 1.82292 44.472 30.4261 34.9422 533 149 0.908131
278 0.990971 0.969095 587 83958 552 36.6888 0.496061 40.4293 30.432 29.8884 443 144 0.262311
279 0.995475 1 629 64686 0 36.1695 2.60401 46.7025 31.9667 32.1075 442 187 1.58985
280 0.893428 0.998016 743 65760 0 32.3207 4.71144 45.1171 31.7508 35.0698 563 180 2.41918
281 0.537657 0.606132 646 80453 512 38.3621 0.808628 44.9292 29.048 31.1063 478 168 0.580372
282 0.997442 0.900693 591 42843 567 36.951 1.64937 39.3296 29.0107 26.1961 391 200 0.165879
283 0.977226 0.987448 668 72659 0 38.6377 0.3067 47.7621 34.4568 34.7537 483 185 1.97681
284 0.947368 0.983806 689 58821 649 33.9656 2.37574 44.1704 30.418 31.6462 513 176 0.258355
285 0.955598 0.731167 705 92017 0 36.5638 0.67241 49.4615 47.4844 34.3514 518 187 2.22956
286 0.915547 0.997908 707 86294 0 36.3412 1.29235 48.0719 31.4672 34.6097 521 186 2.2493
287 0.912886 0.984344 683 66013 570 32.7821 2.68808 40.5985 30.2136 32.3486 551 132 0.500108
288 0.992203 0.990272 715 77869 0 37.0929 1.27417 49.4671 34.7284 34.8403 513 202 2.25626
289 0.957055 0.959016 606 54268 566 33.6098 2.10889 37.7402 30.4444 30.1747 489 117 0.233546
290 0.877339 0.944072 683 90005 630 33.5185 1.68667 43.3264 27.1712 29.3984 481 202 0.352734
291 0.868327 0.977956 703 89319 0 33.7148 2.6564 44.4364 30.8332 35.1787 562 141 2.21135
292 1 0.528736 262 7514 261 10.5129 27.3711 13.9268 13.9268 7.12587 138 124 0.0180194
293 0.971888 0.979757 680 60191 649 33.6805 2.18383 43.7551 29.9267 30.2699 498 182 0.228221
294 0.994987 0.997487 578 65505 569 35.7595 2.25177 39.9859 27.6692 27.728 399 179 0.152549
295 0.870813 0.688091 584 60818 515 32.6678 2.58894 33.5242 30.364 24.19 418 166 0.314377
296 0.983395 0.981584 690 68957 0 31.3355 4.46079 42.1068 32.8365 32.8847 542 148 2.10575
297 0.954092 0.957916 651 79313 0 35.87 1.05482 40.6232 30.81 31.1006 501 150 1.90209
298 1 0.667421 443 22699 442 22.4824 14.3145 25.2324 25.2324 16.7844 295 148 0.0558267
299 0.705463 0.607362 619 53506 421 25.5967 13.0947 37.6372 29.5166 26.1895 421 198 0.690702
300 0.992665 0.80396 606 44547 575 28.9229 7.14102 35.3489 28.975 23.7637 409 197 0.184492
301 0.953878 0.99345 635 62475 607 34.0361 2.31539 40.8465 29.261 30.4844 477 158 0.211135
302 0.971698 0.895652 756 49266 0 32.7575 3.37037 44.5549 34.8035 32.3853 530 226 2.43967
303 0.948025 0.90297 726 108248 691 34.2584 1.78705 45.4442 30.4123 28.8057 481 245 0.336706
304 0.529412 0.615789 590 76225 440 37.2067 0.643548 39.1477 25.3463 29.1098 442 148 0.566337
305 0.99345 0.991285 633 87628 613 35.6689 1.7071 41.968 29.7478 29.6721 458 175 0.246766
306 0.962637 0.986486 643 86648 0 37.9091 0.460568 46.5387 30.9464 31.841 455 188 1.89237
307 0.983784 0.903226 550 51856 520 38.3979 0.651362 38.236 27.2218 24.7685 370 180 0.176009
308 0.934489 0.971944 662 64788 561 33.7443 1.94279 39.2325 30.2036 31.1362 519 143 0.464268
309 1 0.723312 460 22632 459 19.5584 18.6128 27.5678 27.5678 19.2895 332 128 0.0508074
310 1 0.328767 293 10518 292 9.76457 29.5061 15.8625 15.8625 4.96514 96 197 0.0239238
311 0.95966 0.957627 638 64690 582 35.1048 2.35099 40.7975 30.1076 29.8049 471 167 0.281267
312 0.510934 0.563596 705 70400 497 37.8364 0.884559 46.3144 29.459 32.7322 503 202 0.854776
313 0.987342 0.934132 603 43564 555 32.6384 2.45416 36.661 30.072 28.5524 474 129 0.23053
314 0.973094 0.96875 658 80370 644 37.9566 0.994389 45.8606 30.5232 30.5394 446 212 0.196479
315 0.954248 0.769772 591 44537 0 34.3134 2.22366 40.8772 39.589 32.0657 459 132 1.54209
316 1 0.963134 570 33896 565 25.6363 10.5801 34.0068 25.8175 24.8028 418 152 0.0858648
317 0.748826 0.647059 608 47176 431 32.2124 2.83594 36.2287 29.7341 23.6523 426 182 0.637146
318 0.958167 0.997925 670 55130 0 33.2962 4.29619 42.1233 30.5663 31.7394 502 168 1.96372
319 0.997442 0.960591 567 62203 554 37.7256 0.405206 37.9453 27.9075 26.8761 391 176 0.167945
320 0.979675 1 632 74812 0 35.6278 1.51013 42.3188 32.6393 33.5476 492 140 1.78968
321 0.945498 0.970803 589 61130 563 34.6909 1.56164 38.4758 27.2521 27.8027 422 167 0.194025
322 0.872979 0.924205 605 74623 571 34.7676 2.18795 40.2948 26.8894 28.0912 433 172 0.247609
323 0.91921 0.986513 692 53877 0 32.638 2.18514 41.8402 31.7836 34.0792 557 135 2.08427
324 0.936416 0.981818 631 51596 594 30.2786 6.05258 37.5002 29.6044 31.2576 519 112 0.218789
325 0.900181 0.984127 717 89110 634 34.6648 1.37445 43.0035 30.362 33.5084 551 166 0.490245
326 0.963947 0.935543 722 52915 0 31.1164 5.05287 46.0462 35.0182 33.9842 527 195 2.26182
327 0.70339 0.661355 643 59491 541 32.7737 2.38774 39.2127 30.5187 27.9673 472 171 0.442527
328 0.936768 0.956938 658 67324 627 33.1864 3.06374 42.2654 24.5681 25.3229 427 231 0.233044
329 0.980507 0.959924 727 71677 0 32.9543 2.65491 43.3531 31.6985 30.9323 513 214 2.32214
330 0.979592 1 660 54404 654 30.8478 7.56758 42.9493 30.08 30.6713 490 170 0.130852
331 0.925788 0.996008 666 61343 0 33.5463 2.14761 40.623 30.7492 33.0404 539 127 1.96875
332 0.971537 0.948148 713 54418 0 31.4806 3.50262 41.2748 31.5723 30.7523 527 186 2.19658
333 0.953704 0.971698 759 94797 0 35.1995 1.41368 49.7085 35.8761 36.4475 540 219 2.56853
334 0.952297 0.960784 752 100459 0 35.1438 1.25372 49.2623 36.2382 36.7025 566 186 2.55338
335 0.995868 0.985685 632 47989 0 33.832 2.81266 40.1899 30.8931 30.4683 484 148 1.73672
336 0.916168 0.980769 642 61346 604 34.5383 2.31129 40.9094 30.2118 32.1809 501 141 0.242044
337 0.955285 0.961145 710 66647 683 33.5035 1.62485 43.3537 28.6401 28.927 492 218 0.229359
338 0.978417 0.971429 589 39497 579 32.4242 5.89644 39.2243 27.9258 27.6467 417 172 0.112333
339 0.972973 0.982456 639 48192 613 32.268 2.84124 37.9115 30.3597 30.7488 518 121 0.180292
340 0.951389 0.919463 601 62010 577 34.6518 5.31094 39.6077 30.2129 29.2728 432 169 0.193365
341 0.997608 0.916484 615 41729 603 29.0603 9.22914 39.5005 29.6056 27.143 418 197 0.123467
342 0.87844 0.709259 598 34425 535 22.7611 14.636 33.6169 30.456 25.0303 436 162 0.256243
343 0.97555 0.896629 578 59278 531 35.5013 1.93692 38.6804 29.6379 27.4749 409 169 0.266462
344 0.920543 0.744514 685 76108 0 34.0648 2.07123 44.5388 41.3229 32.9777 516 169 2.09486
345 0.581933 0.575884 682 84835 345 33.8631 1.45692 42.564 29.9026 28.9919 476 206 1.23191
346 0.953157 0.95122 590 48296 565 31.0616 5.44298 35.6029 30.0145 30.0089 491 99 0.169198
347 0.570093 0.606362 739 63816 537 31.0308 6.01998 47.2254 30.4776 34.1303 535 204 0.854638
348 0.909091 0.997921 680 60067 635 33.6757 2.48702 42.2962 30.0839 33.0166 528 152 0.269015
349 0.639066 0.602 671 70651 448 33.478 2.06941 40.6644 30.2078 26.2346 471 200 0.564375
350 0.977041 0.688849 579 54375 0 36.5778 0.589942 39.0084 37.5152 26.4481 392 187 1.5041
351 0.8608 0.998145 768 77052 729 34.1007 1.85753 45.9499 30.5534 36.2691 625 143 0.276231
352 0.474576 0.542373 662 91982 542 38.6627 0.830356 47.8858 30.1875 31.472 472 190 0.588618
353 0.947761 0.967005 606 78627 584 32.7858 2.7808 37.7504 22.6186 23.1207 402 204 0.216884
354 0.516966 0.578125 694 71839 450 34.862 1.4177 44.7309 29.2925 30.7757 501 193 0.958895
355 0.979866 0.997722 670 105579 659 37.6364 0.832052 49.3065 29.7718 30.2656 447 223 0.237324
356 0.947761 0.895944 720 91453 0 33.1847 1.87208 41.9311 33.2305 31.8225 536 184 2.33326
357 0.930185 0.773038 631 61639 0 32.1876 2.45489 37.2396 34.6749 29.1998 487 144 1.76126
358 0.979245 0.69852 755 71423 0 37.0047 1.9326 55.4763 54.6097 35.932 530 225 2.51982
359 0.995536 1 605 71802 0 38.9575 0.445789 44.6269 31.1405 31.2584 448 157 1.68029
360 0.93617 1 726 73696 0 36.8036 1.22946 49.0818 33.7919 35.7425 564 162 2.31326
361 0.512324 0.592668 769 81504 540 35.4436 2.14705 48.462 30.5819 35.054 568 201 1.00767
362 0.592902 0.662005 625 82198 422 36.9701 0.826022 41.2125 28.7912 32.4651 479 146 0.785623
363 0.993039 0.979405 623 68430 591 34.262 2.09429 39.2929 27.4014 26.9113 431 192 0.231897
364 0.980603 0.957895 613 42989 580 31.8977 3.36792 37.5082 29.7023 28.9226 464 149 0.187329
365 0.903433 0.958998 619 80879 584 34.9904 1.37486 39.0976 27.8785 29.297 466 153 0.270452
366 0.979048 0.966165 693 58542 0 32.4792 4.28085 43.08 32.8065 32.2576 525 168 2.09897
367 0.992844 0.813783 715 95798 0 33.2702 2.19521 42.0998 40.215 33.2945 559 156 2.28432
368 0.89539 0.990196 720 72429 603 32.7205 3.26087 42.8504 30.5678 33.6001 564 156 0.537181
369 0.935361 1 527 31784 469 24.7888 13.8177 32.1849 30.3129 32.1849 526 1 0.224695
370 0.991803 0.945312 512 54423 493 36.9261 1.01733 33.7316 25.4875 24.4184 366 146 0.150953
371 1 0.823699 710 60357 0 33.1267 1.96091 44.4024 43.2899 35.8795 570 140 2.21964
372 0.988889 0.746644 612 59086 0 32.4857 4.03163 39.4007 38.401 28.5933 450 162 1.65872
373 0.975518 0.948718 704 52963 0 33.8908 2.55949 45.2452 34.9787 33.78 531 173 2.14358
374 0.984314 0.988189 679 86037 658 34.0801 2.15499 42.3197 29.9476 30.0455 510 169 0.235248
375 0.915058 0.7584 670 79711 0 35.3289 1.82645 43.3816 40.6374 34.2273 518 152 2.04156
376 0.874763 0.980851 682 105011 0 35.0302 1.872 43.8698 31.0964 34.7173 527 155 2.11118
377 1 0.320346 232 6404 231 9.58969 29.2412 12.1514 12.1514 3.66543 74 158 0.0153121
378 0.976077 0.906667 597 50825 549 32.7648 2.64657 35.8517 25.9215 24.064 418 179 0.240316
379 0.934122 0.973592 743 80947 0 34.7277 2.61916 49.7096 38.2003 39.7688 592 151 2.4328
380 0.982759 0.95 522 54783 507 36.6184 1.09074 37.3632 30.0965 28.9943 406 116 0.139742
381 1 0.658777 508 31713 507 22.1707 14.225 29.8513 29.8513 19.1301 334 174 0.0678333
382 0.888889 0.813008 592 48890 530 32.2401 1.82632 36.1248 30.2168 27.753 450 142 0.27537
383 0.973856 0.951064 655 54653 600 33.4585 2.75891 43.0443 30.4701 29.7148 459 196 0.285127
384 1 0.827645 591 54638 0 34.9885 1.15448 36.6884 36.4921 30.3423 485 106 1.57657
385 0.951076 0.991837 684 88173 0 34.3905 2.57406 46.9395 31.699 33.2342 511 173 2.11464
386 0.975446 1 620 77724 611 37.9961 0.704107 43.6457 29.1988 29.9889 448 172 0.172617
387 0.906643 0.965583 773 100349 0 33.71 2.43116 46.5991 31.3345 33.4744 557 216 2.68313
388 0.556314 0.698073 745 129047 467 34.6561 1.00307 47.4394 28.8682 37.6902 586 159 1.22137
389 0.921507 0.994915 816 85206 0 34.3693 1.95277 47.4798 33.2315 36.2338 637 179 2.9102
390 0.926573 1 751 74671 0 36.2706 2.23961 51.0818 34.2442 36.6578 572 179 2.49132
391 0.598174 0.628297 594 78291 452 35.8506 1.29533 40.0726 27.7902 29.6242 438 156 0.552478
392 0.93595 0.953684 660 93857 625 32.2378 2.9255 40.4282 28.7066 29.3933 484 176 0.3036
393 0.916376 0.998102 693 45374 0 28.7253 7.19914 40.7719 31.1202 33.7824 574 119 2.0772
394 0.933092 0.953789 741 118772 0 34.9967 1.13229 44.4245 32.9116 33.5808 553 188 2.50265
395 0.950096 0.986056 709 85043 680 36.6664 0.430228 46.7076 29.9802 31.1398 521 188 0.271901
396 0.989201 0.982833 635 65135 622 36.9637 0.896891 41.8507 28.4764 28.4758 463 172 0.184278
397 1 0.831349 505 28451 504 26.019 9.01694 28.0563 28.0563 22.8325 419 86 0.0625087
398 0.987864 0.922902 521 36918 490 30.567 5.03835 33.3042 28.2075 26.0964 412 109 0.153373
399 0.934263 0.949393 648 50222 623 32.445 4.38655 39.7701 30.0432 30.613 502 146 0.181993
400 0.976654 0.994059 695 100251 0 35.1512 1.76379 46.8214 34.1362 34.8263 514 181 2.18161
401 0.948718 1 646 92534 0 35.3259 1.59847 41.7289 30.9331 32.6168 507 139 1.89312
402 0.926877 0.979123 662 80286 569 30.7121 6.1932 40.367 30.0054 31.4544 506 156 0.455453
403 0.908451 0.996139 754 76825 0 33.092 3.23082 50.2275 33.4368 36.9592 568 186 2.4842
404 0.902153 0.936992 701 77453 598 33.8169 1.71878 42.668 30.1991 31.2355 511 190 0.521267
405 0.932406 0.938 718 108110 0 36.0888 1.01794 47.2763 32.5031 32.7103 503 215 2.33314
406 0.930018 0.986328 686 72668 0 34.6276 1.86015 43.0549 31.4299 33.0409 543 143 2.08218
407 0.527174 0.60625 747 84775 397 34.5142 1.49125 46.4242 30.0975 33.9564 552 195 1.38952
408 0.938104 0.958498 701 96336 634 32.366 3.84864 42.7549 30.5571 31.0367 517 184 0.433828
409 0.953878 0.995624 627 59356 0 35.3767 1.83284 41.3866 30.842 32.0503 477 150 1.7144
410 0.97557 0.970827 764 80687 0 34.4063 2.35364 47.6522 39.161 39.0425 614 150 2.56715
411 0.940594 0.985477 651 91662 601 33.882 1.55329 40.6177 30.0699 31.497 505 146 0.334572
412 0.958984 0.92467 739 81184 0 34.0765 2.5148 45.534 32.1894 30.7388 512 227 2.40626
413 0.972277 0.991919 667 63603 0 34.8075 2.07652 42.8222 31.2572 31.8035 505 162 1.98282
414 0.510949 0.585774 748 94651 423 34.3257 2.316 47.6915 30.5112 34.5411 548 200 1.33178
415 0.953358 1 706 65831 0 36.5351 1.4879 48.0543 32.7813 34.3621 536 170 2.19559
416 0.961464 0.996008 718 80935 689 34.8657 2.43822 43.9311 30.4688 31.8095 519 199 0.262124
417 0.55902 0.582367 630 78219 480 36.5781 1.96965 45.2201 30.5121 30.5699 449 181 0.607494
418 0.903879 0.985294 771 71153 0 34.4108 2.13417 47.5255 33.6501 36.3233 593 178 2.62346
419 0.941406 0.95069 649 58976 628 32.5467 2.76942 39.2188 30.3711 31.0243 512 137 0.189413
420 0.995763 0.995763 677 51116 666 29.5753 7.20019 39.9422 27.3295 27.3511 472 205 0.142811
421 0.967213 0.988827 738 73123 0 35.3454 1.62851 48.8331 36.1154 37.0181 549 189 2.40182
422 0.937864 0.981707 679 70502 0 35.4761 1.26099 48.0624 33.3655 35.0962 515 164 2.04245
423 0.980044 0.940426 548 46147 512 32.8287 2.96379 34.5568 29.7086 28.5257 451 97 0.204006
424 1 0.948347 612 44081 601 27.8472 9.80093 38.0317 30.3975 28.8033 459 153 0.124004
425 0.936475 0.944215 671 88203 639 35.1408 1.05291 41.8728 30.4421 30.792 488 183 0.278329
426 0.977778 0.979757 680 69010 621 34.0785 1.89761 40.5608 29.371 29.4439 495 185 0.323533
427 0.568233 0.597647 621 89551 443 35.1087 2.34414 44.2668 30.3575 31.7874 447 174 0.696894
428 1 0.289199 288 10200 287 9.86799 30.0406 16.1376 16.1376 4.32583 83 205 0.0233176
429 0.992278 0.998058 659 53810 0 32.0775 4.85414 41.0242 32.6108 32.8158 518 141 1.90647
430 0.945233 0.949084 621 59788 554 32.4714 3.2912 37.9057 29.7057 29.8986 493 128 0.32194
431 0.94898 0.995413 847 98812 0 36.3784 1.55291 53.9997 40.6174 43.0773 686 161 3.13886
432 0.617308 0.593346 741 56258 483 30.3802 6.08603 41.5605 30.5231 30.0041 520 221 1.02692
433 0.978632 0.980728 686 114274 0 35.7031 1.59191 45.1321 30.7317 30.7868 468 218 2.1787
434 1 0.949541 601 53436 587 30.6976 6.84727 38.0295 27.3161 25.9552 414 187 0.1483
435 0.992593 0.85623 631 109181 0 31.9341 5.56689 42.5936 42.1918 36.3713 540 91 1.8483
436 0.559596 0.578288 698 86968 499 34.3122 2.00284 45.712 30.2789 29.9336 495 203 0.828357
437 0.588608 0.560241 696 65626 522 34.2596 1.76823 42.7034 30.5257 28.3345 474 222 0.73322
438 0.946396 0.982726 730 56239 0 33.2956 2.80695 45.1518 31.9332 33.3815 541 189 2.31349
439 0.98022 0.965368 609 57973 0 32.8642 3.87389 42.4485 31.5092 30.9137 455 154 1.64114
440 0.956175 0.979592 699 78387 0 36.7754 1.11804 49.0797 34.1962 35.1188 502 197 2.17906
441 0.596244 0.572072 630 60631 380 35.5252 1.20935 40.4294 28.2712 27.5367 426 204 0.848191
442 0.97032 0.927948 606 76294 551 35.1286 1.97974 40.5642 30.5115 29.3591 438 168 0.328965
443 0.967816 0.715986 603 85123 0 35.8271 0.484409 40.6704 39.5019 28.3312 435 168 1.67397
444 0.927451 0.993697 694 63745 665 37.7662 0.609105 47.2834 30.3434 32.7994 510 184 0.227402
445 0.85968 0.971888 722 91165 643 33.5906 1.47911 42.0246 29.7338 33.2014 563 159 0.473391
446 0.947484 0.93319 596 59281 570 33.6845 1.45062 36.9981 28.5912 28.1827 457 139 0.186639
447 0.973306 0.911538 695 105730 0 33.9093 2.35405 45.3058 33.2799 30.5592 487 208 2.20243
448 0.965293 0.975877 624 85497 603 32.2028 4.38194 40.5998 28.6014 28.9102 461 163 0.231545
449 0.963602 0.971042 714 90947 0 36.2484 0.778955 48.0428 35.0964 35.2933 522 192 2.26717
450 0.905051 0.933333 663 58050 604 32.2074 2.41174 38.7237 27.6153 28.7686 495 168 0.272234
451 0.943983 0.961945 693 76071 606 32.8176 2.50849 39.6594 27.4162 28.0856 482 211 0.440146
452 0.474383 0.586854 709 76882 420 37.4167 1.51002 47.861 29.2708 36.2688 527 182 1.12513
453 0.997658 0.970387 572 50976 547 35.5242 1.47011 38.8148 30.1217 29.3561 427 145 0.171108
454 0.9375 0.969828 651 58075 591 36.0237 0.831492 41.1867 29.2329 30.1949 480 171 0.33431
455 0.987775 0.756554 541 75339 0 35.6347 1.32878 37.0901 36.7075 28.5778 409 132 1.37507
456 0.980176 0.942797 617 50866 586 31.5173 3.39358 38.7577 28.8355 27.6266 454 163 0.196065
457 0.964365 0.984091 661 71586 648 34.8512 2.23247 44.6154 28.6797 29.297 449 212 0.18404
458 0.988426 0.784926 581 42985 538 32.28 2.52443 32.6003 30.4041 23.9391 432 149 0.19993
459 0.899787 0.937778 653 84453 0 36.9415 0.867758 45.026 31.3158 32.5404 469 184 1.92449
460 0.993421 0.976293 610 82290 0 37.8914 0.774805 42.9945 32.9852 32.359 456 154 1.70548
461 1 0.679078 582 65764 0 37.4487 0.623738 40.6356 39.2577 27.5085 383 199 1.53894
462 0.598579 0.671315 729 50614 392 29.4635 6.5518 41.4815 29.228 31.565 563 166 1.25914
463 0.759346 0.71116 565 39840 367 33.5213 2.25204 36.8185 30.2014 27.8506 428 137 0.602595
464 0.943798 0.98583 699 80904 667 33.9044 2.10565 42.403 30.2742 31.4415 516 183 0.297685
465 0.945489 0.99604 715 84252 0 36.8178 1.15144 50.9304 36.4933 38.2894 532 183 2.27935
466 0.564831 0.683871 713 52831 570 33.4693 2.59775 46.0723 30.4374 34.5862 563 150 0.608169
467 0.9279 0.962602 816 73246 0 34.8353 2.29848 50.1092 37.8677 39.493 638 178 2.89388
468 0.985859 1 682 66089 672 33.1537 4.74129 44.2961 29.0059 29.5626 495 187 0.180489
469 0.924843 0.919087 665 85218 0 34.9106 1.56203 42.6765 31.0933 31.3146 479 186 1.98021
470 0.933457 1 726 74124 0 33.5749 3.03966 45.826 31.6389 34.0715 541 185 2.31039
471 0.973577 0.778862 631 40119 0 28.1754 8.73841 37.1874 36.3296 29.5239 492 139 1.75562
472 1 0.652941 511 30375 510 25.6363 10.065 28.9305 28.9305 18.5941 333 178 0.0664405
473 0.905822 0.992495 801 69224 735 33.0792 2.82039 45.9997 29.7382 32.3752 584 217 0.425898
474 0.684211 0.501071 606 43949 388 37.5145 1.49094 39.7881 30.512 23.1393 342 264 0.709283
475 0.928571 0.983193 660 78426 0 32.1654 4.36775 42.7594 30.6271 32.6213 504 156 1.43994
476 0.998051 0.998051 702 93852 0 36.815 1.39718 47.4602 34.6016 34.6255 513 189 2.22815
477 0.988914 0.973799 556 38354 544 26.1702 9.66311 32.1586 26.8931 26.5187 451 105 0.111272
478 0.551985 0.653244 685 102642 393 35.1755 1.23848 44.8051 28.1068 35.2406 529 156 1.13354
479 0.927152 0.731707 608 72105 0 34.0477 2.61032 38.7459 36.6786 28.6436 453 155 1.6004
480 0.972286 0.990588 631 38213 606 29.1158 5.37203 36.5436 24.0559 24.7698 433 198 0.162007
481 0.986667 0.977974 611 42535 593 29.1178 6.31966 35.2898 26.7305 26.357 450 161 0.14177
482 0.973881 0.998088 678 49437 657 31.5906 4.13995 39.7462 30.058 31.0477 536 142 0.1736
483 0.543517 0.62069 757 71781 390 34.6759 1.65557 45.3881 30.5926 33.5592 563 194 1.43158
484 0.917137 0.888686 722 92952 0 34.14 1.17671 43.4662 32.7883 31.6074 531 191 2.34891
485 1 0.454545 287 9717 286 12.0604 27.7225 15.9962 15.9962 7.00489 130 157 0.0222879
486 0.94358 0.715339 718 90254 0 35.1863 1.35298 44.7401 42.5574 32.2944 514 204 2.31905
487 0.976064 0.651865 573 80061 0 37.5915 0.678481 38.6144 37.9514 25.6216 376 197 1.5018
488 0.963636 0.909314 550 29478 528 25.6922 11.1187 34.3595 25.0447 23.5486 385 165 0.122715
489 0.964072 0.983707 711 92134 688 35.1775 1.2239 46.3652 30.3749 30.8434 501 210 0.261378
490 0.53626 0.637188 685 80055 471 36.2808 1.30256 46.6405 30.3419 33.9714 524 161 0.847749
491 0.931818 0.815109 643 69817 560 31.949 2.80384 37.2826 29.6061 25.2577 440 203 0.395026
492 0.759912 0.685885 621 56669 353 31.7241 3.28769 37.1937 30.4534 27.343 454 167 0.895874
493 0.876692 1 851 98032 0 35.8609 2.02052 54.8731 35.3609 40.0811 665 186 3.16424
494 0.950562 0.954853 628 44683 604 32.4054 3.1397 36.5275 25.46 25.6199 445 183 0.166826
495 0.996016 0.956023 672 72321 0 30.2052 7.01759 41.6525 32.4482 31.1057 502 170 1.99462
496 0.60793 0.573805 661 91574 446 34.5311 1.93383 42.1656 30.4333 28.9006 454 207 0.860956
497 1 0.954635 684 50464 637 32.585 2.4496 41.1682 30.0871 28.7904 484 200 0.222897
498 0.958029 0.956284 727 87659 0 35.4075 0.925959 47.2548 35.4902 35.9638 548 179 2.34794
499 0.963964 1 742 78237 0 35.3506 1.30298 50.9449 35.5942 37.0732 555 187 2.44483
500 0.956364 0.983178 734 68931 0 34.0749 1.62761 44.6549 32.7177 33.6459 550 184 2.38388
501 0.95068 0.992895 771 100818 0 35.6382 1.87158 52.198 34.944 36.553 588 183 2.6362
502 0.978417 0.944444 639 60725 620 35.7369 2.07016 43.9003 29.663 28.3126 417 222 0.180657
503 0.988258 0.945693 656 41429 642 28.6874 6.38773 37.2969 30.3536 29.2867 511 145 0.135774
504 0.985447 0.985447 640 58187 627 33.8815 2.83795 39.6646 28.5536 28.5536 481 159 0.177242
505 0.899177 0.666159 706 58835 0 33.3497 2.57066 43.8801 40.589 30.0737 486 220 2.17448
506 0.947699 0.909639 684 79905 0 33.798 3.86675 44.576 32.6285 31.3575 478 206 2.12289
507 0.957565 0.977401 756 77415 0 34.334 1.4497 46.0211 31.6942 32.6252 542 214 2.50484
508 0.503521 0.615054 748 111396 536 35.7297 1.57175 47.4833 29.3708 34.4382 568 180 0.988355
509 0.882353 0.852273 628 68017 569 36.2166 0.980306 41.0015 28.7384 27.6427 425 203 0.311318
510 1 0.547468 317 10463 316 17.0947 21.5641 18.4208 18.4208 10.1413 173 144 0.0246105
511 0.99211 0.984344 706 92653 0 34.9381 2.04676 46.7332 34.279 34.0347 507 199 2.2457
512 0.99117 0.809009 577 50923 545 31.5937 2.85871 31.7006 30.4535 24.6072 453 124 0.171366
513 0.958333 0.985011 658 63309 625 35.3135 1.71917 42.8272 30.5615 31.0605 480 178 0.232102
514 0.934233 0.975352 817 84937 0 35.7033 1.329 54.5699 37.8596 39.6261 593 224 2.89586
515 0.934363 0.768254 671 74072 0 36.2647 1.0568 44.0368 41.7482 33.7986 518 153 2.00275
516 0.965909 0.955056 660 93382 0 33.713 2.7232 43.1632 35.2678 34.9443 528 132 1.97144
517 0.530075 0.60515 732 83734 499 35.0234 2.01108 51.3666 30.3016 37.9748 532 200 0.990157
518 0.973913 0.985915 745 78104 0 31.4792 4.00257 44.8327 34.2193 34.8466 575 170 2.45687
519 0.944798 0.946809 694 76311 608 33.0084 3.0235 43.379 28.8485 29.0145 471 223 0.451665
520 0.966068 0.99384 728 68799 696 34.8207 1.06201 47.2255 30.0806 31.1503 501 227 0.244256
521 0.939891 1 632 40771 0 32.0138 4.32052 38.6237 31.7261 33.6725 549 83 1.73911
522 0.953908 0.97541 668 64728 0 35.9682 0.68248 43.9752 32.1468 32.8188 499 169 1.99462
523 0.762548 0.723443 672 58355 556 31.5911 3.52299 37.2712 30.3721 29.4071 518 154 0.492429
524 0.995495 0.88755 591 42520 581 32.8902 2.7173 35.9006 30.2715 26.827 444 147 0.116027
525 0.95302 0.974828 596 64007 0 37.2311 0.851749 42.79 31.2223 32.2297 447 149 1.6131
526 0.942056 0.933333 726 59482 0 33.6235 2.70382 45.4326 32.9259 32.5995 535 191 2.28312
527 1 0.679039 496 27040 488 22.1923 15.924 32.1409 29.249 18.4321 311 185 0.0765505
528 0.584252 0.740519 775 71290 494 34.0025 1.91696 46.1001 29.4837 38.5535 635 140 1.17241
529 0.991011 0.982183 584 44984 554 33.8507 1.33022 37.0964 28.3569 28.1205 445 139 0.194301
530 0.998043 0.998043 657 92436 0 35.6269 3.14582 46.2037 35.9193 35.8954 511 146 1.98533
531 0.998452 0.823755 794 92684 0 35.4253 1.45575 50.7253 49.8927 40.35 646 148 2.79489
532 0.99763 0.97907 608 48385 588 36.0688 1.17267 40.0719 28.6363 28.1644 422 186 0.181741
533 0.977819 0.996234 665 42088 0 31.877 2.18961 39.0327 30.6799 31.2564 541 124 1.91862
534 0.986486 1 612 46546 599 34.0076 4.20022 42.1025 30.2328 30.6374 444 168 0.133658
535 1 0.549528 425 15549 424 16.352 22.0067 24.6199 24.6199 13.0289 233 192 0.0372323
536 0.908425 0.988048 726 107824 0 34.1456 3.2435 46.8265 31.7385 34.3718 546 180 2.37757
537 0.971154 0.954631 710 94832 0 35.3993 1.35773 45.2676 33.844 33.0609 520 190 2.28787
538 0.981087 0.974178 604 36567 584 31.7864 3.87149 38.0013 26.4802 26.3179 423 181 0.138248
539 0.977642 1 603 39395 587 25.6585 11.0901 35.8231 28.3368 29.1344 492 111 0.129349
540 0.9783 0.962633 695 73761 0 32.4887 3.99472 43.6315 35.9721 35.5364 553 142 2.15202
541 0.976744 0.988235 705 70638 0 36.5704 0.701813 47.7713 33.4644 33.8363 516 189 2.16808
542 0.960298 0.692308 576 89894 0 38.854 0.357879 42.6077 41.4324 27.8997 403 173 1.54765
543 0.922269 0.975556 637 76239 597 33.9219 2.55655 41.5225 29.6761 31.0628 476 161 0.275202
544 0.652381 0.791908 795 101339 490 30.1684 5.96099 45.5784 30.2444 36.7975 630 165 1.36331
545 0.983486 0.990758 711 74964 0 34.4078 2.83107 48.7852 36.8326 37.1548 545 166 2.2324
546 0.941176 0.987654 650 83162 606 33.169 1.93009 41.5616 30.0667 31.8978 510 140 0.29367
547 0.926441 0.952965 717 78301 656 34.3181 2.02987 44.167 29.6582 30.3847 503 214 0.371177
548 0.995134 0.983173 601 45527 587 33.1546 2.76798 38.3415 25.9916 25.6822 411 190 0.134042
549 1 0.738739 782 86955 0 32.0643 5.36188 51.1198 50.8729 35.381 574 208 2.71213
550 0.99422 0.977273 738 80218 0 33.5327 3.48532 45.6223 33.3081 32.5298 519 219 2.42164
551 0.9925 1 540 47588 520 35.663 1.26004 36.4311 26.5133 26.7041 400 140 0.102476
552 0.549645 0.640496 744 99854 473 32.4331 4.42501 47.4133 30.4014 36.3204 564 180 1.15583
553 0.916049 0.953728 544 77364 515 35.0036 1.93427 37.1724 27.0893 27.9149 405 139 0.223882
554 0.995238 0.728223 577 71293 0 36.7234 1.06167 39.4095 39.2469 28.3049 420 157 1.55773
555 0.947896 0.96728 621 44274 583 32.5197 3.24916 36.4454 28.7244 29.5003 499 122 0.209332
556 0.445693 0.528889 748 98960 479 33.3548 2.73845 45.5846 27.1965 31.6251 534 214 1.15958
557 0.940239 1 677 65582 666 28.1774 9.32542 42.6059 29.8246 31.8328 502 175 0.16967
558 0.977778 1 615 62996 601 37.625 0.297425 42.6116 28.3953 29.0079 450 165 0.16784
559 0.957404 0.93837 692 61500 638 32.9849 2.58843 41.8204 30.1712 29.6452 493 199 0.293927
560 0.904332 0.863793 649 48610 0 31.5377 5.99999 42.6364 38.0804 36.3328 554 95 1.88
561 0.89038 0.925581 636 83046 603 37.5616 1.24682 43.2445 29.3903 31.0302 447 189 0.262934
562 0.547486 0.622881 723 93504 463 36.516 1.36696 45.9725 29.7935 34.385 537 186 1.07717
563 0.941392 0.809449 672 62000 0 33.2271 2.36535 40.0642 38.031 32.66 546 126 1.96394
564 0.694656 0.626147 560 73649 394 35.5701 1.57094 37.6832 28.5545 26.6768 393 167 0.610599
565 0.941696 0.958633 727 72405 0 29.2602 6.48327 43.0255 32.5661 33.2974 566 161 2.3322
566 0.650284 0.68254 690 83421 450 31.8959 4.51192 40.2051 28.8565 30.9973 529 161 0.962424
567 0.991247 1 672 81377 0 37.62 1.21297 47.9579 31.8981 32.1553 457 215 2.03641
568 1 0.992718 556 44430 552 34.1643 5.18328 37.3165 27.2381 27.0509 409 147 0.100481
569 0.954212 0.970205 669 62499 0 33.6423 2.65354 41.0508 32.2416 32.8812 546 123 2.00079
570 0.713983 0.696281 641 85658 0 32.3091 4.21117 41.3633 31.5733 30.4062 472 169 1.86419
571 0.977642 0.989712 594 47338 571 32.1276 2.01298 35.4767 28.9059 29.2735 492 102 0.162279
572 0.99345 0.98913 624 65916 0 38.0507 0.518436 44.0272 33.0158 32.8761 458 166 1.71946
573 0.551867 0.577007 678 74991 440 35.5033 1.54027 46.0408 29.9495 32.7808 482 196 0.906269
574 0.980198 0.577821 521 48498 516 24.5587 11.9072 30.6558 30.2886 17.6665 303 218 0.107959
575 0.942085 0.702158 726 79800 0 35.9363 1.85988 48.8957 46.9544 32.5508 518 208 2.35218
576 0.967667 0.891489 634 88676 529 36.2216 1.14353 40.0392 29.6935 27.3282 433 201 0.508253
577 0.961224 0.722393 690 77377 0 37.2845 0.850609 47.8987 45.2382 34.1311 490 200 2.1286
578 0.911197 0.989518 652 88724 581 32.8489 2.43487 40.1796 29.8411 32.2404 518 134 0.396884
579 0.984032 0.997976 631 74412 0 33.1947 1.77144 39.8871 31.2025 31.7344 501 130 1.77534
580 0.909091 0.702341 641 71409 0 34.2674 1.28186 39.138 36.9107 28.2112 462 179 1.87612
581 1 0.333333 310 11608 309 11.4928 28.4267 18.2144 18.2144 5.51767 103 207 0.0263653
582 0.967105 0.770979 588 61820 0 33.002 2.93763 37.3904 36.1879 28.9787 456 132 1.56696
583 0.980583 0.988258 731 76679 0 35.2168 0.755681 46.5113 32.7093 33.0156 515 216 2.37168
584 0.982716 0.992519 574 50806 559 36.9137 1.20848 39.5743 26.6525 26.9137 405 169 0.143727
585 0.993088 0.947253 606 64495 588 33.5101 2.85818 38.5894 28.21 26.8287 434 172 0.181773
586 0.900709 0.911483 640 73943 604 33.3792 3.17365 39.5751 25.236 25.6466 423 217 0.258986
587 0.98783 0.997951 657 58168 0 33.8053 5.06422 43.5828 32.2464 32.7503 493 164 1.94905
588 0.987654 0.97561 614 83439 591 32.7304 2.98825 37.0195 29.6174 29.3129 486 128 0.230358
589 0.971564 0.995146 611 64087 599 35.1348 2.13755 40.416 25.1662 26.0287 422 189 0.162973
590 0.533473 0.562914 683 57824 406 36.5263 2.09623 46.1871 30.1785 30.7015 478 205 1.02733
591 0.584906 0.58125 679 62552 419 34.4602 2.0974 42.7495 30.4109 29.6661 477 202 0.973813
592 0.985612 0.901316 587 46886 551 32.0042 2.01671 35.1916 27.6819 25.2184 417 170 0.19743
593 0.987315 0.976987 595 71448 556 34.1127 1.68471 37.6665 29.7236 29.4828 473 122 0.251167
594 0.945355 0.97191 706 125784 0 34.4545 1.62078 45.3936 34.0141 34.969 549 157 2.3321
595 0.977941 0.801205 587 75194 552 31.2495 4.37387 36.0583 30.4101 25.2213 408 179 0.249926
596 0.515081 0.504545 653 54388 508 37.1958 1.21612 46.3302 30.1934 29.6948 431 222 0.601872
597 0.733463 0.718095 663 54650 409 30.5222 5.17311 38.7555 30.4567 30.2631 514 149 0.915778
598 0.982824 0.788668 669 50634 0 34.7569 1.93481 40.6924 39.8239 31.2344 524 145 1.99973
599 0.978261 0.985401 631 52369 621 27.4742 10.0426 36.4143 23.1748 23.3596 414 217 0.137408
600 0.93499 1 679 66670 0 36.1225 2.5334 48.0575 33.4804 35.4867 523 156 2.06616
601 0.990971 0.954348 621 66190 597 34.2253 2.39209 39.5443 29.6612 28.0992 443 178 0.203551
602 0.853565 0.986637 710 87307 666 33.5903 1.83445 45.5041 27.9531 33.059 519 191 0.317172
603 0.94877 0.997845 655 100064 0 36.1451 1.19909 43.5304 30.6218 32.2401 488 167 1.97585
604 0.983193 0.987342 604 67113 580 32.4202 3.1609 39.2803 29.7477 29.831 476 128 0.187562
605 0.981211 0.993658 633 68167 621 33.1116 2.41433 38.6572 28.8478 29.1582 479 154 0.168621
606 0.958763 0.75 641 57793 0 33.0924 3.54102 39.8793 38.4762 30.6776 485 156 1.82749
607 0.882114 0.906054 670 77339 605 34.2519 1.55998 43.0898 29.2117 30.2876 492 178 0.368445
608 0.983333 0.928322 727 57816 0 32.5772 2.73729 42.72 33.534 31.6529 540 187 2.28786
609 0.985948 0.956818 562 33485 535 27.7897 8.84076 31.7981 24.6385 23.7442 427 135 0.145532
610 0.967213 0.927308 719 115079 0 36.7135 0.959459 49.8628 33.671 32.771 488 231 2.35782
611 0.979362 0.988636 696 71824 0 33.5824 2.11835 40.9003 30.7784 31.0435 533 163 2.10798
612 0.519531 0.573276 711 67094 530 34.301 1.83559 45.8081 29.8596 30.3118 512 199 0.753269
613 0.968992 0.998004 680 74048 644 33.6851 2.08092 42.1952 30.0233 30.8434 516 164 0.284975
614 0.889845 0.990421 706 65468 0 33.5922 1.9643 42.4719 31.7596 35.4326 581 125 2.18195
615 0.997963 0.981964 655 51197 458 30.5911 5.49468 39.9361 29.6398 29.2209 491 164 0.124264
616 0.986425 0.94577 553 30400 541 29.9567 4.55867 31.252 25.8134 24.5696 442 111 0.100387
617 0.987469 0.929245 526 59278 508 36.553 0.618751 35.6086 28.5028 27.2213 399 127 0.153026
618 0.437023 0.5181 738 78585 492 30.92 7.22691 49.4489 29.646 31.6049 524 214 1.04418
619 0.985637 0.764624 727 82219 0 35.0518 1.23496 47.4192 47.0105 35.801 557 170 2.35628
620 1 0.298932 282 10709 281 10.7698 28.8392 15.9261 15.9261 4.23455 84 198 0.023976
621 0.997895 0.995798 677 72326 0 35.9772 1.51896 45.4224 31.3571 31.302 475 202 2.0576
622 0.93133 0.915612 704 73758 641 32.0741 3.90181 43.8949 29.8562 29.0778 466 238 0.325596
623 0.994987 0.886161 605 43160 567 24.6009 13.6457 37.5677 26.7508 23.9084 399 206 0.222001
624 0.990544 0.983568 590 48222 570 32.9 5.9156 38.5828 27.7014 27.5522 423 167 0.155451
625 1 0.511468 437 20064 436 17.1694 21.5479 26.3796 26.3796 12.9835 223 214 0.0453097
626 0.955257 0.946785 625 57512 595 32.759 2.2055 37.4189 25.9815 25.5802 447 178 0.208048
627 0.797357 0.866029 629 65122 562 31.0182 3.68864 38.3699 24.676 26.9052 454 175 0.341127
628 0.868545 0.686456 604 52723 0 32.8582 2.2794 35.8229 31.8497 25.6908 426 178 1.65039
629 1 0.398907 367 16103 366 15.0956 23.7248 22.0353 22.0353 8.18471 146 221 0.0382699
630 0.966957 0.987567 767 106028 0 31.4034 6.66526 48.0733 35.7057 36.3388 575 192 2.66067
631 0.942529 0.964706 629 69212 0 34.3979 1.56391 39.7763 32.207 32.6903 522 107 1.77694
632 1 0.997881 601 56984 0 36.6103 1.2149 41.3059 32.2142 32.1573 471 130 1.65456
633 0.951904 0.987526 658 78166 0 34.9196 1.55192 41.4107 30.6102 31.7476 499 159 1.9427
634 0.97551 0.997912 664 63605 651 36.0073 1.36914 44.4355 29.5732 30.2324 490 174 0.170211
635 0.493697 0.593434 643 74122 457 36.1526 1.26463 41.8989 26.2457 30.4525 476 167 0.742963
636 0.593291 0.65814 625 59224 455 35.8942 1.21688 43.2129 29.8546 29.8951 477 148 0.604911
637 0.888889 0.739726 639 69435 0 33.1213 2.34285 38.168 34.9587 29.1525 486 153 1.85591
638 0.646817 0.65625 657 78033 437 32.8807 2.66758 41.4427 30.1021 29.2964 487 170 0.850511
639 0.629845 0.665984 683 93001 450 35.4296 1.90841 42.9355 30.3093 32.2566 516 167 0.93419
640 0.957031 0.993915 634 65004 0 35.3055 2.64839 42.7423 33.837 35.0007 512 122 1.78349
641 0.980645 0.991304 606 58763 0 32.9099 3.97541 39.7698 30.7654 31.0452 465 141 1.63113
642 0.980519 0.904192 564 28347 551 31.4634 3.98704 33.6919 30.0233 27.7052 462 102 0.0984206
643 0.940239 0.965235 629 61640 598 32.6094 3.22603 38.9759 29.8298 30.7296 502 127 0.217278
644 0.874088 0.937378 694 60167 648 30.9392 4.27182 38.5792 28.8347 30.6023 548 146 0.277416
645 0.947162 0.884826 733 60777 0 35.1747 2.87032 49.0235 36.4154 34.2318 511 222 2.35702
646 0.705155 0.640449 678 55801 565 31.8033 2.69254 38.3097 29.8665 27.6825 485 193 0.474142
647 0.966 0.945205 668 63207 624 33.1505 3.01166 39.782 29.8331 29.4598 500 168 0.287771
648 0.634615 0.698077 730 61745 411 32.6201 3.2005 42.6822 30.4107 34.0347 572 158 1.21566
649 0.997821 0.987069 619 69295 0 37.443 0.70371 41.4495 31.4759 31.192 459 160 1.71918
650 0.958785 0.954644 666 59694 643 33.6656 2.79677 43.5995 30.4897 30.4418 461 205 0.195941
651 0.990177 0.741176 686 68014 0 35.9548 1.67035 44.7711 44.4982 31.2296 509 177 2.10746
652 0.970874 1 689 76057 678 35.2037 2.03926 46.0383 30.396 31.3419 515 174 0.188466
653 0.541096 0.543578 643 91385 493 37.3323 1.24734 43.5649 29.1157 28.3166 438 205 0.649072
654 0.457038 0.554324 749 69877 512 33.897 3.24616 49.6369 29.5799 36.3278 547 202 0.974765
655 0.958904 0.970297 690 67222 664 31.7856 3.46108 38.8242 28.5275 28.9534 511 179 0.244208
656 0.957806 0.993435 674 85481 657 33.4282 3.49442 44.9738 28.2122 29.2043 474 200 0.224965
657 0.816208 0.982578 861 97307 0 36.8441 1.07641 52.5583 36.6595 43.9795 691 170 3.22101
658 0.993697 0.965306 630 56578 0 30.7484 6.43314 39.4559 30.9742 30.0108 476 154 1.77878
659 0.459807 0.621739 797 65128 458 35.8436 1.2757 50.0719 28.7734 39.1943 622 175 1.39348
660 0.977113 0.992844 705 68086 0 33.3631 2.21018 42.5702 32.2732 32.7713 568 137 2.19869
661 0.613879 0.72327 702 70807 457 33.071 3.08106 43.1389 29.0987 34.689 562 140 0.957703
662 0.470588 0.571429 718 84549 481 35.6292 1.23097 47.2228 27.4946 33.8468 527 191 0.968646
663 0.990584 0.900685 712 62237 0 30.3592 6.12569 42.1553 35.2352 32.068 531 181 2.25523
664 0.639313 0.676768 687 64484 422 32.9351 2.58967 42.4836 30.3944 32.7893 524 163 1.00509
665 0.938069 0.984704 718 78023 641 32.6024 2.5459 41.503 30.4146 31.7784 549 169 0.423657
666 0.958763 0.775 621 53791 0 33.049 2.74932 36.6852 35.4872 28.5318 485 136 1.72991
667 0.944762 0.976378 716 58247 0 29.6755 7.79475 46.6209 32.3146 33.1262 525 191 2.2245
668 0.988701 0.923483 521 58801 505 38.463 0.382144 38.4082 28.0583 26.3299 354 167 0.154712
669 1 0.774146 681 93581 0 37.6811 1.12354 47.3355 46.4987 34.7503 521 160 2.08025
670 0.961066 1 665 62817 648 37.1033 1.197 45.3663 30.2658 31.4194 488 177 0.1957
671 0.955056 0.915948 655 58852 636 34.1233 2.29232 42.9651 29.1832 27.8904 445 210 0.179782
672 0.989051 1 696 57762 0 33.1709 3.30484 41.5554 32.1985 32.4893 548 148 2.13451
673 0.886282 1 717 73305 669 36.4235 1.18251 49.6759 30.5619 35.5476 554 163 0.318857
674 0.904673 0.985743 726 103879 0 33.7755 2.22884 45.8135 31.0441 33.8474 535 191 2.37635
675 0.95842 0.970526 546 33005 515 27.3752 9.34638 33.782 29.2942 29.5399 481 65 0.152279
676 1 0.968254 583 50745 561 36.0109 1.3642 37.0648 27.376 26.5682 427 156 0.163821
677 0.898214 1 561 62147 484 26.1549 11.3665 33.8969 30.1244 33.8969 560 1 0.327159
678 0.94831 0.931641 670 64605 0 29.4282 7.39552 42.5078 32.5481 31.7928 503 167 2.0058
679 0.981818 0.733032 673 52729 0 33.6426 1.92324 41.1146 40.4703 29.2085 495 178 2.00284
680 0.98364 0.977642 691 66170 674 28.1031 10.5818 42.4675 30.4723 30.2937 489 202 0.209818
681 0.98081 0.991379 593 62297 562 34.0042 1.93647 37.4459 28.7885 29.229 469 124 0.21403
682 0.942755 0.929453 705 83200 0 33.926 2.19486 44.5486 36.482 35.9106 559 146 2.24313
683 0.973485 0.990366 678 54574 0 33.9048 2.86998 45.3094 34.574 35.211 528 150 2.02393
684 0.409091 0.51963 759 70702 617 35.5825 2.65963 53.4032 29.1202 35.7533 550 209 0.69005
685 0.445887 0.542105 638 63212 447 35.8843 1.25429 42.5736 24.6401 29.9625 462 176 0.702072
686 0.860279 0.926882 733 113975 671 35.6613 0.64396 47.1798 28.5158 30.7016 501 232 0.452302
687 0.968442 0.995943 665 46052 0 36.4074 1.35404 45.1512 33.4238 34.4367 507 158 1.91524
688 0.982726 0.992248 711 83301 0 35.5568 1.10326 45.4861 32.9018 33.188 521 190 2.30228
689 0.995402 0.981859 626 80311 607 37.4374 0.788362 42.1443 29.3533 28.976 435 191 0.213304
690 0.912892 1 704 62229 0 32.4208 2.75333 41.1122 31.1876 33.921 574 130 2.17468
691 0.622093 0.63189 706 66117 488 30.0043 5.76902 41.7391 30.5393 28.9491 516 190 0.88993
692 0.696833 0.639004 617 74952 461 34.0777 2.77622 39.1732 30.5177 27.5715 442 175 0.599696
693 0.977477 0.977477 600 73993 578 37.2936 1.16362 41.4777 29.7914 29.9616 444 156 0.181501
694 0.930147 0.988281 711 48544 687 30.8935 5.04132 40.6362 29.4068 31.7727 544 167 0.20091
695 0.960133 0.988034 817 83545 0 32.5102 2.64381 49.8789 35.7427 36.7559 602 215 2.90673
696 0.988839 0.993274 614 47182 594 34.3208 1.87367 39.7386 28.106 28.2533 448 166 0.155947
697 0.932099 0.959746 635 49919 621 33.8795 2.72293 40.8712 29.7071 30.9018 486 149 0.145511
698 0.99536 0.94702 618 39484 610 29.8702 6.14859 37.934 27.606 26.2274 431 187 0.107518
699 0.981855 0.977912 650 56475 0 34.8073 0.580356 41.6769 32.0215 31.869 496 154 1.87467
700 0.446581 0.514778 666 63299 472 31.7043 5.65026 44.3393 27.4432 28.289 468 198 0.749551
701 0.930728 0.996198 733 71185 0 33.7606 1.89212 45.0635 31.7514 34.255 563 170 2.34838
702 0.963462 0.994048 677 77487 663 33.3504 2.01582 41.7147 30.4569 31.4969 520 157 0.206415
703 0.996078 0.998035 742 81254 0 36.996 1.37156 49.6101 34.2396 34.2946 510 232 2.43795
704 0.54898 0.589912 678 50750 450 34.6423 1.53641 43.4534 29.2143 30.3938 490 188 0.852624
705 0.987624 0.995012 509 49556 403 28.4792 7.92133 31.9596 24.7633 25.0159 404 105 0.0964628
706 0.93609 0.957692 713 78402 0 33.2692 2.77586 47.0822 34.9222 35.5314 532 181 2.25012
707 0.617647 0.667373 676 65392 451 33.506 4.06983 44.6809 30.5356 34.0336 510 166 0.83615
708 0.911488 0.977778 713 87938 0 34.1196 3.28341 45.9011 31.9514 34.2502 531 182 2.28304
709 0.99031 0.919065 563 60728 0 27.5113 9.97667 36.5616 36.1685 33.6457 516 47 1.4424
710 0.935407 0.9775 573 32174 543 31.377 2.934 32.8369 23.0226 24.1002 418 155 0.152528
711 0.984071 1 736 47209 0 31.6495 6.85692 50.3129 34.9158 35.3952 565 171 2.34772
712 0.936283 0.97963 722 65548 661 32.6184 3.29445 41.1247 30.4691 32.3141 565 157 0.386752
713 0.981707 0.979716 678 125988 0 37.4046 0.722313 47.2229 33.7732 33.717 492 186 2.14507
714 0.937075 0.935484 750 88144 0 32.6933 3.5351 46.5633 37.0001 36.1923 588 162 2.49251
715 0.952756 0.966068 676 92939 627 33.3086 2.18224 42.236 29.7197 30.3263 508 168 0.360342
716 0.990588 0.963387 572 48026 563 32.855 2.96552 35.7566 27.2334 26.4047 425 147 0.123882
717 0.997525 0.997525 531 62289 511 35.5597 1.60988 36.2709 27.6295 27.6295 404 127 0.166115
718 0.974537 0.842 636 79223 0 38.1879 0.592072 45.0988 35.264 30.8282 432 204 1.8745
719 0.694323 0.650307 634 47336 388 31.5068 2.96146 38.9951 30.4127 27.3957 458 176 0.852836
720 0.986239 0.907173 661 69299 0 36.3618 1.3623 48.0584 34.0883 31.2206 436 225 1.96835
721 0.557325 0.72314 764 123486 504 35.3911 0.904577 47.944 30.3268 39.5367 628 136 1.19629
722 0.973742 0.995526 597 69650 0 36.4621 1.01262 42.2305 31.8948 32.5538 457 140 1.62152
723 0.968288 0.972399 627 72247 593 34.1863 2.01435 41.4677 30.3676 30.4758 473 154 0.202807
724 0.615385 0.654397 695 116192 388 32.0875 4.03967 42.0242 28.8946 31.0155 520 175 1.22593
725 0.587387 0.634241 745 73179 541 34.8437 1.57288 43.9765 30.5547 32.3477 555 190 0.892336
726 0.905109 0.911765 606 48227 576 28.2349 7.09577 37.277 23.023 23.3688 411 195 0.186155
727 0.984581 1 615 52452 603 33.0745 5.79076 43.2575 28.7239 29.277 454 161 0.141288
728 0.987611 0.980668 754 90200 0 35.2247 1.35548 47.4425 35.5566 35.1501 565 189 2.50458
729 0.786111 0.609914 547 62762 455 34.0159 2.4389 35.3385 30.3115 23.0506 360 187 0.368468
730 0.99734 1 567 37254 562 28.4492 10.2221 37.3285 24.7448 24.8019 376 191 0.0915606
731 0.975258 0.947896 694 76969 0 35.0203 2.20019 44.5444 32.1442 31.5082 485 209 2.17928
732 0.617336 0.597137 673 86059 502 32.2475 3.70718 41.3885 30.3223 29.591 473 200 0.712578
733 0.972167 0.989879 603 82778 0 35.42 2.00126 40.6721 32.5927 33.3426 503 100 1.68923
734 0.955508 0.978308 631 50343 616 31.5374 4.03895 36.5958 26.74 27.5117 472 159 0.148878
735 0.970199 0.978297 774 94448 0 34.8758 1.55447 49.1621 38.29 38.7 604 170 2.65833
736 0.973025 0.976789 697 61523 0 35.0243 1.84216 44.7372 33.2416 33.5397 519 178 2.14221
737 0.952267 0.736162 565 42281 0 35.4728 1.25448 36.971 35.4041 27.3105 419 146 1.42288
738 0.573593 0.59417 644 61945 342 32.7438 2.8776 40.8319 28.0749 29.5823 462 182 1.03593
739 0.980132 0.976898 772 89789 0 34.5586 1.85138 48.0039 37.5588 37.2167 604 168 2.64109
740 1 0.592593 496 27189 491 21.4706 16.0677 31.0906 30.3875 17.5395 288 208 0.069572
741 0.955375 0.983299 717 129573 0 36.9838 0.824098 48.8673 31.9496 32.7251 493 224 2.38877
742 0.722944 0.666667 634 45143 545 31.0062 5.13506 38.1647 30.0942 28.0146 462 172 0.365113
743 0.894481 0.992793 727 83459 0 33.1015 1.47086 42.2409 32.5448 36.5669 616 111 2.35479
744 0.970037 0.992337 710 78588 0 34.5527 1.89828 46.3694 34.0835 34.7698 534 176 2.26218
745 0.896497 0.992945 812 74060 0 31.3201 6.49087 49.4069 32.4115 35.7537 628 184 2.84583
746 0.964706 0.917226 660 61944 631 34.0045 1.8398 38.9964 26.3648 24.9122 425 235 0.217657
747 0.902893 0.92389 610 46297 576 32.2971 3.72379 38.4576 29.4828 30.3752 484 126 0.195828
748 0.94721 0.985871 869 169194 0 36.9976 1.07877 59.7977 42.8247 44.5902 663 206 3.44817
749 0.959259 0.984791 668 54497 0 30.8285 5.36839 41.2276 32.7909 33.5257 540 128 1.9621
750 0.923858 0.994536 811 116611 0 35.7127 2.19002 56.4096 35.2113 38.0364 591 220 2.89089
751 0.977117 0.946785 625 45478 596 29.8674 5.07214 36.1883 26.3464 25.2229 437 188 0.182125
752 0.9375 0.946197 681 89722 0 33.3894 1.70215 45.8603 35.5528 36.193 544 137 2.07925
753 0.995227 0.983491 541 52090 527 36.8542 0.679734 36.5156 28.8124 28.5201 419 122 0.138737
754 0.98289 0.973635 702 100762 0 35.3877 1.51604 45.1311 34.5179 34.2275 526 176 2.24841
755 0.98441 0.991031 664 83653 654 36.4332 1.0198 46.28 29.7342 29.9032 449 215 0.189864
756 0.96837 0.997494 594 44074 576 33.6184 3.37107 39.2727 23.5465 24.4014 411 183 0.14215
757 0.963964 0.961798 578 59719 558 36.0075 1.07729 39.0177 30.0812 30.0244 444 134 0.175901
758 0.966736 0.991471 600 48751 0 35.9645 1.47519 40.9053 32.1569 32.9057 481 119 1.60154
759 0.958333 0.975062 581 62758 550 32.907 2.21162 35.3992 23.5403 24.0478 408 173 0.209787
760 0.993521 0.993521 617 46568 608 30.7017 5.58097 38.7322 27.4755 27.4545 463 154 0.122505
761 0.98434 0.948276 586 48065 558 31.5365 2.29109 36.9391 29.3941 28.2179 447 139 0.176284
762 0.971857 0.986667 740 59878 0 34.4205 3.05414 49.6758 33.7633 34.4306 533 207 2.38638
763 0.968085 1 543 34966 534 28.0727 8.35845 33.733 20.6993 21.3783 376 167 0.0967056
764 0.962451 0.974 663 63913 605 34.7163 1.85552 40.5299 30.1625 30.5338 506 157 0.329713
765 0.732258 0.792321 743 110756 0 33.6692 2.14017 50.3281 38.9267 41.6913 620 123 2.49733
766 0.95572 0.984791 724 65626 0 36.4268 1.48172 47.028 33.6435 34.6995 542 182 2.29054
767 1 0.635535 440 19478 439 19.1114 17.7237 24.8756 24.8756 15.6357 279 161 0.0475669
768 0.929545 0.971496 574 74797 532 30.9294 2.57851 36.3541 26.699 27.7976 440 134 0.28199
769 0.929982 0.994242 727 52900 0 32.1855 3.89646 44.3661 31.7663 34.1379 557 170 2.29026
770 0.962578 1 607 52565 547 33.4837 2.44085 40.702 30.524 31.6054 481 126 0.286188
771 0.937799 0.734082 576 76384 0 35.6658 1.74886 36.9925 34.3329 27.4509 418 158 1.5234
772 0.986275 0.988212 669 76899 0 34.6623 1.50918 44.1856 33.6949 33.9157 510 159 2.01713
773 1 0.738386 410 26344 409 19.0166 18.7315 23.2832 23.2832 16.9796 302 108 0.0567577
774 0.99006 0.986139 715 90172 0 36.64 1.10179 48.9944 33.4058 33.2732 503 212 2.2766
775 0.994024 0.968932 681 67362 0 30.2065 6.81768 43.8534 32.5135 31.7879 502 179 2.05344
776 0.883227 0.684211 671 73729 0 33.4041 2.12867 42.7529 38.8163 30.5029 471 200 2.03358
777 0.90991 0.951036 665 68307 0 34.8221 1.52777 43.04 34.882 36.0255 555 110 1.95701
778 0.548246 0.520833 713 85153 460 34.4444 1.65173 43.6568 28.6491 28.2925 456 257 1.03089
779 0.96008 1 621 57529 562 33.0293 3.54785 38.9737 30.5174 31.6878 501 120 0.292035
780 0.984526 0.973231 697 67700 665 33.2378 2.70318 41.6506 30.4881 30.2687 517 180 0.246604
781 0.966443 0.945295 577 52941 545 35.4156 1.14095 36.9974 29.7912 29.2554 447 130 0.196116
782 0.918969 0.990079 716 69627 0 32.0422 4.52397 44.7797 31.8932 33.8716 543 173 2.23435
783 0.982796 0.978587 593 46124 0 35.4306 1.76147 39.4714 30.8876 30.7978 465 128 1.54946
784 0.466667 0.526096 772 89350 452 34.0651 1.96383 49.3714 29.9519 33.4583 540 232 1.3418
785 0.988528 0.969981 683 85108 0 37.473 0.260332 45.0799 35.5539 34.8161 523 160 2.0977
786 0.969432 0.991071 659 67600 627 36.5324 1.91232 44.6847 30.3317 30.9399 458 201 0.237034
787 0.971223 0.978261 559 34647 517 32.8145 3.15684 35.7928 25.9539 26.136 417 142 0.204003
788 0.922078 0.858871 612 52767 568 32.0953 2.56868 37.5466 30.2122 27.4378 462 150 0.208022
789 0.985037 0.951807 519 48672 493 35.2653 2.18836 34.5422 27.3894 26.6186 401 118 0.161003
790 0.952118 0.984762 678 81922 0 33.9248 1.98425 42.6717 32.575 33.9879 543 135 2.07479
791 0.957303 0.940397 620 93403 589 34.6073 1.76617 42.1401 30.5254 30.0585 445 175 0.275077
792 0.986871 1 689 62124 669 34.5321 2.14011 42.7083 26.6708 26.9962 457 232 0.193579
793 1 0.628788 397 16266 396 20.5642 18.1765 23.0287 23.0287 14.2929 249 148 0.0371172
794 0.991896 1 856 99905 0 36.8957 1.99275 57.2097 39.7851 40.0368 617 239 3.2436
795 0.988208 0.981265 649 46383 606 34.3242 2.34369 40.227 26.3505 26.1524 424 225 0.234926
796 0.962547 1 728 84804 691 35.4557 1.61387 47.662 30.5991 31.7719 534 194 0.299627
797 0.902574 0.991919 773 94174 752 33.2815 2.56748 45.8445 28.7477 32.0189 544 229 0.267598
798 0.95186 0.949782 628 58477 574 33.8023 1.62902 38.0294 28.2024 27.7105 457 171 0.301135
799 0.926063 1 686 70292 635 33.2928 3.51014 42.8424 30.3768 32.9071 541 145 0.314873
800 0.977011 0.986733 779 76701 0 34.2472 1.82602 46.9444 34.844 35.2006 609 170 2.65409
801 0.994624 0.772443 513 33731 500 24.9403 12.0299 31.3582 29.3217 21.8517 372 141 0.101742
802 0.597194 0.580897 716 74554 478 33.2841 2.76964 42.2933 30.4555 29.9691 499 217 0.972585
803 0.955375 0.927165 664 83950 638 33.0223 4.21603 41.5527 28.9534 28.2115 493 171 0.249999
804 0.994652 0.991119 707 81224 0 35.6104 1.22276 45.9835 36.9981 36.8661 561 146 2.24008
805 0.994709 0.670232 570 42808 0 25.5474 12.3637 36.5237 36.1127 23.0044 378 192 1.44768
806 0.952484 0.964989 596 76387 530 36.3836 1.33879 39.4691 30.2872 30.9909 463 133 0.336359
807 0.948617 0.963855 723 83950 692 33.6941 2.6151 42.131 29.2224 29.7552 506 217 0.297477
808 0.933437 0.783117 817 98454 0 34.7488 2.81952 54.501 51.5459 41.7296 646 171 2.9433
809 0.969697 0.973631 621 52325 570 32.8935 1.60339 38.4833 30.0402 30.3984 495 126 0.259221
810 0.97619 0.990338 619 87052 601 36.6593 1.39255 42.7469 28.8002 29.1726 420 199 0.221532
811 0.968811 0.997992 674 77351 0 34.9151 0.684289 43.9836 30.9678 31.8393 513 161 2.03018
812 0.921533 0.971154 697 56353 0 33.2697 1.59476 43.536 32.0999 33.5357 548 149 2.124
813 1 0.484615 391 14922 390 14.9463 23.7633 21.6998 21.6998 10.2134 189 202 0.0347737
814 0.594017 0.613687 644 64787 387 33.9809 1.9628 39.4208 27.5362 28.1486 468 176 0.901287
815 0.965831 0.868852 650 56296 0 36.4108 1.44869 41.913 31.9729 28.8572 439 211 1.85145
816 0.947566 0.92844 700 93937 0 36.179 0.610363 45.7993 36.359 35.737 534 166 2.19093
817 0.925781 0.971311 668 71884 618 33.2763 2.58328 40.2943 29.8491 31.2394 512 156 0.327292
818 1 0.835514 542 36162 540 27.8001 7.40582 31.1457 30.4216 25.5111 447 95 0.0828737
819 0.995465 0.997727 644 97502 0 39.7803 0.271995 48.6346 31.0187 31.078 441 203 1.91576
820 0.919847 0.985685 723 76622 0 37.0114 0.960837 46.9271 31.6988 33.9023 524 199 2.3206
821 1 0.762357 527 41785 526 22.2369 16.3003 29.5141 29.5141 22.7597 401 126 0.0866609
822 0.648241 0.564551 598 35262 429 26.7986 12.072 39.2189 28.7877 24.0796 398 200 0.591566
823 0.852159 0.944751 736 76165 0 32.7517 3.74371 44.4344 32.4373 36.6327 602 134 2.38408
824 0.947573 0.989858 644 51421 0 34.2433 2.83986 40.8084 31.6864 32.8242 515 129 1.8139
825 0.985437 0.971292 559 47933 545 37.4059 0.971469 37.623 28.7293 28.112 412 147 0.135252
826 0.978947 0.994652 537 39199 529 27.6834 9.91582 35.6192 22.0168 22.3636 380 157 0.10063
827 0.95338 0.987923 606 44489 590 30.7509 4.41658 36.4155 24.5229 25.4786 429 177 0.138429
828 0.994194 0.978571 857 114339 0 33.9359 3.13418 54.4407 44.9043 44.3557 689 168 3.27449
829 0.993135 0.955947 623 52003 600 36.0254 1.58056 41.6454 30.0613 28.7527 437 186 0.175245
830 0.961735 0.641156 619 78582 0 37.8888 0.700077 41.8989 39.7427 25.8964 392 227 1.76804
831 0.944444 0.97541 713 71291 673 33.6441 1.60448 43.9694 30.3768 31.3029 504 209 0.290869
832 0.937276 0.961397 740 65876 0 31.1457 5.20819 44.8713 32.7018 33.8392 558 182 2.42287
833 0.614625 0.617063 706 68451 563 33.8446 2.31147 42.2954 30.5267 28.7628 506 200 0.647482
834 0.959364 0.969643 756 75140 0 32.9936 3.49936 42.6807 31.8646 32.346 566 190 2.54367
835 0.974093 0.99823 763 82158 0 35.6557 2.31931 50.3604 37.7339 38.4757 579 184 2.55687
836 0.965844 0.94085 713 73189 0 33.7183 2.64574 41.6085 32.1454 31.6309 527 186 2.25876
837 0.940083 0.799649 606 55870 0 34.8048 0.853176 40.3286 38.0273 31.4725 484 122 1.63113
838 0.475472 0.527197 765 99597 391 35.4756 1.66675 49.6287 30.4722 35.1953 530 235 1.53646
839 0.986726 0.957082 592 57478 0 34.3706 1.72449 38.9644 30.627 29.7266 452 140 1.54643
840 1 0.997361 511 37899 509 35.3943 2.59195 34.6986 25.9957 25.9957 378 133 0.0817635
841 0.969388 0.976864 600 63568 587 34.8304 1.67451 37.6993 25.1362 25.3373 392 208 0.163951
842 1 0.743243 541 27279 536 24.2411 13.3418 31.877 30.2942 22.4014 385 156 0.0734701
843 0.945525 0.993865 722 76771 696 36.1072 1.20091 47.0652 29.8585 31.2445 514 208 0.247817
844 0.927869 0.979239 774 120240 0 33.9372 2.18226 45.3853 34.3187 36.6026 610 164 2.7012
845 0.960552 0.972056 727 67885 0 34.9449 2.17647 46.6125 33.1418 33.1367 507 220 2.32471
846 0.962151 0.993827 644 59010 0 35.5605 2.05784 43.9592 32.2972 33.689 502 142 1.82401
847 0.942755 0.988743 721 62788 0 33.4171 2.10845 44.452 32.7284 34.4743 559 162 2.2598
848 0.931338 0.994361 708 71014 636 30.6463 4.24643 40.1925 30.4529 32.3309 568 140 0.416548
849 0.951027 0.949527 800 95394 0 35.4486 1.85619 51.7442 41.3404 41.0652 633 167 2.82394
850 0.875912 0.693642 575 37252 526 29.4745 5.37766 33.4081 30.4418 23.1341 411 164 0.214769
851 0.975986 0.996497 775 71340 0 33.1435 2.82592 45.6207 33.9872 34.6089 583 192 2.61915
852 0.981735 0.993072 670 63703 651 34.484 3.42245 47.5657 29.7684 30.0777 438 232 0.190656
853 0.977131 0.981211 654 48701 640 32.9811 4.04113 42.1679 30.0179 30.2609 481 173 0.150263
854 0.973214 0.977578 646 66382 631 35.2447 2.36304 43.8345 30.3287 30.2915 448 198 0.194512
855 0.978814 0.980892 658 80288 0 35.9857 1.32638 42.4123 30.6937 30.5908 472 186 1.95415
856 0.978022 0.944798 581 65593 547 33.296 2.30934 36.314 29.3927 28.365 455 126 0.223633
857 0.93692 0.98249 681 62940 658 32.9745 2.23455 40.2727 30.1457 31.7948 539 142 0.228115
858 0.968504 0.98994 698 57240 661 30.5861 5.19132 40.6272 28.0796 28.693 508 190 0.245182
859 0.956912 0.963834 721 87323 0 34.0121 1.54359 42.1565 32.4236 32.7646 557 164 2.33564
860 0.956322 0.717241 600 41835 0 30.0511 4.85604 36.1613 34.9618 26.0445 435 165 1.64986
861 0.584677 0.64877 654 60895 412 34.3919 2.55675 42.6479 29.4374 30.6317 496 158 0.918353
862 0.955882 0.918728 685 71875 0 34.7756 1.32647 42.3102 35.4596 34.0388 544 141 2.17205
863 0.931559 0.974155 708 72556 0 33.5876 2.63688 43.4241 30.9484 32.399 526 182 2.27033
864 0.93985 0.998004 747 93835 692 33.5172 2.34876 44.6933 30.1397 32.2956 532 215 0.427571
865 0.920886 1 805 61340 0 32.4108 3.05725 45.9191 33.5985 36.5733 632 173 2.84204
866 0.939462 0.728696 603 89585 0 37.0525 0.374593 40.5205 38.7638 28.2457 446 157 1.74845
867 0.992891 0.954442 647 102049 615 39.0437 0.356362 44.5062 29.5653 28.4566 422 225 0.323267
868 1 0.852495 597 36520 584 31.3012 7.46239 38.5597 29.9576 25.3607 393 204 0.129446
869 0.975824 0.997753 596 54544 575 33.8581 2.24398 39.8893 29.5384 30.2904 455 141 0.157352
870 0.636179 0.673118 654 51204 405 31.6873 3.91724 40.7407 28.8835 29.0155 492 162 0.928482
871 1 0.900862 620 47712 582 24.14 14.2343 38.751 29.2901 26.3332 418 202 0.216826
872 0.909774 0.928389 555 72946 530 36.4386 1.5075 39.5279 27.3781 28.4428 399 156 0.209501
873 0.993976 0.991984 645 67892 639 33.4356 2.76104 40.5607 30.2008 30.29 498 147 0.155488
874 0.931153 0.996317 739 92963 0 34.7132 1.70002 47.3401 34.5914 36.8292 581 158 2.48262
875 0.918651 0.974737 624 65255 566 35.1154 1.30782 39.3304 30.2954 32.3634 504 120 0.341352
876 0.946429 0.988345 643 68512 612 35.0111 1.70883 44.3444 28.6929 29.8871 448 195 0.239699
877 1 0.873418 524 44356 511 31.566 5.68467 33.3681 30.3176 25.8825 414 110 0.131551
878 1 0.981352 571 54699 556 36.8496 1.26219 40.0784 29.6785 29.1566 421 150 0.163711
879 0.611219 0.658333 682 52408 432 32.073 2.5519 42.2509 29.899 31.9928 517 165 0.975606
880 0.945148 0.978166 605 44550 589 34.4629 2.16929 39.1525 29.5357 30.4647 474 131 0.147689
881 0.957407 0.943431 726 75173 0 35.1845 1.20556 46.2174 34.51 34.473 540 186 2.36924
882 0.578244 0.597633 731 80750 506 33.3007 2.5095 43.5094 30.5365 30.5364 524 207 0.96936
883 0.922465 0.960663 662 83293 607 32.6896 3.55328 40.7039 29.8837 30.8986 503 159 0.337226
884 0.975096 0.984526 733 75203 0 35.9727 2.19535 47.2704 33.1208 33.3115 522 211 2.39396
885 0.976096 1 669 77047 654 35.5354 2.53621 44.8098 30.0909 30.8006 502 167 0.206135
886 0.989796 0.994872 587 53070 571 36.7067 1.0165 38.7137 24.7558 24.8671 392 195 0.15446
887 1 0.617706 498 29578 497 19.5998 17.8118 28.7976 28.7976 17.1271 307 191 0.0663653
888 0.972163 0.984816 635 103384 609 34.8783 1.47396 43.2451 30.1828 30.6184 467 168 0.30953
889 0.978166 0.941176 638 88068 607 34.5477 1.72837 40.7743 30.4578 29.4442 458 180 0.26371
890 0.970588 0.755725 671 65735 0 33.5952 2.14179 41.5083 40.7499 31.1374 510 161 2.03106
891 0.970721 1 633 52257 620 36.4144 1.20962 43.313 29.41 30.3053 444 189 0.164879
892 0.975694 1 782 76693 0 37.6599 1.54479 56.8663 38.0301 39.0184 576 206 2.7145
893 0.965054 0.720884 576 46786 561 31.6331 3.81362 34.5022 29.8263 22.1625 372 204 0.139894
894 0.929719 0.968619 716 74856 690 34.2509 2.10151 42.7563 28.5872 29.8031 498 218 0.246308
895 0.952278 0.948164 679 98372 0 35.399 1.41525 45.8729 30.9888 30.8134 461 218 2.20115
896 0.939048 0.793881 656 79359 0 34.7007 1.5471 45.6758 43.2053 37.0554 525 131 1.96085
897 0.98481 0.645108 616 51769 0 36.1305 2.46333 39.1313 38.4798 25.4727 395 221 1.70545
898 0.863281 0.926625 702 69090 614 34.0391 2.96269 44.8144 30.5012 32.8115 512 190 0.437158
899 0.958498 0.981781 613 63589 0 32.5388 3.26955 39.7669 31.7603 32.6106 506 107 1.72479
900 0.845622 0.794372 531 41503 472 31.7474 4.69813 34.1696 30.167 28.3276 434 97 0.250667
901 0.952772 0.997849 682 96109 659 35.1348 1.22167 44.6239 27.2026 28.702 487 195 0.245712
902 0.662055 0.708245 670 62112 385 33.8443 3.02941 42.161 29.9764 31.6662 506 164 1.025
903 0.967803 0.894921 739 78588 0 35.3546 2.52879 49.1535 38.5837 36.0663 528 211 2.44152
904 0.997835 0.944672 649 76287 605 29.6411 6.34628 38.8084 29.8072 28.3318 462 187 0.291597
905 0.892241 0.985714 621 54774 598 34.6093 2.51201 40.2343 26.8025 29.614 464 157 0.18063
906 0.972678 1 735 58073 0 32.4246 3.79755 46.0071 33.7241 34.5975 549 186 2.31113
907 1 0.987203 724 80431 0 36.4786 1.58939 48.549 36.5595 36.1051 540 184 2.30737
908 0.426357 0.587607 846 108581 475 34.2818 2.26436 53.466 29.9714 39.0512 645 201 1.69516
909 0.920152 0.975806 740 74007 671 34.37 1.84311 45.4222 29.8655 31.5788 526 214 0.401438
910 0.979839 0.987805 668 61074 639 33.0248 2.75335 40.4552 29.7363 30.0072 496 172 0.217207
911 0.935417 0.978214 714 64050 678 34.5848 1.29174 44.8832 28.1629 29.5148 480 234 0.255893
912 0.956217 0.983784 692 53644 0 32.2968 3.44133 45.0907 36.3915 37.7453 571 121 2.09179
913 0.994652 0.819383 591 58314 561 36.237 1.1228 37.9394 29.4298 24.5691 374 217 0.195086
914 0.967495 0.982524 670 73340 0 35.0491 1.30263 42.7053 33.0899 33.6577 523 147 2.00377
915 0.98622 0.969052 640 53072 0 32.8295 2.03447 38.5001 31.3738 31.0128 508 132 1.79242
916 0.964286 0.966316 646 68908 623 32.8433 2.40174 40.044 29.2017 29.0521 476 170 0.210078
917 0.964444 0.889344 656 73893 596 34.4576 1.42818 40.3535 30.0132 27.5509 450 206 0.352651
918 0.965461 1 776 72659 0 34.6474 2.19343 49.6341 38.0183 39.2217 608 168 2.63849
919 0.940217 0.990458 729 84847 0 34.0669 2.6131 47.862 34.2859 36.366 552 177 2.35061
920 0.863071 0.958525 658 93122 631 37.1446 0.656994 45.4512 29.5497 33.3923 482 176 0.271927
921 0.927739 0.96368 568 45490 531 30.5048 4.16159 32.3191 23.7371 24.5872 429 139 0.187814
922 0.998113 0.722678 737 55978 0 30.6779 5.88662 43.8945 43.6938 29.8178 530 207 2.35253
923 0.552632 0.644737 695 79640 453 35.7131 1.50678 47.8095 30.5111 35.1385 532 163 0.960729
924 0.506329 0.606061 742 78421 432 33.4862 2.51494 48.3891 30.1879 36.3321 553 189 1.24325
925 1 0.917505 684 78459 0 34.1417 1.74255 43.46 32.6402 30.0835 456 228 2.07549
926 0.985915 0.974478 578 60968 561 36.2311 2.05895 39.6215 29.1489 28.8636 426 152 0.186298
927 0.942623 0.946502 607 71002 565 33.5201 1.74101 37.4106 30.2719 30.3994 488 119 0.265351
928 0.978041 0.991438 785 76542 0 37.0085 0.866792 53.4315 39.1073 39.6107 592 193 2.71148
929 0.727074 0.680982 616 51253 395 30.3486 6.26657 37.1205 29.5166 27.6878 458 158 0.76347
930 1 0.391941 274 7127 273 10.254 28.4965 14.2778 14.2778 5.5615 107 167 0.0179147
931 0.995816 0.785479 614 59396 0 32.3391 5.11527 38.1465 37.7502 29.4505 478 136 1.69609
932 0.984615 0.950495 705 63122 0 35.2764 0.965851 47.4396 41.1168 39.73 585 120 2.17785
933 0.934625 0.972292 558 32612 546 29.661 6.22453 34.2104 23.0187 24.1482 413 145 0.102577
934 0.943723 0.977578 687 71132 642 33.0433 2.07301 43.7654 26.2847 27.4877 462 225 0.294388
935 0.983193 0.997868 636 65492 0 37.0695 0.860747 45.8356 33.4208 33.8961 476 160 1.78909
936 0.540275 0.605727 689 75333 466 35.2189 1.35366 44.3477 29.8471 32.1774 509 180 0.877794
937 0.990544 0.947964 607 77331 583 36.7766 1.11703 41.0986 29.8198 28.5673 423 184 0.234043
938 0.918977 0.984018 634 68864 605 34.8255 1.28452 41.7936 28.705 30.7711 469 165 0.226195
939 0.973451 0.942184 637 69255 598 34.6364 1.12843 40.7304 29.5841 28.5799 452 185 0.256743
940 0.542314 0.631791 767 85545 341 33.7295 1.96291 44.4651 28.8915 34.1915 579 188 1.65006
941 0.970472 0.951737 669 82932 0 37.2064 1.47627 44.9213 35.481 34.9894 508 161 2.0297
942 0.946903 0.957494 598 47980 547 31.3881 5.88384 41.1629 30.3658 31.239 452 146 0.24472
943 0.938144 0.992727 753 66825 0 33.8624 4.4833 47.5722 34.5803 36.259 582 171 2.46921
944 0.983178 0.990584 693 52226 0 34.3659 1.85833 41.4132 31.7786 32.0001 535 158 2.11278
945 0.92196 0.975048 680 70422 0 34.5729 1.91557 42.5701 32.1526 34.218 551 129 2.06168
946 0.982796 0.97234 619 57922 594 33.4532 5.0042 39.7789 30.5194 30.2259 465 154 0.195538
947 0.997802 0.984816 565 57547 547 35.4486 0.659662 36.9039 30.4128 29.7513 455 110 0.163065
948 1 0.952055 528 43830 516 36.4198 1.50124 35.5357 29.8249 28.5087 417 111 0.112201
949 0.932605 0.721127 757 102712 0 36.223 1.03484 47.5903 44.7485 35.32 549 208 2.56757
950 0.956627 0.770874 534 43101 521 28.5844 6.92834 31.5301 30.4339 24.1981 415 119 0.120063
951 0.998252 0.791956 726 64749 0 33.3314 2.51155 44.4859 44.3116 35.1364 572 154 2.31835
952 0.886836 0.878719 644 91967 593 34.4555 2.32053 42.9389 28.8496 28.6439 433 211 0.335397
953 0.935484 0.997976 703 74165 0 34.2953 2.40509 43.3317 30.7612 32.5782 527 176 2.20574
954 0.957643 0.988593 671 51509 0 31.2081 4.02023 39.8153 30.8274 32.0428 543 128 1.98743
955 0.979747 0.943902 520 64664 506 37.0299 1.07303 35.6584 28.5439 27.734 395 125 0.159444
956 0.944444 0.977737 737 56497 0 33.1944 3.01521 42.0722 31.0179 32.0154 558 179 2.35656
957 0.988426 0.993023 617 45035 600 25.8281 10.9001 36.0608 24.9317 25.0336 432 185 0.144236
958 0.921941 0.968958 681 72172 619 33.4281 1.94461 44.2673 29.6102 31.1383 474 207 0.333818
959 0.991957 0.91133 595 90942 565 38.9698 0.447377 42.1379 28.2765 25.8309 373 222 0.260168
960 0.981308 0.972222 695 75386 0 33.8059 3.77018 46.2821 35.8556 35.4145 535 160 2.15743
961 0.899787 0.965675 622 48223 587 34.0245 2.97048 42.8669 30.1814 32.7889 469 153 0.20353
962 0.923077 0.96 657 83008 621 35.4552 1.38152 44.8019 28.7378 30.3483 442 215 0.269871
963 0.982792 0.986564 679 88316 0 35.3471 1.30337 47.9808 36.2284 36.4621 523 156 2.07005
964 0.942661 0.72232 610 63824 0 35.0476 1.78573 39.4722 37.172 28.3349 436 174 1.65577
965 0.911661 0.984733 698 104640 0 34.4717 1.73556 43.0673 31.8749 34.0906 566 132 2.18788
966 0.992233 0.996101 609 75482 0 36.1255 0.652792 41.7081 35.7481 35.8379 515 94 1.66425
967 0.979667 0.994371 720 69274 0 32.5001 4.16689 44.4404 33.1573 33.7885 541 179 2.29037
968 0.970803 0.967273 724 109115 0 33.9042 2.45985 45.1815 34.5082 34.68 548 176 2.37452
969 0.97551 0.973523 700 89962 642 32.6416 2.59731 43.125 30.0944 29.904 490 210 0.373831
970 0.924107 0.924107 634 65022 605 33.7582 2.00616 41.2181 28.8975 29.2711 448 186 0.218015
971 0.932755 0.979499 629 66275 593 34.7868 2.542 41.3275 28.6772 30.3629 461 168 0.257729
972 0.960854 0.994475 665 75968 0 34.3308 1.57195 41.8093 33.7997 35.0062 562 103 1.97036
973 0.774419 0.660714 602 39726 466 32.2953 3.52275 36.219 30.3626 24.0497 430 172 0.499899
974 0.968487 0.985043 642 63563 628 36.0547 1.37268 43.2687 30.2185 31.0079 476 166 0.175117
975 0.916821 0.992 707 82831 641 33.4469 2.15237 42.648 30.1589 32.5269 541 166 0.388528
976 0.98801 0.980952 607 65066 593 38.6411 0.484205 43.2833 28.611 28.4014 417 190 0.169354
977 0.994152 0.813397 499 35532 490 26.474 12.9192 33.8409 27.9188 22.1568 342 157 0.0931002
978 0.977221 1 609 65153 590 34.1561 2.59508 41.4327 27.4284 28.0151 439 170 0.183555
979 0.997567 0.97619 581 78155 562 38.0958 0.40454 42.6541 30.5276 29.959 411 170 0.22531
980 0.887352 0.961456 687 81452 0 35.4713 1.47521 45.0982 31.4403 33.72 506 181 2.08559
981 0.989083 0.997797 656 119892 0 36.2748 1.39765 44.9144 30.9998 31.2714 458 198 1.97798
982 0.927083 0.990724 762 108007 0 33.9113 1.78506 47.1193 32.7406 35.0227 576 186 2.61248
983 0.989451 0.963039 655 85468 0 38.6919 0.410556 46.4139 33.223 32.4421 474 181 1.96974
984 0.993318 0.929167 604 66352 581 33.91 1.39338 37.6143 30.0268 28.1143 449 155 0.201612
985 0.990826 0.972973 582 51520 567 29.0502 8.61837 37.5091 27.7177 27.1412 436 146 0.144998
986 0.653608 0.668776 643 67996 409 36.0313 0.863838 40.8018 30.0572 29.4035 485 158 0.855235
987 0.485944 0.59901 667 55484 435 32.7738 2.79428 42.2423 24.7758 30.4332 498 169 0.836849
988 0.937608 0.985428 743 109727 0 33.3505 3.37143 45.9053 34.0548 35.7103 577 166 2.49719
989 0.956204 0.961468 711 60303 0 32.2794 3.58421 41.406 32.206 31.9529 548 163 2.21675
990 0.997625 0.952381 568 63483 550 37.0309 1.18887 38.9924 30.023 28.5422 421 147 0.17423
991 0.965358 0.935123 627 67049 595 33.6919 2.4278 40.2451 28.3707 27.4621 433 194 0.220063
992 0.905039 0.962887 647 67967 579 32.0252 2.53514 36.6515 27.6862 29.5255 516 131 0.375906
993 0.926295 0.782828 642 72644 0 34.8257 3.18139 43.0049 40.079 33.9232 502 140 1.85221
994 0.862797 0.729911 506 55176 377 34.4723 1.47125 34.1122 30.4415 25.1728 379 127 0.430288
995 0.935421 0.969574 602 65885 0 32.8625 2.69444 39.573 31.1544 32.8519 511 91 1.6238
996 1 0.901408 547 46602 532 28.8873 8.21305 35.9913 27.4125 24.8603 384 163 0.134165
997 0.9 0.992806 621 83477 581 34.3439 1.26948 39.762 26.9804 29.7569 460 161 0.256809
998 0.980149 1 585 57621 573 37.5293 1.23765 42.3426 28.5163 29.0412 403 182 0.148176
999 0.982927 1 571 51522 562 34.9295 2.35671 37.109 25.9871 26.3946 410 161 0.127121
