0 0.970339 0.970339 646 73142 0 36.665 0.604547 44.2316 32.556 32.4421 472 174 1.91928
1 0.97166 1 657 58378 0 36.3261 1.48627 44.5703 31.8996 32.8989 494 163 1.89615
2 0.961089 0.928571 694 80101 0 35.1396 1.82745 46.9836 36.6066 35.3766 514 179 2.16102
3 0.980315 0.978389 635 46632 632 28.8076 6.54703 37.7005 30.3286 30.279 508 127 0.16467
4 1 0.549505 405 18247 404 20.6295 17.744 25.0538 25.0538 13.1366 222 183 0.0591416
5 0.863139 0.965306 752 82418 0 34.4873 2.69561 48.7322 31.43 34.7832 548 204 2.51018
6 0.969838 0.963134 673 69349 672 35.3756 1.82431 44.1279 27.6261 27.3151 431 242 0.235476
7 0.935652 0.978182 797 81299 0 34.9701 1.63192 52.4631 35.8734 37.364 575 222 2.77937
8 0.909774 0.971888 792 56453 0 35.7852 1.90726 48.9992 31.832 34.0066 532 260 2.66169
9 0.948767 0.986193 672 66094 671 31.9808 2.59537 37.6566 28.5041 29.8489 527 145 0.225007
10 0.976695 0.976695 610 98466 0 33.8543 3.01485 40.0868 30.9025 30.5452 472 137 1.82732
11 0.917373 0.962222 619 65539 618 31.8254 3.06546 35.4883 25.8505 27.447 472 147 0.219451
12 0.950758 0.982387 702 78770 0 32.8989 3.78077 45.5116 32.1624 33.7177 528 174 2.21683
13 0.91215 0.976 770 75638 768 33.4501 2.76319 45.5076 29.4145 31.5013 535 235 0.270584
14 0.912281 0.989429 648 38871 647 29.8254 5.33553 37.8638 27.3396 29.8366 513 135 0.13862
15 0.87796 0.964 718 73353 0 34.6126 1.5494 45.55 31.705 34.6901 549 169 2.29879
16 0.945175 0.984018 615 70387 614 32.753 1.98795 37.2969 25.7264 26.4857 456 159 0.235707
17 0.95 0.979742 723 52536 0 33.394 4.51212 44.7461 33.7533 34.7547 560 163 2.27111
18 0.948661 0.981524 620 71413 619 33.5587 2.1285 36.5776 26.089 27.0026 448 172 0.23944
19 0.994667 0.966321 569 69350 568 36.6824 1.5213 37.4459 25.7864 24.9842 375 194 0.229251
20 0.937751 0.972917 711 86321 707 35.0781 1.15853 46.4884 30.3006 31.3884 498 212 0.313984
21 0.959649 0.966431 725 70217 0 32.4428 2.92572 41.1365 32.8581 33.0444 570 155 2.30883
22 0.941839 1 694 71735 693 35.2439 1.18959 42.9589 29.2056 30.9685 533 161 0.25108
23 0.83908 0.993197 692 92740 690 35.2071 1.86446 44.5054 28.4629 33.8696 522 170 0.317153
24 0.932673 0.96319 613 46782 612 28.8911 6.95001 36.2782 28.4504 29.4225 505 108 0.158646
25 0.937046 0.992308 583 53051 582 37.1733 0.961874 41.9265 27.5856 29.6891 413 170 0.177756
26 1 0.628571 421 23227 420 20.2678 19.187 25.7733 25.7733 14.8271 264 157 0.0730382
27 0.967677 0.985597 627 58975 0 33.6187 3.22408 43.8023 32.9389 33.7438 495 132 1.77244
28 0.936567 0.978558 706 77631 703 30.8684 5.75922 42.6366 30.3612 31.8845 536 170 0.264853
29 1 0.478469 419 17539 418 14.7599 24.1798 23.8836 23.8836 10.3263 200 219 0.0570384
30 0.991543 0.985294 644 46085 642 29.6602 6.70278 42.0814 29.9288 29.7284 473 171 0.154534
31 0.976344 0.959831 637 77722 634 37.2682 0.882096 42.1892 30.2477 29.7947 465 172 0.268543
32 0.978516 0.976608 642 55811 0 35.1584 1.46139 40.9147 32.673 32.8348 512 130 1.84189
33 0.967687 0.996497 761 116467 0 33.8861 3.33776 48.4338 36.1334 37.0703 588 173 2.68049
34 0.998016 0.982422 673 56460 0 32.4432 3.69022 41.7245 32.5475 32.0345 504 169 1.98616
35 1 0.767033 456 25065 455 22.655 13.9055 26.1184 26.1184 19.8875 349 107 0.0799195
36 0.930962 0.978022 692 57756 691 34.1964 1.14242 40.7885 27.6391 29.1603 478 214 0.197544
37 0.96092 0.985849 582 66877 580 33.181 1.82156 35.9954 25.4852 26.2928 435 147 0.221941
38 0.89339 0.947964 632 65627 631 35.2515 1.14682 39.5386 27.5476 29.5072 469 163 0.22192
39 0.971264 0.992172 672 85241 0 34.1586 2.20306 43.9482 32.2587 33.0244 522 150 2.05506
40 0.960954 1 580 36420 579 33.525 3.92612 38.6584 28.3439 29.4025 461 119 0.139001
41 0.904412 1 547 43347 546 38.0132 1.07839 39.2152 24.2404 26.9966 408 139 0.147098
42 0.978824 0.902386 649 50585 648 29.2462 9.06037 39.865 28.1461 25.5112 425 224 0.174386
43 0.969639 0.978927 776 75746 0 33.6939 2.71085 47.8364 31.4785 31.727 527 249 2.62686
44 0.991209 0.993392 638 44542 0 34.9223 3.68299 45.2966 31.8944 32.0854 455 183 1.76191
45 0.974359 0.987013 718 65400 0 33.4622 2.38365 44.9454 34.3705 34.809 546 172 2.26909
46 0.931694 0.96875 506 43884 505 22.1009 16.4016 30.8367 20.858 22.1198 366 140 0.142684
47 0.960334 0.946502 644 43927 641 31.5143 4.91087 40.1178 30.4618 29.9567 479 165 0.154439
48 0.926667 0.965278 811 73012 0 31.5719 4.25294 47.4882 35.5716 36.4993 600 211 2.85088
49 0.943841 1 553 66231 0 25.5929 11.8631 34.8173 32.5859 34.8173 552 1 1.43951
50 0.98731 0.970075 617 78955 615 35.8508 1.50639 42.4012 26.2017 25.8745 394 223 0.261788
51 0.938144 0.942029 649 69772 0 34.0375 1.67474 40.9217 30.943 30.9346 485 164 1.91643
52 0.943601 0.925532 648 94973 645 34.4986 1.87646 41.543 30.1505 29.4862 461 187 0.322151
53 0.910134 0.983471 697 70307 695 33.5955 2.28427 46.395 29.7316 32.016 523 174 0.236036
54 0.912046 0.997908 741 120366 0 36.3065 1.67254 49.0964 31.2428 34.4285 523 218 2.57707
55 0.910751 0.99117 672 112966 670 33.0983 1.64835 43.162 27.6275 30.152 493 178 0.379141
56 1 0.973958 584 39403 583 27.9629 8.37578 35.0037 23.3844 22.6984 374 210 0.156362
57 0.981092 0.979036 659 87658 0 37.726 0.592566 47.8928 33.6498 33.5258 476 183 2.01142
58 0.854617 0.977528 673 61971 671 32.3127 2.48854 39.2573 25.5006 29.2857 509 164 0.210485
59 0.967185 0.939597 755 91416 0 34.029 2.46139 47.0872 36.8233 35.5417 579 176 2.59288
60 0.958412 1 743 81317 0 36.2586 1.10363 51.3522 35.0748 36.92 529 214 2.4632
61 0.961864 0.986957 709 61053 708 32.4685 2.61841 41.067 26.073 26.905 472 237 0.235241
62 0.964135 0.987041 681 89082 680 33.3673 2.50577 44.3851 28.2767 29.0732 474 207 0.302225
63 0.917108 0.981132 804 90799 0 34.7768 1.21217 49.1178 33.293 35.4297 567 237 2.84503
64 0.989437 0.965636 777 71451 0 34.3615 1.86703 51.7678 38.2288 37.2075 568 209 2.6274
65 0.969203 0.998134 744 78778 0 35.8964 1.96522 50.943 35.4003 36.6836 552 192 2.42943
66 0.934211 0.986111 826 114222 0 34.1448 1.97815 49.6459 34.6345 36.2806 608 218 3.06605
67 0.926554 1 724 62123 722 35.9911 1.17217 48.2991 30.3559 32.6845 531 193 0.210459
68 0.997126 0.971989 504 57077 503 37.3122 1.16655 35.3882 25.3607 24.5265 348 156 0.197206
69 0.962121 0.935543 741 71725 0 34.3025 2.29186 47.199 35.0323 33.9709 528 213 2.41018
70 0.93361 0.971922 642 58202 641 35.5551 0.835406 38.8556 27.9823 28.8608 482 160 0.227404
71 0.982721 0.991285 614 54366 612 38.7357 0.358815 43.1378 30.2805 30.5451 463 151 0.178536
72 0.977273 0.940625 522 26810 521 23.3349 12.9175 30.7721 18.5897 18.0137 308 214 0.0948097
73 0.960986 0.943548 645 75658 0 33.4168 1.80325 39.8286 30.6566 30.3985 487 158 1.88429
74 0.983213 0.957944 622 43203 621 34.3346 2.30462 40.3466 27.7642 26.9458 417 205 0.152724
75 0.99169 0.952128 535 42429 534 27.2872 10.3036 33.7849 24.2784 23.3951 361 174 0.153339
76 0.95098 1 706 100972 0 36.1141 1.82023 49.8313 31.5269 33.1321 510 196 2.28576
77 0.90303 0.959227 664 79471 662 33.6214 2.02573 40.2741 27.6911 29.1896 495 169 0.285488
78 0.892045 0.965164 691 49893 689 30.9043 3.53369 39.8921 27.7574 30.1708 528 163 0.178275
79 0.905904 0.997967 704 78709 0 34.5571 1.71609 44.0343 30.9123 33.8813 542 162 2.24014
80 0.971491 0.975771 658 70650 657 35.8517 1.95339 42.2099 28.0155 28.1417 456 202 0.240475
81 1 0.982318 637 66884 0 35.6323 1.83707 41.4218 33.7893 33.1337 500 137 1.81821
82 0.951852 0.979048 694 86875 0 34.7412 1.87454 45.3964 35.0723 35.7627 540 154 2.19681
83 0.985106 0.974737 658 55706 655 35.2326 1.95169 43.3705 30.4532 30.0496 470 188 0.1896
84 0.958874 0.938559 610 42286 609 32.9334 2.07529 36.6132 28.2288 27.6791 462 148 0.142879
85 0.958182 0.996219 749 96927 0 38.5644 0.665 54.003 35.1413 36.7726 550 199 2.55939
86 0.898104 0.940447 663 87759 662 36.9762 0.919178 45.6568 27.3111 28.6529 422 241 0.321805
87 0.962049 0.986381 710 75373 0 35.2695 1.52899 46.7876 32.8918 33.7672 527 183 2.22412
88 0.986193 0.94162 695 78720 693 32.5972 1.92115 39.8695 30.0883 28.7402 507 188 0.299914
89 0.941053 0.953092 672 62811 668 35.2632 1.81473 43.2598 29.7409 29.9471 475 197 0.212106
90 0.938776 0.951128 711 58286 0 31.3629 6.27651 43.6231 33.1744 33.5556 539 172 2.1956
91 0.993304 0.993304 576 47197 574 34.2729 1.78871 37.0307 29.0407 29.0407 448 128 0.163183
92 0.979127 0.957328 697 78512 0 35.5155 1.11615 44.4712 35.2319 34.4949 527 170 2.16163
93 1 0.938596 596 70587 0 38.147 0.293974 43.2943 32.7982 30.7212 428 168 1.66104
94 0.917895 0.973214 668 112662 664 37.768 1.02935 47.4094 29.9166 31.7426 475 193 0.374812
95 0.964151 0.967803 743 76152 0 34.9212 1.53502 52.1467 36.2311 36.1963 530 212 2.41312
96 0.899452 0.98994 671 77268 665 33.2245 1.75547 41.266 30.196 33.9391 547 124 0.268147
97 0.993007 0.910256 629 54060 0 36.6881 1.44636 43.3084 32.1065 29.0726 429 200 1.74171
98 0.940741 0.986408 626 61761 0 33.7428 2.34338 40.2318 32.9194 34.8365 540 86 1.78543
99 0.98063 0.99022 564 39480 563 33.2553 3.70556 35.2025 25.415 25.6673 413 151 0.134115
