0 0.861991 0.731286 608 45293 524 31.7176 2.72172 33.9896 29.4948 24.9249 442 166 0.360087
1 0.817787 0.746535 636 53782 495 32.0438 5.13808 38.1382 30.5068 26.4264 461 175 0.546001
2 0.835334 0.931166 695 63204 569 32.3779 3.61771 40.0163 30.4859 33.8829 583 112 0.586557
3 0.745665 0.837662 655 83308 444 32.4995 3.27444 41.3834 29.4905 32.677 519 136 0.82497
4 1 0.741071 684 78260 0 35.8363 0.701356 47.5072 46.4332 34.7498 498 186 2.13112
5 0.83432 0.875776 630 45473 536 30.149 5.73615 38.3646 29.6694 30.844 507 123 0.391689
6 0.854806 0.844444 631 63941 537 31.7391 2.80354 39.7987 30.1598 30.7124 489 142 0.420695
7 0.957944 0.762082 565 72242 0 33.3685 1.81636 36.0615 34.4157 27.4824 428 137 1.48547
8 0.841241 0.895146 700 78159 0 34.1831 2.08897 46.031 34.1621 37.1339 548 152 2.21387
9 0.880694 0.776291 602 34417 0 26.9731 8.79731 35.4205 30.8533 26.9235 461 141 1.59891
10 0.940265 0.758929 607 57031 0 35.7531 1.64523 42.0992 38.9447 31.2692 452 155 1.68717
11 0.864151 0.785592 659 54073 0 33.4275 2.90811 41.9105 37.4189 33.3116 530 129 1.95135
12 0.913838 0.659134 604 51849 0 29.0711 9.95641 38.8567 34.2189 23.7695 383 221 1.63416
13 0.944578 0.774704 536 35347 0 29.5245 7.54791 34.7975 32.8704 26.7439 415 121 1.29407
14 0.993007 0.665625 644 59275 0 37.8122 0.614537 45.5554 45.3933 30.6346 429 215 1.90126
15 0.882883 0.884477 714 86382 0 31.9427 3.31746 43.1219 34.2442 33.6125 555 159 2.31894
16 0.607375 0.663507 644 83080 440 34.9307 1.50953 45.1711 28.6956 32.5668 461 183 0.780189
17 0.524221 0.647436 778 91260 519 35.8838 2.0487 50.7232 29.9287 37.8104 578 200 1.13668
18 0.932584 0.804264 578 51770 541 28.3411 7.76747 34.16 30.3165 26.4526 445 133 0.239981
19 0.935185 0.780526 719 115295 0 35.7897 1.87189 49.0636 44.1906 36.71 540 179 2.39785
20 0.850799 0.935547 721 68019 0 34.8356 2.36116 46.1519 32.5015 35.3017 563 158 2.31375
21 0.762205 0.757433 812 96096 0 34.1689 2.33817 50.1959 39.199 39.1898 635 177 2.94625
22 0.982072 1 503 34984 0 26.9509 11.0057 31.5985 31.0333 31.5985 502 1 1.12312
23 0.94685 0.74 681 76147 0 35.26 1.42089 42.6815 40.8541 32.5513 508 173 2.11242
24 0.989837 0.91028 573 44798 0 33.2342 2.26254 38.4296 35.5979 33.1758 492 81 1.47162
25 0.91716 0.748792 694 47933 0 33.7611 2.09571 43.2324 38.8696 32.0964 507 187 2.14068
26 0.662745 0.707113 749 73123 437 32.5611 3.37682 42.7242 27.363 29.69 510 239 1.25956
27 0.875256 0.701639 708 47373 0 33.0202 4.86723 46.0194 40.1112 31.0316 489 219 2.21899
28 0.960829 0.756806 594 45719 0 32.9727 4.0678 37.7189 34.8904 26.8807 434 160 1.59589
29 0.826 0.886266 698 85457 0 37.0666 1.17653 47.5158 31.101 33.5786 500 198 2.22946
30 0.981132 0.672828 553 72295 0 38.0877 1.20308 40.3212 39.6012 26.4947 371 182 1.44866
31 0.858038 0.708621 678 63976 0 36.4184 0.70559 43.7099 37.3759 31.1119 479 199 2.05685
32 0.942308 0.786697 596 42728 532 30.2157 8.52516 39.7397 28.5749 23.8716 364 232 0.292455
33 0.645492 0.768293 654 54370 450 30.4046 5.15507 39.7871 24.4385 29.2794 488 166 0.74619
34 0.78327 0.750455 750 60330 0 27.6888 9.32309 45.7841 34.1011 32.7909 526 224 2.50426
35 0.455752 0.72028 619 87794 469 36.5206 1.27594 43.102 17.9342 31.0059 452 167 0.641208
36 0.962871 0.800412 558 44371 0 30.9859 5.84418 36.2609 31.4692 26.2009 404 154 1.42887
37 0.967603 0.878431 610 87184 0 37.9653 0.591117 42.1413 35.3161 32.2281 463 147 1.74036
38 0.939597 0.759494 600 36816 0 26.2397 11.3065 35.7777 33.0513 26.7489 447 153 1.61187
39 0.795547 0.887133 608 68163 380 33.5605 2.48585 40.3857 29.7624 33.2649 494 114 0.775057
40 0.808314 0.747863 669 86723 475 34.9984 1.65311 42.9853 30.4824 27.834 433 236 0.801951
41 0.908163 0.636852 600 59821 0 34.9368 1.92788 37.5964 35.2252 24.8909 392 208 1.60828
42 0.709924 0.783158 701 60882 438 33.9652 2.36353 45.9834 30.1049 34.1186 524 177 1.00516
43 1 0.809463 793 75775 0 33.5538 2.97151 49.9078 48.9856 39.2795 633 160 2.81374
44 0.664875 0.80303 708 80568 471 35.1694 2.1163 46.0401 30.2588 36.6159 558 150 0.987922
45 0.939236 0.79676 768 77841 0 32.1669 3.44392 44.4035 39.7027 33.6401 576 192 2.62985
46 0.995585 0.785714 583 46461 0 34.4982 1.59647 37.5602 36.9143 28.5115 453 130 1.54658
47 0.687919 0.732143 785 82823 0 33.6208 2.68655 46.021 33.6725 35.2352 596 189 2.73336
48 0.801942 0.878723 663 78323 423 34.427 1.41581 41.1377 29.552 32.3942 515 148 0.924177
49 1 0.744 501 38345 500 23.9396 12.6016 28.5003 28.5003 21.2008 372 129 0.0818529
50 0.953096 0.874355 609 56878 0 34.7585 2.03319 37.1172 35.1824 32.7103 533 76 1.6965
51 0.891949 0.877083 633 66684 516 33.8396 2.47505 39.3502 30.3888 29.9385 472 161 0.513164
52 0.926733 0.75 662 50590 0 33.7167 3.17857 42.6917 40.1057 30.6726 505 157 1.94708
53 0.975701 0.76652 705 100684 0 36.6756 0.895504 46.9936 45.5586 35.515 535 170 2.29576
54 0.930712 0.829716 642 52728 0 32.2297 3.80273 40.4363 37.5866 33.4912 534 108 1.87642
55 0.96129 0.6783 692 74476 0 36.5524 1.2198 45.8856 43.3651 31.2144 465 227 2.18319
56 0.956044 0.859684 670 45421 602 27.3804 8.70177 38.8989 28.3867 25.4952 455 215 0.322329
57 0.861217 0.93595 708 71632 604 34.8531 2.39982 44.5574 30.3752 33.1828 526 182 0.499414
58 0.808163 0.849785 692 59767 465 34.6386 1.40154 43.6038 28.5046 29.7879 490 202 0.884623
59 0.952381 0.75 645 63099 0 33.7548 2.59433 41.7269 36.4042 28.4507 441 204 1.88434
60 0.797441 0.799145 605 68070 390 32.994 1.61104 36.267 28.1834 28.1642 469 136 0.755526
61 0.948718 0.757914 565 47788 0 34.0316 2.48104 37.3153 35.7449 27.353 429 136 1.45169
62 0.973934 0.740541 596 45576 0 29.106 7.86847 38.5001 35.8607 26.3517 422 174 1.62564
63 0.947987 0.747354 789 95467 0 34.4956 1.15551 49.749 47.0397 35.7771 596 193 2.78173
64 0.716763 0.851259 695 87482 440 33.2815 1.93621 43.6785 27.2631 32.3873 519 176 0.993156
65 0.886918 0.727273 606 63948 0 32.8503 2.389 37.0231 33.8475 27.7858 451 155 1.6847
66 0.924771 0.757895 713 89486 0 34.12 1.84405 47.7137 44.746 36.8935 545 168 2.32431
67 0.821622 0.814286 708 70742 0 32.8764 3.59304 45.2714 35.8962 36.2548 555 153 2.26565
68 0.877722 0.793939 810 113305 0 34.0838 2.24864 50.081 41.9319 37.3206 597 213 2.96299
69 0.954198 0.680272 782 102491 0 37.3492 0.535866 51.9309 49.1264 34.964 524 258 2.77985
70 0.751323 0.872951 692 88002 508 33.4756 1.92898 42.975 29.7042 34.9509 567 125 0.779988
71 0.943289 0.765337 710 70824 0 33.417 3.01409 43.3119 39.9414 32.7045 529 181 2.26203
72 0.898077 0.782245 700 54951 0 29.4913 6.44736 39.6104 33.9628 29.7869 520 180 2.18383
73 0.874109 0.715953 603 46358 0 35.3866 2.19097 37.4805 32.0571 26.371 421 182 1.64594
74 0.907445 0.757983 646 61400 0 35.2103 1.99016 42.7689 39.7129 31.077 497 149 1.88246
75 0.962302 0.938104 645 40338 536 32.3563 3.16372 38.3022 29.7651 28.9978 504 141 0.42004
76 0.753401 0.924843 688 86725 534 35.2671 1.67713 44.3555 30.4234 37.9766 588 100 0.689444
77 0.858824 0.881288 691 78911 396 32.9257 1.44107 40.3226 28.7481 28.4085 510 181 1.12441
78 0.907767 0.760163 871 101353 0 34.6643 2.1863 54.8336 47.4097 38.3222 618 253 3.39284
79 0.957115 0.7856 656 62133 0 32.4292 2.73711 39.7811 38.123 31.9104 513 143 1.9471
80 0.975258 0.676681 712 110740 0 35.2889 1.60976 46.4347 45.7704 30.7931 485 227 2.27122
81 0.877637 0.956322 552 51955 479 34.8647 1.70868 37.597 29.692 32.0458 474 78 0.302745
82 0.78712 0.830189 678 113732 0 36.5032 0.61685 46.6857 36.4823 38.7905 559 119 2.14826
83 0.973105 0.855914 558 73243 0 36.9174 1.06367 37.9365 31.4406 27.7064 409 149 1.46772
84 0.636971 0.644144 608 81309 453 37.5375 0.774264 41.7482 30.2227 29.8323 449 159 0.615594
85 0.877193 0.792079 667 99865 0 34.8128 1.76312 42.9454 31.9915 29.3561 456 211 2.04806
86 0.936842 0.815018 637 73065 0 37.5039 0.470472 44.6828 37.904 33.1736 475 162 1.85413
87 0.667917 0.73706 726 55712 379 34.2008 1.68617 46.413 30.3669 33.5257 533 193 1.29182
88 0.955102 0.786555 639 62436 0 33.6739 2.29381 39.5525 36.5595 30.9261 490 149 1.865
89 0.845857 0.808471 683 67944 585 32.9913 1.89324 38.5288 30.4088 29.6471 519 164 0.465351
90 0.971554 0.698113 662 85956 0 35.6936 0.935654 42.0473 40.6297 27.979 457 205 2.03578
91 0.996154 0.775449 677 77732 0 36.5645 0.837957 46.0093 45.5402 32.941 520 157 2.10056
92 0.947146 0.810127 639 65524 0 34.9652 1.60307 40.2739 34.5354 29.3588 473 166 1.8514
93 0.801136 0.873967 661 61944 372 33.4855 2.50278 41.8586 30.3975 33.0166 528 133 1.00008
94 0.951456 0.714286 736 92240 0 36.0675 1.52345 51.1377 47.5478 35.9571 515 221 2.4524
95 0.83871 0.729825 668 58351 0 32.2663 3.66914 38.5403 33.6936 28.6835 496 172 2.00417
96 0.915929 0.92 596 73672 532 34.1888 1.3161 40.1599 29.9393 30.2038 452 144 0.352144
97 0.781633 0.710575 676 102882 0 36.3743 1.06575 47.1619 38.1749 32.6758 490 186 2.11902
98 0.619403 0.709402 683 89330 432 33.7806 1.88097 45.2366 29.4885 35.7161 536 147 1.00817
99 0.907579 0.755385 735 79483 0 34.2707 1.9047 44.8974 40.0606 33.1361 541 194 2.46001
100 0.864198 0.735294 608 67668 485 34.7691 1.80542 38.1491 30.4089 25.6412 405 203 0.504756
101 0.915187 0.694611 726 83479 0 30.2505 6.17953 43.5285 39.8452 30.4657 507 219 2.37439
102 0.895257 0.74876 694 62930 0 34.8655 2.77311 45.4997 39.8085 33.1773 506 188 2.15012
103 0.751984 0.813305 646 62150 356 32.1151 2.79032 35.2489 25.385 28.0563 504 142 1.00744
104 0.766773 0.935673 827 105547 0 34.721 2.83628 54.5265 32.8391 40.5564 626 201 3.11257
105 0.755991 0.716942 632 42012 553 31.6318 4.29979 38.717 29.4825 27.7757 459 173 0.335343
106 0.827458 0.913934 690 85485 0 35.2812 1.57682 43.4483 31.043 34.2776 539 151 2.15747
107 0.92517 0.906667 600 69293 541 36.7249 1.2411 42.0684 30.5465 29.92 441 159 0.312336
108 0.841141 0.897826 663 81909 475 35.0934 1.86691 43.9252 30.5404 32.9154 491 172 0.767734
109 0.789362 0.791045 715 73355 618 33.0081 3.81974 43.5298 28.7731 29.1315 470 245 0.490604
110 0.85443 0.758427 606 64770 0 31.4172 4.82778 35.4729 30.6259 27.7534 474 132 1.7137
111 0.796226 0.733913 685 65435 0 33.5282 1.94508 40.0308 33.9761 30.4581 530 155 2.10863
112 0.857749 0.789062 660 62936 0 34.0859 2.31001 43.7264 32.7147 30.589 471 189 1.99203
113 0.780822 0.83125 673 47404 539 32.9328 3.74169 41.5315 29.8328 31.2593 511 162 0.540839
114 0.986957 0.746711 616 58992 0 32.0546 2.81058 36.7989 36.4728 27.6107 460 156 1.75083
115 0.877647 0.729941 594 44414 480 31.4738 3.39285 35.5143 30.3788 24.4405 425 169 0.418278
116 0.627027 0.764835 738 73661 547 33.8708 2.48702 44.3874 26.4357 33.699 555 183 0.845357
117 0.884211 0.96737 694 63211 548 33.2573 2.59015 40.0696 30.3689 33.2057 570 124 0.618465
118 0.858012 0.856275 660 93234 0 35.1358 1.17612 42.1166 32.1013 32.0468 493 167 2.01751
119 1 0.653791 704 54642 0 32.0219 5.7124 43.7899 43.5769 28.0883 457 247 2.23009
120 0.811133 0.814371 669 59614 507 32.8046 3.56799 39.3001 29.4371 28.9013 503 166 0.646812
121 0.759921 0.748047 671 60634 0 31.4297 4.70557 40.5286 30.8099 30.1984 504 167 2.02526
122 0.942446 0.830867 556 64643 0 34.1036 3.84653 37.958 32.5583 28.9058 417 139 1.45085
123 0.732224 0.728916 867 136308 0 35.8447 1.06365 55.5516 43.0641 40.4961 661 206 3.41986
124 0.956863 0.842832 657 55379 0 32.4175 2.53885 38.3391 33.7063 30.1175 510 147 1.9174
125 0.856383 0.799669 725 67364 0 30.5583 6.16695 44.3014 36.7277 33.9191 564 161 2.33206
126 1 0.609005 423 17919 422 19.4602 19.4099 25.0865 25.0865 14.4919 257 166 0.0427297
127 0.861682 0.79346 707 81105 0 33.1959 3.02081 40.8348 33.9822 31.0677 535 172 2.25561
128 0.783333 0.808795 675 58486 387 33.8309 1.81788 39.3436 30.4391 31.3061 540 135 1.06298
129 0.617761 0.679406 687 66707 389 34.296 1.54802 41.878 28.4641 31.2289 518 169 1.11974
130 0.885892 0.908511 631 86357 458 35.3937 1.28051 39.7625 30.2363 30.8145 482 149 0.701402
131 0.861619 0.841837 508 66230 405 37.2084 1.19318 37.2492 28.2698 28.3283 383 125 0.374394
132 0.900971 0.793162 682 63964 0 34.2473 1.99502 43.5926 38.2193 33.2562 515 167 2.10077
133 0.977427 0.750433 597 42116 0 32.1493 2.46699 36.5988 35.4356 27.0718 443 154 1.60068
134 0.781609 0.85 729 72980 420 35.7753 1.27111 46.4634 30.5836 33.6741 522 207 1.21401
135 1 0.700461 435 17594 434 18.4443 19.4455 24.3323 24.3323 16.5637 304 131 0.0419892
136 0.92809 0.757798 603 86600 0 33.7917 1.53146 38.9397 35.3836 28.1717 445 158 1.70125
137 0.856874 0.791304 710 79152 0 34.4823 2.08217 46.3806 37.5027 34.1506 531 179 2.28635
138 0.924528 0.800654 658 78506 0 36.8807 1.24934 43.376 40.7095 34.4618 530 128 1.99923
139 0.652803 0.756813 699 70204 467 34.8463 1.89485 44.2493 30.5233 33.248 553 146 0.916794
140 0.83174 0.887755 665 75802 0 33.383 3.2483 42.2275 30.6033 33.1189 523 142 2.03221
141 0.903689 0.856311 619 44871 566 31.7387 3.83106 36.1007 30.2425 28.6841 488 131 0.2553
142 0.781818 0.688 607 44746 477 31.3729 3.77542 36.6356 29.7152 26.2324 440 167 0.488643
143 0.717712 0.798768 725 69041 533 34.8176 1.73073 44.8448 29.5694 32.4998 542 183 0.809472
144 0.959135 0.850746 553 65816 0 37.4376 0.768812 40.0264 33.6068 29.9958 416 137 1.4378
145 0.818182 0.630928 556 40677 488 23.1794 14.9566 34.5436 30.3833 21.1865 374 182 0.272044
146 0.9 0.878525 658 77156 357 36.0155 1.63883 42.7412 30.1875 29.4129 450 208 1.08283
147 0.827939 0.975904 679 70110 530 32.5471 2.75894 40.5288 30.2699 35.5807 587 92 0.632393
148 0.787476 0.708191 727 72103 0 35.4062 2.21245 45.7393 36.4547 33.38 527 200 2.37051
149 0.910204 0.765009 642 77070 0 33.2083 2.71006 41.4359 37.3538 31.1299 490 152 1.90217
150 0.880567 0.707317 675 49921 0 35.1293 2.44092 42.8442 39.2072 31.8104 494 181 2.03225
151 0.922353 0.823529 537 50653 499 32.1334 2.92763 34.3369 30.4695 27.2052 425 112 0.17588
152 0.948837 0.667758 657 68904 0 34.8498 1.80496 41.1501 38.6861 27.5926 430 227 1.95054
153 0.900709 0.828711 784 85527 0 33.5749 1.44362 47.7396 37.4694 33.7932 564 220 2.74671
154 0.804 0.834025 724 60843 417 34.2244 2.3654 46.5177 30.2294 31.6365 500 224 1.19011
155 0.918269 0.890443 579 75271 501 37.7559 0.948522 40.1115 29.9384 29.2058 416 163 0.371626
156 0.981785 0.814199 686 65530 0 33.2782 2.90401 43.404 41.9909 35.2371 549 137 2.1038
157 0.899099 0.811382 683 72925 0 32.1994 4.154 42.7908 38.6472 34.9498 555 128 2.09654
158 0.790654 0.731834 708 72394 0 35.7634 1.83364 46.6389 38.2951 35.3215 535 173 2.26663
159 0.902527 0.805153 718 55410 0 33.3557 2.59228 48.0104 41.7905 37.2164 554 164 2.29257
160 0.85214 0.751286 677 60605 0 33.1823 2.89158 39.3172 34.2314 29.8844 514 163 2.05606
161 0.94246 0.736434 696 73117 0 32.0012 2.71274 42.9857 40.1942 31.5157 504 192 2.1755
162 0.781609 0.684564 778 81478 0 35.9369 1.73048 49.4784 37.831 33.283 522 256 2.70547
163 0.893035 0.743271 586 58909 0 28.5105 9.54821 37.5291 30.5347 25.1446 402 184 1.5737
164 0.56042 0.706402 829 104871 555 36.1463 1.11907 51.4944 27.6877 35.2066 571 258 1.29562
165 0.927944 0.767442 761 80409 0 36.6196 0.622397 51.2239 46.6768 37.932 569 192 2.59566
166 0.720617 0.70566 677 63968 0 35.654 2.24568 44.2679 34.7042 31.7836 519 158 2.06415
167 0.852126 0.848987 682 70434 0 31.8812 4.02701 41.5161 33.5584 33.4279 541 141 2.09524
168 0.876168 0.774793 589 79504 0 34.7757 1.6079 39.1231 32.027 28.2489 428 161 1.62385
169 1 0.619608 517 31833 0 21.5985 17.0564 31.4886 31.1853 18.3116 316 201 1.20181
170 0.85267 0.829749 753 117531 0 35.2761 1.3061 49.8987 37.8197 36.548 543 210 2.58502
171 0.925234 0.866521 617 43570 485 31.2246 5.76835 40.1384 29.3072 27.3471 428 189 0.485203
172 0.680891 0.708494 715 45335 496 32.057 4.20196 41.4442 30.5096 30.9883 539 176 0.86962
173 0.990172 0.73945 550 48916 0 34.7315 3.90759 37.6319 37.2377 28.3902 407 143 1.39816
174 0.964356 0.821248 612 53699 0 31.2784 3.64359 37.5466 36.5934 31.3547 505 107 1.69306
175 0.734622 0.893162 708 90066 488 34.3433 2.10438 47.3963 29.311 37.6324 569 139 0.92608
176 0.695565 0.727848 707 90031 554 34.9015 1.75709 44.7251 30.0081 30.8424 496 211 0.716547
177 0.984375 0.743676 613 80542 0 34.9274 1.47851 41.0726 39.9332 29.9072 448 165 1.74864
178 0.71875 0.793103 693 62446 542 33.4259 1.9178 42.3239 25.4574 27.766 480 213 0.64672
179 0.913253 0.701852 612 65732 0 34.4316 1.41347 38.3369 33.9827 25.8292 415 197 1.69939
180 0.682043 0.736655 785 67577 0 33.6763 2.70063 47.0506 34.2061 36.5195 607 178 2.73195
181 0.722222 0.880903 794 82053 527 34.619 2.13389 48.0137 29.2031 36.3718 594 200 1.19081
182 0.789709 0.741597 668 101349 451 34.0975 1.33296 42.7335 29.2267 27.4133 447 221 0.892946
183 0.958606 0.711974 641 69091 0 33.6607 2.11686 40.4714 38.9563 29.4815 459 182 1.86656
184 0.861404 0.797078 746 78086 0 35.1208 1.3578 48.8196 41.0204 37.1627 570 176 2.4923
185 0.979839 0.715758 691 58172 0 32.578 2.75317 42.1476 41.4141 28.7065 496 195 2.14265
186 0.562613 0.914454 746 121777 565 37.3577 0.841958 53.2708 22.7106 39.7665 551 195 0.905347
187 0.945946 0.688525 635 63078 0 33.1127 2.01863 38.3952 36.9647 26.8551 444 191 1.82275
188 0.95843 0.730634 587 84700 0 34.9884 1.19227 37.6162 36.4605 25.7327 433 154 1.65151
189 0.715232 0.753488 665 68015 497 34.8815 2.26867 44.0368 25.7906 28.4299 453 212 0.679154
190 0.981273 0.775148 692 55275 0 34.5456 1.0558 44.6834 43.667 34.9526 534 158 2.13392
191 0.897638 0.752475 697 92921 0 34.6777 1.39548 43.0826 38.1001 31.3678 508 189 2.16559
192 0.984881 0.735484 631 78386 0 35.3755 2.4818 43.9991 43.3732 29.9331 463 168 1.80863
193 0.914286 0.685714 614 53739 0 38.0447 0.902558 42.7455 39.1623 28.6658 420 194 1.69936
194 0.848178 0.874739 712 80177 361 33.3955 3.23367 43.0339 29.0137 29.7458 494 218 1.31741
195 0.776031 0.811088 782 88217 531 33.32 2.85179 49.4856 30.1637 32.723 509 273 1.12817
196 0.880562 0.812095 568 53868 495 35.3716 1.67294 37.4881 30.4894 26.1515 427 141 0.313764
197 0.974206 0.723122 693 94992 0 38.8479 0.640515 52.5502 51.449 35.8709 504 189 2.24104
198 0.820183 0.796791 670 64572 0 34.0695 2.28839 40.1233 33.9655 32.8008 545 125 2.03842
199 0.759227 0.945295 790 104746 537 36.3544 1.5978 52.7199 30.1985 38.3879 569 221 1.1822
200 0.726477 0.697479 652 79368 460 34.7388 1.34751 42.1372 30.2892 29.679 457 195 0.750035
201 0.894855 0.764818 619 70437 0 36.8717 1.32286 43.439 36.7985 31.3214 447 172 1.77892
202 1 0.718519 541 38925 540 24.5792 12.8191 30.0208 30.0208 21.5422 388 153 0.0839475
203 0.956098 0.697509 603 85213 0 39.1021 0.132731 44.5748 41.6884 29.6324 410 193 1.71395
204 0.898551 0.859406 636 43823 0 28.9864 7.493 39.8441 31.6146 30.3042 483 153 1.8261
205 0.823158 0.842672 600 63922 357 33.9232 2.36381 38.5903 29.0567 30.7578 475 125 0.788733
206 0.835526 0.768145 649 70454 377 34.0514 1.61549 40.6621 30.3788 28.5075 456 193 0.987739
207 0.871972 0.764795 760 70839 0 35.4126 1.94405 45.5367 40.1717 35.0213 578 182 2.56738
208 0.746725 0.716981 619 71999 459 33.2178 3.81682 38.8404 29.9775 27.3249 458 161 0.63187
209 0.861915 0.772455 622 46587 413 33.5336 2.45687 37.7601 30.4001 27.7918 449 173 0.706825
210 0.870968 0.962138 648 64171 541 34.9335 1.79812 41.9174 29.8025 33.1697 496 152 0.488135
211 0.5 0.700748 752 117883 466 34.8843 1.57291 49.5019 24.5344 33.5242 562 190 1.24944
212 0.911504 0.863732 645 69257 508 33.7743 2.61044 40.9584 29.8295 28.3259 452 193 0.558634
213 1 0.281818 331 10529 330 10.301 29.1851 17.9996 17.9996 4.77439 93 238 0.0255428
214 0.975 0.823052 634 86726 0 33.2986 2.64168 39.3979 38.4068 32.5587 520 114 1.88839
215 0.958115 0.729084 526 56515 0 37.4959 1.00531 37.882 36.1285 26.8323 382 144 1.2945
216 0.984762 0.775112 720 84406 0 33.9786 2.10993 45.3273 41.894 33.3254 525 195 2.35221
217 0.848077 0.7056 713 91876 0 33.2628 2.11804 42.5427 37.4289 31.1146 520 193 2.30918
218 0.793319 0.815451 657 55666 477 36.9677 1.29166 44.155 30.5278 31.2219 479 178 0.685476
219 0.84949 0.62949 609 43814 497 31.5203 3.20944 34.7815 30.4514 22.2941 392 217 0.431931
220 0.886978 0.683712 590 60427 0 35.5813 1.14364 40.397 36.4016 27.8215 407 183 1.59246
221 0.734783 0.795294 628 72088 424 36.2806 1.57827 42.3023 28.3718 31.1655 460 168 0.782317
222 0.890538 0.658436 806 81717 0 30.6448 5.76859 48.4253 44.5059 32.766 539 267 2.90188
223 0.977273 0.979499 653 54482 607 30.526 7.79556 43.8789 27.9634 27.7585 440 213 0.277542
224 0.947137 0.721477 621 66198 0 34.9685 1.95389 42.3924 40.4372 28.1478 454 167 1.7761
225 0.899772 0.71949 594 59933 0 35.2248 1.11898 39.7004 36.4862 28.1114 439 155 1.6128
226 0.925054 0.755245 618 49054 0 32.4856 2.63563 38.0533 35.0093 28.6702 467 151 1.74082
227 0.939834 0.700155 685 91088 0 36.125 0.849139 44.9697 42.7856 32.0902 482 203 2.13263
228 0.986301 0.760563 583 73168 0 36.6315 0.26473 39.1751 38.373 29.592 438 145 1.57977
229 0.911616 0.71063 544 61605 516 31.5759 4.55097 32.5952 30.4655 22.5832 396 148 0.176744
230 0.968354 0.775338 649 60862 0 34.7802 1.49029 41.8147 38.1708 30.2251 474 175 1.88715
231 0.815618 0.803419 592 84037 410 34.232 2.00657 37.7395 29.5525 28.9729 461 131 0.701676
232 0.835398 0.830986 761 72514 0 34.4492 1.6508 46.734 35.0514 35.136 565 196 2.56173
233 0.726368 0.888438 781 75768 595 33.6965 3.17031 49.4921 30.4101 38.5365 603 178 0.883844
234 0.694611 0.711656 654 69806 426 34.8571 1.42844 42.2047 30.4774 32.2042 501 153 0.83011
235 0.984 0.840547 576 52632 487 37.4056 0.613541 39.8925 30.3949 26.1286 375 201 0.386418
236 0.600394 0.582061 744 56868 367 31.8985 3.57772 41.918 30.5387 28.8351 508 236 1.44973
237 0.747368 0.681382 649 56286 462 32.1958 3.09139 39.1164 30.5081 28.0156 475 174 0.705374
238 1 0.779352 495 37761 494 24.7796 12.1958 29.9746 29.9746 23.1971 385 110 0.0917097
239 0.99006 0.815057 624 52834 0 35.8457 1.26558 43.3347 42.1915 35.3641 503 121 1.77612
240 0.98004 0.713663 701 99274 0 37.156 0.923326 48.3127 47.4926 33.1407 501 200 2.28209
241 0.896154 0.903101 671 55197 0 28.8317 9.12055 42.1839 31.6791 32.1451 520 151 2.01008
242 0.685714 0.63286 662 51132 407 33.2953 3.02386 42.0101 30.499 28.171 455 207 0.911746
243 0.95229 0.820724 635 46818 0 33.7159 5.0227 44.6756 42.8643 35.5999 524 111 1.78702
244 0.896552 0.939052 624 75127 405 36.6253 1.36194 42.5325 30.4061 32.1808 464 160 0.801748
245 0.979452 0.705592 618 69033 0 33.3229 2.24773 38.8388 38.3695 26.989 438 180 1.73399
246 0.875236 0.942974 690 64225 455 29.8462 6.75063 42.6907 30.423 32.7234 529 161 0.902261
247 0.928862 0.745514 654 71477 0 34.822 2.14428 44.0511 41.4413 31.4889 492 162 1.96199
248 0.941509 0.777259 705 80983 0 33.3593 1.52237 43.7092 39.9741 33.1033 530 175 2.25625
249 0.88664 0.768421 634 51530 0 31.8674 2.35516 36.2262 32.937 27.7705 494 140 1.81193
250 0.673629 0.589041 583 69524 424 35.5207 1.57335 38.5699 28.6401 25.6651 383 200 0.602741
251 0.910985 0.836522 680 79751 0 33.2528 3.56179 42.1327 36.0375 33.1624 528 152 2.10245
252 0.940774 0.691792 628 74967 0 35.9464 0.859047 41.1776 39.3401 29.182 439 189 1.85172
253 0.757914 0.85865 676 88455 518 33.5305 2.10042 42.9155 29.2421 33.0158 537 139 0.682876
254 1 0.7431 472 32024 471 21.9603 15.5638 26.4775 26.4775 19.5861 350 122 0.077218
255 0.918519 0.937618 738 72735 0 37.7523 0.941003 51.1516 35.042 36.0543 540 198 2.42097
256 0.780439 0.704505 691 67607 0 32.6623 1.95869 39.5643 31.9817 29.58 501 190 2.16099
257 0.775047 0.720562 702 101538 0 37.0304 1.06495 47.1144 38.1152 34.5358 529 173 2.27805
258 0.807947 0.847222 591 67193 507 35.3212 1.36492 41.4888 30.0815 31.0334 453 138 0.378467
259 0.912317 0.868787 660 84388 576 33.9764 1.92938 38.9909 30.1244 28.484 479 181 0.454189
260 1 0.655087 404 18562 403 21.5995 16.5343 25.216 25.216 16.1797 264 140 0.0418595
261 0.789474 0.716814 691 59010 0 31.241 5.15133 40.4885 33.0441 30.3358 513 178 2.10581
262 0.827993 0.685754 823 93411 0 33.4745 2.74769 48.0482 42.852 34.3139 593 230 3.06143
263 0.895874 0.838235 716 102268 0 35.1317 1.33944 47.2567 35.9003 34.2398 509 207 2.35364
264 0.905495 0.899563 581 59999 465 35.1541 1.61062 38.5725 30.2161 29.9361 455 126 0.445598
265 0.623836 0.692149 723 84164 514 36.6237 0.963086 47.3723 30.4014 35.9427 537 186 0.896227
266 0.549565 0.718182 771 117121 549 34.6814 2.99281 49.1327 25.6915 36.3548 575 196 1.06033
267 0.868941 0.813445 728 59801 0 33.5588 2.43586 44.0604 36.2424 34.4078 557 171 2.35134
268 0.84381 0.900407 575 37084 494 28.2738 9.57484 36.2423 30.4495 33.446 525 50 0.308329
269 0.603291 0.709677 751 109338 542 34.5143 1.67436 45.9198 27.8169 33.0896 547 204 0.965208
270 0.926097 0.739852 615 56644 0 33.7814 3.18636 40.6685 35.9118 28.7343 433 182 1.72226
271 0.857778 0.748062 614 60171 533 32.8066 2.50381 36.4031 30.3671 25.8807 450 164 0.365004
272 0.815514 0.77336 599 57936 371 33.8654 1.55656 35.8899 30.218 28.4707 477 122 0.783623
273 0.774823 0.818352 695 75415 0 33.6963 3.40999 45.3575 34.7197 36.9305 564 131 2.20054
274 0.833333 0.697479 679 69619 0 34.8324 1.79279 44.0147 39.0966 31.8351 498 181 2.04373
275 0.745387 0.756554 681 96430 0 34.2342 2.54079 43.6537 34.8164 33.3761 542 139 2.16772
276 0.754513 0.754513 723 82174 0 33.8367 3.03647 44.3989 34.8408 34.6901 554 169 2.38454
277 0.706967 0.691383 644 80157 564 33.2185 1.67517 38.4915 30.2468 28.7291 488 156 0.371344
278 0.505308 0.832168 615 80876 440 32.8281 2.61663 37.8051 16.7758 29.1221 471 144 0.687117
279 0.979747 0.910588 585 45269 528 35.523 2.67492 40.4585 29.1509 27.4531 395 190 0.257568
280 0.802005 0.651731 580 62984 398 31.7845 2.00122 35.9284 30.1478 23.5685 399 181 0.657181
281 0.982625 0.998039 519 46326 516 25.8186 11.5287 30.8472 30.3762 30.8472 518 1 0.101429
282 0.973978 0.769457 711 98715 0 34.8965 1.38245 44.9837 43.3541 34.0781 538 173 2.31528
283 0.732448 0.840959 683 88689 455 32.307 3.56703 42.9862 27.9088 33.1878 527 156 0.877723
284 0.696809 0.909722 760 95958 532 37.7181 0.575382 49.8211 28.6017 37.521 564 196 1.03692
285 0.880626 0.9375 662 57834 520 35.5862 1.69077 42.6359 30.2611 32.6387 511 151 0.597367
286 0.927273 0.727088 520 33511 488 27.4704 9.28515 32.0749 30.3428 22.2968 385 135 0.15108
287 0.728499 0.881633 759 83574 546 35.1453 1.34691 47.3176 29.4906 36.6119 593 166 0.948614
288 0.885638 0.838791 581 52313 498 30.6361 6.95827 38.4 25.6011 23.8201 376 205 0.345739
289 0.941176 0.707561 733 76659 0 34.8882 2.4132 49.079 46.9867 32.4848 527 206 2.42493
290 0.98783 0.774245 636 95637 0 37.5008 0.833056 45.0444 44.6881 32.862 493 143 1.89901
291 0.966197 0.634011 586 49087 0 35.6691 1.75785 38.441 35.7356 23.268 355 231 1.57366
292 0.949907 0.729345 730 75491 0 38.3703 0.961171 52.1973 50.4056 35.3754 539 191 2.4163
293 0.825581 0.974828 724 64333 604 32.6622 6.5876 50.3961 27.9835 33.4746 516 208 0.551621
294 0.866667 0.784708 606 56881 529 32.8166 2.46875 36.5008 30.3788 27.642 450 156 0.340085
295 0.887299 0.748115 761 62303 0 32.8878 2.64687 43.6093 38.2147 32.4248 559 202 2.50513
296 0.936869 0.739044 601 61582 480 26.4785 11.6007 35.6467 29.7917 22.1168 396 205 0.474268
297 0.930279 0.805172 618 66892 0 33.9889 4.20992 41.5533 39.3421 33.4762 502 116 1.73275
298 0.837912 0.956113 545 74464 430 39.3734 0.716677 41.1458 21.865 24.9755 364 181 0.462511
299 0.878238 0.70332 589 81741 442 32.4939 2.70177 36.1369 29.7204 23.2154 386 203 0.575246
300 0.694215 0.768879 694 62436 567 34 1.63081 43.7123 26.5998 29.5794 484 210 0.578999
301 0.763605 0.9182 743 64412 607 32.3293 4.50494 43.8993 27.857 33.5307 588 155 0.621224
302 0.892791 0.865591 673 72097 0 35.9375 1.60599 43.0718 35.5363 34.4785 541 132 2.0531
303 0.939467 0.832618 549 49018 389 33.6194 3.04375 35.2885 29.7356 26.4183 413 136 0.440815
304 0.98004 0.775671 652 53567 0 33.0489 3.69546 40.253 38.9244 31.2434 501 151 1.9206
305 0.835366 0.934091 643 47592 562 31.9748 4.91744 39.1347 26.1861 29.4783 492 151 0.350682
306 0.867893 0.75 772 53801 0 34.3821 3.5039 49.2437 44.5724 37.1824 598 174 2.59925
307 0.819383 0.8 582 43737 477 33.5206 1.93577 37.5535 29.9515 28.4848 454 128 0.405823
308 0.816764 0.731239 680 61888 0 32.7969 2.96582 40.0224 33.8817 29.0718 513 167 2.06742
309 0.93763 0.708006 682 58354 0 32.8572 3.23822 42.0171 39.5285 29.7168 481 201 2.10655
310 0.98324 0.670476 531 35106 525 22.9773 13.5601 30.7223 30.4359 20.5837 358 173 0.0888509
311 0.606119 0.6417 733 64141 566 31.1394 5.47857 45.8202 30.3701 32.0873 523 210 0.733994
312 0.808354 0.679752 566 66008 367 35.1443 1.77596 35.3757 30.0815 25.0234 407 159 0.663388
313 0.956607 0.866071 606 39708 0 31.1766 5.06144 37.1997 34.5237 31.1277 507 99 1.64406
314 0.97166 0.771704 645 86106 0 33.9074 1.93484 42.4483 40.9939 31.5958 494 151 1.90068
315 1 0.967532 463 28344 462 25.2569 10.8641 26.8322 26.8322 25.8406 447 16 0.0614253
316 0.753927 0.857143 783 109859 588 35.1948 1.57553 47.5529 30.3139 35.4555 573 210 0.971092
317 0.944785 0.772575 667 80587 0 35.7254 1.9987 43.9754 40.1505 32.134 489 178 2.04629
318 0.648069 0.62268 690 62701 401 25.218 12.5591 41.1519 29.6382 27.7054 466 224 1.06133
319 1 0.504739 423 20162 422 14.9525 24.288 23.8134 23.8134 11.7609 213 210 0.0505053
320 0.992462 0.76699 537 40420 0 28.0643 9.7384 33.8449 32.706 25.0606 398 139 1.31363
321 0.898824 0.74031 592 59242 0 29.7737 8.21843 37.3962 32.4448 27.3139 425 167 1.61286
322 0.764192 0.709939 684 89903 438 33.7769 2.03618 42.3902 29.4986 27.0916 458 226 0.98767
323 0.972851 0.831721 591 63400 0 35.8443 1.23608 38.0228 33.2416 28.7587 442 149 1.59542
324 0.8736 0.786744 818 81519 0 35.2486 1.12954 49.6196 42.9876 38.0868 625 193 2.97101
325 0.961451 0.737391 629 45621 0 32.5727 2.97697 36.7373 33.4659 26.4856 441 188 1.74808
326 0.879276 0.945887 596 83212 0 36.1489 1.38068 40.123 31.4174 33.4571 497 99 1.64415
327 0.987805 0.830769 622 53695 0 32.6105 2.48185 37.513 35.1528 29.5441 492 130 1.75206
328 0.872951 0.955157 629 76697 511 34.8646 1.33753 40.5565 28.7093 31.1201 488 141 0.503818
329 0.833333 0.756844 724 61322 0 32.5128 3.94866 44.0945 37.9568 34.4369 564 160 2.32902
330 0.695327 0.76701 722 98509 544 33.9349 2.04838 45.0815 30.4317 33.1224 535 187 0.830692
331 0.949187 0.788851 618 51290 0 32.969 3.92851 38.8388 37.4367 31.3726 492 126 1.71223
332 0.641762 0.854592 725 74584 519 36.4479 0.997019 49.9348 25.889 34.2057 522 203 0.86986
333 1 0.697425 467 31116 464 22.6408 13.4138 27.2242 27.2242 18.7885 325 142 0.0662367
334 0.780357 0.933761 719 49019 556 32.9942 3.57471 45.52 29.8299 35.4606 560 159 0.663293
335 0.995918 0.750769 655 50882 0 33.5741 2.12471 39.6627 39.4495 29.6322 490 165 1.87676
336 0.934183 0.8 594 57277 0 36.645 1.03424 38.9747 36.3583 31.1642 471 123 1.60261
337 0.784387 0.854251 700 83992 541 34.6725 1.52788 43.1655 30.5303 33.5554 538 162 0.715903
338 0.618557 0.678733 639 78448 348 35.0503 1.78987 43.7942 30.3209 33.639 485 154 1.03878
339 0.931707 0.759443 546 51218 0 35.8978 1.09893 35.6045 32.4032 26.9811 410 136 1.37773
340 0.954802 0.719149 508 45374 467 34.5196 2.34227 32.8293 30.2807 23.3054 354 154 0.183607
341 0.684096 0.630522 644 49944 556 34.1857 1.85888 38.7795 30.481 26.0906 459 185 0.376015
342 0.90796 0.664845 611 47916 0 32.204 2.42634 37.8008 33.7296 25.0042 402 209 1.67915
343 0.955335 0.751953 558 36671 0 34.1686 2.31174 35.4262 32.5726 25.7231 403 155 1.39738
344 0.986047 0.798493 568 56068 0 33.9764 1.65963 35.855 33.6088 27.1515 430 138 1.47886
345 0.76392 0.714583 604 69009 303 33.1469 2.32191 38.1413 30.4862 27.1654 449 155 0.983006
346 0.782847 0.930586 747 79250 616 33.0699 4.98598 49.803 30.6137 36.7271 548 199 0.642068
347 0.975518 0.811912 674 87632 0 33.4062 1.91945 44.2028 41.6883 33.7302 531 143 2.09207
348 0.962217 0.722117 581 80460 0 36.5617 1.27255 39.3694 35.8242 26.4525 397 184 1.58813
349 0.98374 0.718812 526 53108 523 32.5209 2.368 31.4899 30.172 21.8686 369 157 0.115088
350 0.766 0.823656 658 74292 399 32.9438 2.50708 40.9404 28.7631 31.4006 500 158 0.950369
351 0.951417 0.732087 669 76966 0 34.5931 1.59313 43.901 42.2881 30.5052 494 175 2.02168
352 0.929114 0.675875 572 65795 0 33.0631 2.91144 37.1029 35.3039 25.1559 395 177 1.52559
353 0.625483 0.724832 728 88794 535 36.3936 0.67979 45.839 27.0619 32.5993 518 210 0.876659
354 0.785276 0.929782 673 80904 501 36.0164 3.12253 47.9665 26.8464 32.4081 489 184 0.719777
355 0.953975 0.735484 675 81910 0 36.1625 1.22898 44.7489 41.2662 30.4234 478 197 2.11395
356 1 0.729496 715 108812 0 34.7222 2.41394 47.4683 46.4849 33.8925 507 208 2.38312
357 0.714286 0.742481 709 76950 0 33.9047 1.92301 46.4713 33.6854 35.5624 553 156 2.2714
358 0.960829 0.801923 540 61071 0 34.7237 1.09539 35.5317 34.0254 29.0866 434 106 1.34356
359 0.848739 0.843424 631 69496 517 34.1947 1.77665 39.3023 30.3842 29.9785 476 155 0.485653
360 0.92126 0.868275 702 83200 0 37.3124 1.03056 47.8754 36.6886 34.1372 508 194 2.23471
361 0.773672 0.679513 603 83342 0 36.7592 0.848374 39.2961 32.0767 28.0721 433 170 1.70484
362 1 0.575453 498 30894 497 19.5048 18.3434 29.5438 29.5438 15.8837 286 212 0.0826404
363 0.745455 0.674589 679 59686 0 32.225 3.39858 40.147 32.2402 28.5831 495 184 2.05843
364 0.858696 0.765504 636 74193 0 36.3852 1.09891 45.0807 35.7029 32.945 460 176 1.86667
365 0.629423 0.671968 718 53078 457 32.6641 4.06828 43.5213 29.5351 32.3212 537 181 1.0222
366 0.979964 0.840625 666 77129 0 33.3694 3.27956 39.4524 38.211 32.5581 549 117 2.02824
367 0.778761 0.909091 799 82658 0 33.3487 4.04539 50.2887 31.3833 36.6773 565 234 2.84151
368 0.882096 0.6464 700 68063 0 32.3739 3.30087 41.5604 37.0122 27.2781 458 242 2.2173
369 0.959227 0.796791 616 38029 0 31.1363 5.3336 36.7519 33.4963 28.1509 466 150 1.69533
370 0.980357 0.712062 787 79822 0 34.6675 3.13443 53.5933 52.197 36.3581 560 227 2.74476
371 0.962578 0.709035 688 74968 0 33.9625 1.26783 42.718 40.2304 29.0092 481 207 2.11082
372 0.878981 0.880851 622 76145 377 32.9074 2.71605 39.7171 30.2213 30.3614 471 151 0.90973
373 0.853952 0.735207 782 75568 0 34.8586 1.893 47.2909 40.9842 35.0933 582 200 2.69974
374 0.708171 0.827273 688 83583 444 34.4199 1.58667 44.7728 25.946 31.9139 514 174 0.970089
375 0.886022 0.893709 666 50230 598 31.5591 5.80401 42.4838 28.1171 28.0146 465 201 0.328168
376 0.982175 0.800872 710 76279 0 35.8951 0.969121 46.4354 45.1242 36.9849 561 149 2.26307
377 0.941441 0.724437 610 76555 0 32.5325 2.95853 36.7095 34.7257 26.6139 444 166 1.73059
378 0.944086 0.844231 550 33057 524 31.8961 3.5631 32.656 30.4613 27.358 465 85 0.144385
379 0.860789 0.792735 656 75164 0 35.9969 1.06378 44.8536 32.6534 29.9893 431 225 1.95582
380 0.943074 0.846678 644 85980 0 35.2162 0.860002 45.9998 41.9785 38.2183 527 117 1.94498
381 0.799283 0.782456 759 72720 0 34.5782 2.69382 50.1095 37.2971 35.3259 558 201 2.57133
382 0.918455 0.844181 684 47726 615 30.607 6.25244 39.6114 30.324 27.5922 466 218 0.335423
383 0.953935 0.730882 728 86177 0 35.0022 1.67184 46.4165 43.6078 33.263 521 207 2.40911
384 1 0.768212 454 59120 453 20.0605 17.9368 27.7897 27.7897 20.894 348 106 0.116544
385 0.894737 0.784615 654 65116 0 36.0083 1.14882 43.6263 38.8181 34.8179 513 141 1.94255
386 0.779412 0.905983 699 83998 478 33.8703 2.92584 47.0827 30.3757 35.9307 544 155 0.92053
387 0.858124 0.835189 656 75083 506 34.4746 1.25042 41.5592 29.1857 28.3193 437 219 0.634123
388 0.936082 0.707165 712 62813 0 34.3531 3.69513 49.8833 45.0706 32.3129 485 227 2.25798
389 0.946602 0.892449 468 25827 454 30.3447 9.69351 32.3047 30.4334 28.5391 412 56 0.086438
390 0.885947 0.788043 642 48335 0 32.9614 1.61627 40.4233 34.5802 30.6674 491 151 1.83783
391 0.867735 0.735144 704 58115 0 35.9115 1.67839 50.8129 42.4424 34.7826 499 205 2.23104
392 0.814596 0.824351 655 46907 532 31.7839 3.09529 38.1786 29.6033 30.2764 507 148 0.495707
393 0.781651 0.845238 689 66060 0 33.1383 1.92379 42.5666 31.1856 32.8422 545 144 2.12137
394 0.707889 0.815725 635 52666 341 32.0518 2.7578 38.0264 23.3773 26.9414 469 166 0.97799
395 0.949672 0.658574 687 105412 0 37.7812 0.327796 48.2946 46.2169 30.659 457 230 2.20788
396 0.928118 0.72562 655 88936 0 38.2696 0.560003 46.1579 42.6528 31.9939 473 182 2.00124
397 1 0.693285 565 55193 0 36.6759 1.28609 38.0849 37.0024 25.6125 382 183 1.43555
398 0.778656 0.744802 750 101160 0 34.8019 1.9519 48.557 34.3562 32.9414 506 244 2.57275
399 0.965957 0.799296 620 61359 0 34.9684 1.01059 39.3426 36.188 29.5821 470 150 1.7575
400 0.91757 0.805714 589 34943 0 30.1671 6.63765 38.6516 34.8755 29.9576 461 128 1.54101
401 0.997512 0.897092 559 54076 401 35.3836 2.95763 37.3664 29.8961 27.0409 402 157 0.110688
402 1 1 482 51417 479 24.9968 12.5266 29.2348 29.2348 29.2348 481 1 0.104135
403 0.821029 0.692453 618 50177 0 33.6958 1.91421 39.8268 34.3685 27.3423 447 171 1.7437
404 1 0.637527 482 23814 479 24.5274 13.9786 31.2515 30.013 18.489 299 183 0.0607986
405 0.896996 0.800766 612 57918 0 33.0283 2.79815 39.3538 33.1201 29.9124 466 146 1.69408
406 0.847426 0.833635 685 79901 0 34.6 0.955555 41.9258 34.116 33.5878 544 141 2.14874
407 0.767857 0.830116 778 70924 487 31.8713 4.89513 47.1953 30.5323 32.9467 560 218 1.22906
408 0.834135 0.747845 612 73216 0 33.5624 2.66276 40.5143 31.0526 26.8352 416 196 1.67219
409 0.819392 0.928879 695 52647 597 33.4229 3.05836 45.4409 28.302 33.3009 526 169 0.446255
410 0.478495 0.648058 731 106463 397 36.35 0.804282 50.7022 26.2912 38.1751 558 173 1.36289
411 0.942605 0.728669 635 88046 0 38.3158 0.960548 47.8579 44.5589 32.8734 453 182 1.87336
412 0.945098 0.76874 706 61909 0 32.973 3.17351 42.9664 38.3161 30.9246 510 196 2.23355
413 0.87234 0.821643 595 51847 0 27.9977 8.75797 37.0142 31.024 29.3159 470 125 1.60391
414 0.82197 0.96875 688 60245 621 36.2134 1.00336 45.0836 28.9792 34.0643 528 160 0.358799
415 0.83691 0.824524 682 83136 456 36.4782 1.02361 45.1055 30.2694 29.9832 466 216 0.901167
416 0.908088 0.791667 709 100879 0 35.3415 1.86461 45.0511 40.27 33.7061 544 165 2.30292
417 1 0.64588 450 26859 449 18.2566 20.093 25.6901 25.6901 16.4244 290 160 0.0585546
418 0.972277 0.814262 629 53720 0 34.5281 2.24624 39.5548 37.9144 31.8975 505 124 1.76149
419 0.87885 0.792593 624 71990 0 33.5945 1.52892 39.6516 34.3758 31.176 487 137 1.7864
420 0.573386 0.691038 726 86950 504 36.3836 0.742511 45.8039 24.9852 32.2821 511 215 0.948064
421 0.989201 0.694992 665 51829 0 31.0365 5.70546 41.1077 40.6737 28.1106 463 202 1.98561
422 0.777083 0.737154 663 48090 0 33.9014 3.06835 42.6974 31.7375 30.1994 480 183 1.94035
423 0.993939 0.776025 638 61975 0 36.3655 1.37375 43.7055 43.5183 32.7892 495 143 1.86106
424 0.985632 0.632841 547 36366 543 30.1268 4.20655 30.5519 30.2956 19.0774 348 199 0.0882049
425 0.8 0.676056 670 94050 0 35.5979 1.25489 43.6839 36.913 31.4751 480 190 2.07338
426 0.962963 0.791075 550 44352 529 32.4368 3.46755 34.3132 30.404 24.9155 405 145 0.168082
427 0.887265 0.851703 673 72070 0 36.0936 1.6663 47.2843 33.3816 32.4479 479 194 2.07117
428 0.975225 0.751736 592 46806 0 30.2859 4.7956 35.0577 34.2404 26.5032 444 148 1.59904
429 0.890496 0.728041 673 109011 0 28.4402 8.78604 43.4508 38.6074 31.108 484 189 2.11271
430 0.978678 0.646479 721 66672 0 36.736 1.09616 48.6098 47.8739 32.0219 469 252 2.3333
431 0.704918 0.867713 725 74665 492 34.4002 2.13599 46.7593 29.1907 35.8466 549 176 0.960289
432 0.819502 0.720803 642 61604 0 34.0372 2.01822 41.2565 35.2369 30.9158 482 160 1.8317
433 0.653704 0.716024 701 87108 466 34.3759 2.50519 43.6542 29.6932 33.6019 540 161 0.952811
434 0.904051 0.938053 609 37765 518 31.0458 4.50572 36.691 26.7118 27.6161 469 140 0.347558
435 0.978175 0.750381 678 99408 0 36.824 1.73525 46.9521 45.7256 35.2565 504 174 2.14056
436 0.76875 0.906634 660 77469 468 35.6187 1.30655 43.5124 24.9218 30.7867 480 180 0.772701
437 0.970642 0.75142 721 56835 0 32.1851 4.43145 47.4404 46.3669 34.3826 545 176 2.30595
438 0.835443 0.814815 629 70926 444 32.0111 3.92635 40.2082 30.4135 29.7855 474 155 0.69048
439 0.887526 0.70915 684 63491 0 32.2829 5.01267 44.6073 39.6596 30.4157 489 195 2.10774
440 0.641584 0.701299 671 58833 382 35.0641 1.87095 41.6494 28.788 31.4957 505 166 1.05354
441 0.898467 0.762602 672 84395 0 33.3401 1.89655 40.9831 37.7341 32.1038 522 150 2.03527
442 0.856522 0.680484 654 51753 0 30.8073 6.81236 42.3325 37.0876 28.5567 460 194 1.94288
443 0.974874 0.779116 577 70148 0 37.9516 0.844724 41.159 35.9175 29.0183 398 179 1.55837
444 0.547135 0.647702 745 73523 503 36.4359 1.14753 47.0134 27.5688 34.4022 541 204 1.01829
445 0.828096 0.912424 710 96793 484 35.1449 0.811221 44.2319 29.4052 32.6153 541 169 0.970241
446 0.841463 0.716263 676 53592 0 32.4363 3.36407 41.0327 34.7191 28.5577 492 184 2.03817
447 0.973585 0.752187 701 71186 0 36.3936 1.66245 48.7477 47.9331 35.6616 530 171 2.20811
448 0.950704 0.745856 568 83108 0 33.3088 2.65163 37.2937 35.7703 27.9344 426 142 1.49404
449 0.920732 0.70451 683 89586 0 36.3805 0.571147 45.0485 42.7708 29.5922 492 191 2.16417
450 0.861723 0.884774 673 60857 0 33.8699 3.04104 43.1597 31.1743 31.8866 499 174 2.02652
451 0.875312 0.72973 546 41052 432 33.6576 2.01467 34.567 30.274 24.8902 401 145 0.162421
452 0.838323 0.84507 696 80138 0 35.1052 1.54233 45.6159 31.8035 31.2191 501 195 2.18769
453 0.951389 0.771107 580 45146 0 25.8641 11.1293 34.5023 31.7268 25.5615 432 148 1.53702
454 0.880361 0.874439 591 54287 486 35.9995 2.03927 40.043 30.2466 30.256 443 148 0.41203
455 0.901786 0.798419 579 47191 485 32.6571 3.28811 33.8613 29.7782 26.1844 448 131 0.322426
456 0.930973 0.873754 704 80859 0 34.2589 3.4239 45.8621 39.3528 37.2225 565 139 2.24443
457 0.954296 0.746781 774 59082 0 35.8916 1.33907 49.4926 45.4719 34.6855 547 227 2.63437
458 0.835991 0.642732 667 88252 0 36.6646 0.879866 45.3456 38.8879 29.221 439 228 2.0666
459 0.879433 1 565 52644 0 27.3532 11.3474 35.783 31.4707 35.783 564 1 1.45215
460 0.92511 0.765027 586 72735 0 32.9093 3.04505 36.8101 34.6234 28.5147 454 132 1.56519
461 0.841076 0.803738 586 54621 0 35.9911 3.92425 43.7725 31.8184 30.7076 409 177 1.57883
462 0.721022 0.784188 657 53120 442 33.9937 2.70262 42.3203 30.2264 33.1494 509 148 0.783403
463 0.995633 0.7343 626 60540 0 34.8727 1.77076 40.3127 40.0554 29.926 458 168 1.78211
464 0.649007 0.630901 650 66673 462 34.6524 1.88023 41.9304 29.778 28.5115 453 197 0.743432
465 0.502857 0.835443 722 63841 538 35.4321 1.38676 49.7532 19.9881 33.5198 525 197 0.765896
466 0.947727 0.758182 609 74124 0 35.5316 1.18696 41.0144 37.1963 29.1155 440 169 1.73351
467 0.852273 0.878906 725 96976 0 35.6099 1.73289 46.9116 33.1914 34.3834 528 197 2.42167
468 1 0.556291 454 33559 453 22.0083 17.506 28.5921 28.5921 15.9113 252 202 0.0706683
469 0.925333 0.692615 550 33315 503 26.8221 9.61394 33.3323 30.3524 22.2619 375 175 0.198734
470 0.889571 0.771277 639 45237 0 30.1679 5.5581 37.6486 33.1831 28.6793 489 150 1.82292
471 0.722467 0.65996 636 83334 425 32.2873 3.54105 39.1601 30.2371 27.8927 454 182 0.810213
472 0.894353 0.94605 721 77534 0 35.9678 0.596503 45.7188 33.0364 34.7935 549 172 2.34421
473 0.93007 0.886667 585 52124 477 38.4121 0.625455 39.6765 30.4656 28.9824 429 156 0.389022
474 0.812977 0.880165 659 78951 433 34.2233 1.3644 42.1732 30.3345 33.755 524 135 0.885401
475 0.954918 0.802065 630 49879 0 34.9994 0.985479 41.3079 38.0502 32.1049 488 142 1.8019
476 0.908537 0.707278 683 70484 0 34.0726 2.32287 44.2382 41.1748 32.0023 492 191 2.07816
477 0.994832 0.681416 606 74689 0 37.2514 0.984888 42.5654 39.6856 27.5099 387 219 1.72564
478 0.916522 0.781899 755 69659 0 31.5753 5.41613 48.5345 43.1861 35.8478 575 180 2.55058
479 1 0.629187 419 21324 418 18.2929 18.9737 24.1175 24.1175 14.7679 263 156 0.0496483
480 0.477273 0.691617 644 70470 425 35.1644 1.21378 42.9089 20.3632 32.4584 484 160 0.808685
481 0.883239 0.737421 711 99357 0 37.9969 0.620024 50.3472 45.1647 34.7108 531 180 2.3363
482 0.898551 0.713816 667 80436 0 33.8392 1.99649 41.4895 38.2266 28.7294 483 184 2.03763
483 0.989848 0.728972 557 53508 0 37.741 0.543538 38.8542 37.5484 28.0106 394 163 1.42702
484 0.539179 0.667436 699 84113 445 35.3162 2.08783 48.9725 28.5536 35.565 536 163 1.03207
485 0.602941 0.65977 679 83003 457 36.436 1.19037 46.2786 29.6458 32.3707 476 203 0.897225
486 0.979633 0.71791 694 62778 0 31.7398 3.72611 43.9658 42.1461 30.0517 491 203 2.15092
487 0.615842 0.660297 699 85979 397 35.8321 1.21827 45.8035 30.2385 32.9814 505 194 1.17274
488 0.933054 0.6851 697 79949 0 33.388 1.87462 43.3135 40.4044 29.5481 478 219 2.21502
489 0.729097 0.902692 814 103275 536 35.1086 1.3017 52.5899 30.3527 39.3257 598 216 1.28424
490 0.964361 0.794473 615 47600 0 34.6697 2.7687 42.8283 40.349 33.1414 477 138 1.70249
491 0.923628 0.775551 626 41276 555 29.0607 7.88301 37.6477 29.5721 25.3586 419 207 0.318438
492 0.922907 0.77881 582 55354 0 33.9045 2.64702 38.2418 35.3559 29.9604 454 128 1.54985
493 0.916143 0.761324 672 82682 0 37.8662 0.738204 47.2884 40.4554 33.5236 477 195 2.07791
494 0.9125 0.786355 688 72761 0 36.8161 0.82736 47.6306 39.1786 32.9904 480 208 2.12534
495 0.984158 0.721335 698 81502 0 36.1564 1.03899 44.1192 43.4758 32.0385 505 193 2.22056
496 0.800738 0.943478 680 68135 387 36.2888 1.07381 44.4065 29.9028 35.9929 542 138 1.07531
497 1 0.25283 266 8820 265 9.88936 29.2855 15.0893 15.0893 3.3923 67 199 0.0205632
498 0.764957 0.752101 620 66955 450 32.9916 2.33399 39.3498 30.36 29.5098 468 152 0.645893
499 0.904682 0.8656 711 84361 0 35.675 2.35539 48.4842 42.9261 41.1236 598 113 2.27925
500 0.970909 0.777293 708 63099 0 33.9907 2.3203 46.6369 45.5716 34.9836 550 158 2.24175
501 0.865191 0.778986 629 64320 0 34.5009 2.06605 38.8402 34.378 30.9618 497 132 1.8221
502 0.884298 0.750877 668 82058 0 34.4755 1.55623 41.4126 35.3303 29.9962 484 184 2.0189
503 0.743786 0.838362 716 81223 488 34.6127 0.881661 46.5459 29.3881 32.6377 523 193 0.940146
504 0.935922 0.890943 701 77886 0 36.2387 1.20871 47.161 36.5153 34.5481 515 186 2.2178
505 0.648208 0.791252 760 73812 522 33.3052 2.85806 43.3607 29.5819 34.7763 614 146 1.03742
506 0.978516 0.815961 626 40160 0 31.8117 4.13799 39.4095 38.624 32.072 512 114 1.72173
507 0.882075 0.658451 625 54585 0 32.5623 2.53592 36.8342 33.1509 24.1991 424 201 1.75665
508 0.966292 0.704918 629 76132 0 29.6317 8.03716 40.7148 39.4184 28.3621 445 184 1.82416
509 0.946988 0.685864 601 53552 0 39.6269 0.297793 43.9626 42.1392 28.6981 415 186 1.63824
510 0.947034 0.736409 647 85597 0 33.2668 1.37384 39.3324 36.6519 27.9146 472 175 1.9343
511 0.895745 0.722127 646 71251 0 34.1149 2.00635 41.1934 37.0791 29.3803 470 176 1.91072
512 0.977459 0.776873 672 65100 0 33.1065 3.10696 44.0669 40.2212 31.8732 488 184 2.05759
513 0.816162 0.763705 665 60393 572 32.7143 2.00151 39.2292 30.1736 29 495 170 0.405204
514 0.928279 0.81769 621 63107 0 32.9549 2.32015 39.3879 34.7103 30.335 488 133 1.74432
515 0.880515 0.76886 714 75604 0 35.0721 2.02086 45.4522 39.5529 32.1628 544 170 2.27073
516 0.836478 0.77027 635 87857 0 35.5938 1.33488 40.7164 33.679 30.4407 477 158 1.84785
517 0.885922 0.746421 568 57018 483 33.5154 1.81838 35.0968 30.2159 25.238 412 156 0.350109
518 0.961924 0.75 678 79072 0 33.298 3.26154 43.0601 40.5077 31.7449 499 179 2.12142
519 0.81864 0.703463 581 44499 482 30.0682 8.05321 36.7535 28.8765 24.3657 397 184 0.372551
520 0.874743 0.770344 617 49788 0 31.9716 3.79931 38.3382 34.1102 29.9199 487 130 1.72564
521 0.737132 0.830228 728 86137 547 34.0502 2.0856 45.8167 29.8393 33.8133 544 184 0.813146
522 0.93763 0.759259 632 68954 0 33.2664 2.32646 38.8169 36.8658 29.5311 481 151 1.84174
523 0.963054 0.774257 523 43663 0 36.9374 0.919033 35.1914 34.043 27.6076 406 117 1.24103
524 0.978378 0.772404 743 65551 0 34.9881 1.03307 43.7105 41.6332 31.8309 555 188 2.44665
525 0.572174 0.672802 781 87709 473 34.7353 1.01582 47.0192 29.4146 35.4652 575 206 1.31242
526 0.592417 0.751503 798 111366 521 33.7114 2.19999 48.0411 30.1804 38.0578 633 165 1.27634
527 1 0.63835 413 21905 412 20.706 15.4626 24.8474 24.8474 15.6066 263 150 0.0483359
528 0.820896 0.8 675 51763 0 33.3524 1.82863 41.1982 33.5478 32.7969 536 139 2.0348
529 0.943158 0.768439 623 61766 0 37.1385 0.785966 46.5474 43.4902 35.4643 475 148 1.76928
530 0.917373 0.659056 699 67343 0 35.1366 1.30916 48.4024 45.5917 30.4001 472 227 2.20493
531 0.989817 0.752322 655 53469 0 28.2429 8.93058 41.3594 40.7175 30.0316 491 164 1.92086
532 0.963145 0.725926 555 39621 549 30.679 3.11238 31.1819 30.2409 23.0969 407 148 0.0994757
533 0.890909 0.672549 601 67017 0 38.6738 0.27514 41.0532 34.7462 25.9695 385 216 1.69431
534 0.635452 0.801688 775 75193 506 35.268 1.86231 51.5885 30.4373 39.7099 598 177 1.14932
535 0.940898 0.687392 609 51020 0 33.1334 3.2534 39.1489 37.268 26.8462 423 186 1.667
536 0.985348 0.787701 698 59029 0 37.1663 0.546505 44.799 44.0127 34.125 546 152 2.15878
537 0.947781 0.900744 544 39373 501 29.2069 6.86301 35.2434 25.991 24.8087 383 161 0.194669
538 0.914485 0.835726 693 58483 0 32.293 3.32135 41.33 37.7222 34.9231 573 120 2.13408
539 1 0.647815 390 20467 389 16.062 22.0501 22.0779 22.0779 13.812 252 138 0.0454894
540 0.779297 0.927907 651 56926 446 35.3211 2.9863 46.1317 30.3335 35.9767 512 139 0.756568
541 0.67992 0.799065 667 78299 482 34.5659 1.9452 45.0429 28.0648 31.8871 503 164 0.765063
542 0.95992 0.840351 593 53999 0 31.1964 5.19119 38.6167 37.1585 32.9591 499 94 1.59678
543 0.986425 0.746575 632 83514 0 34.099 1.40498 38.3152 35.5842 26.7904 442 190 1.8363
544 0.724335 0.850446 758 78139 492 36.5905 0.899126 50.8233 28.2828 34.9815 526 232 1.11749
545 0.928741 0.80123 571 71800 522 33.504 2.01683 36.0214 30.2642 26.3544 421 150 0.272245
546 0.973631 0.783034 681 77842 0 34.5915 0.97017 41.8032 37.5815 30.111 493 188 2.10722
547 0.844639 0.819533 618 67067 445 35.7975 0.922276 41.3035 28.3226 27.9583 457 161 0.652305
548 0.848649 0.921722 732 57795 0 34.0499 3.40369 46.9929 32.211 34.4852 555 177 2.37653
549 0.824903 0.854839 644 47927 430 32.5904 2.38895 38.6297 30.3558 31.0996 514 130 0.774725
550 0.972763 0.798722 647 103431 0 34.0494 1.17524 39.5849 38.3053 31.9851 514 133 1.9696
551 0.966741 0.745299 607 67181 0 33.0235 3.98 39.225 37.4927 29.2352 451 156 1.71354
552 0.679389 0.772234 721 84113 478 35.5613 1.75098 48.2092 29.9495 35.3567 524 197 1.00708
553 0.890591 0.875269 598 43728 515 32.244 5.53816 39.9767 29.9851 29.8325 457 141 0.343845
554 0.942308 0.773684 646 53096 0 32.1645 5.84532 42.1142 37.2089 30.907 468 178 1.85798
555 0.899796 0.967033 673 57561 595 37.6809 0.914592 48.4404 30.5573 32.6656 489 184 0.380945
556 0.96888 0.746006 643 69922 0 28.5141 7.31167 39.0631 37.6466 29.0424 482 161 1.89288
557 0.946429 0.764948 585 41117 504 33.8407 2.60726 35.2714 29.5571 24.1938 392 193 0.319971
558 0.749588 0.942029 806 81359 596 33.8374 2.96893 50.5484 29.0973 36.6987 607 199 0.993019
559 0.965986 0.737024 617 57557 0 37.6534 0.789247 43.7604 41.0239 31.7869 441 176 1.73303
560 0.94898 0.731132 663 64443 0 36.8009 2.49318 45.2636 43.5936 33.6441 490 173 2.00017
561 0.640684 0.655642 720 60461 436 31.5463 4.03048 43.348 30.4329 31.7046 526 194 1.11421
562 0.889749 0.767947 664 46153 0 32.0874 3.98477 40.0218 36.04 28.9984 517 147 1.93966
563 0.889381 0.710247 620 60356 0 34.5725 2.13574 41.7807 37.9596 29.9702 452 168 1.75307
564 0.657718 0.662162 650 76202 475 35.6059 1.56404 44.6209 30.2425 30.0927 447 203 0.696914
565 1 0.51087 277 8888 276 12.2554 27.0014 15.7047 15.7047 7.54934 141 136 0.0210266
566 0.81746 0.905495 657 55117 476 33.2221 3.44013 42.0158 29.3426 33.1161 504 153 0.70921
567 0.824561 0.944724 643 90508 437 34.5926 2.47972 42.2646 25.3281 29.2737 456 187 0.813039
568 0.650215 0.701389 626 66985 357 36.6229 1.33113 44.3995 29.9341 33.0746 466 160 0.932998
569 0.856855 0.703642 679 77459 0 33.7884 2.72225 43.4697 39.5501 29.2391 496 183 2.11562
570 0.970711 0.741214 641 59398 0 36.1707 0.996674 42.6967 41.5331 29.7724 478 163 1.85573
571 0.96748 0.64557 604 51345 0 23.3426 14.7471 36.7735 33.2161 22.077 369 235 1.68046
572 0.982456 0.808989 634 56125 0 29.9372 9.25564 44.7237 44.1802 35.579 513 121 1.81443
573 0.912234 0.67387 567 69180 0 35.905 1.66858 38.639 34.7615 25.6822 376 191 1.52075
574 0.868984 0.712719 561 67198 490 34.7701 2.39473 37.328 29.9341 24.1682 374 187 0.343448
575 0.985472 0.680602 607 55334 0 37.5935 0.775129 45.639 45.1125 30.6001 413 194 1.67866
576 0.836066 0.87931 646 51830 427 35.6829 1.10581 42.3664 29.6984 31.3711 488 158 0.797355
577 0.995825 0.792359 625 65915 0 36.1316 1.06563 41.2194 39.9741 32.3379 479 146 1.774
578 0.864173 0.701278 716 55310 0 31.7313 4.36189 44.7687 38.5535 31.6281 508 208 2.27106
579 0.974937 0.748077 567 55161 0 36.9806 1.15284 39.4549 36.1177 27.8508 399 168 1.41403
580 0.912424 0.746667 646 67035 0 33.2303 4.75775 41.5175 38.7734 30.256 491 155 1.88734
581 0.913146 0.932854 521 49176 0 34.69 4.4222 39.0077 31.3151 32.4217 426 95 1.01923
582 0.82874 0.873444 686 63633 467 32.0378 2.60589 41.1773 28.1564 30.0896 508 178 0.872568
583 0.888889 0.809717 555 49425 481 32.5128 2.1758 34.3687 30.4823 27.7633 450 105 0.302768
584 0.810552 0.786047 630 69254 480 37.8094 0.936014 44.3529 30.0875 29.6965 417 213 0.616202
585 0.783333 0.741617 632 75820 525 32.1679 3.43 36.9422 29.8724 28.0702 480 152 0.484436
586 0.975057 0.763766 626 48648 0 29.4229 8.17145 38.6164 35.2487 27.6753 441 185 1.78433
587 0.888889 0.678967 594 52997 0 38.359 0.50933 43.1987 39.567 27.5472 414 180 1.62071
588 0.983213 0.770677 544 60441 0 35.5396 1.47997 37.7108 37.0177 28.9053 417 127 1.40141
589 0.966292 0.793358 594 44891 0 31.4433 2.72628 34.9649 31.7096 26.066 445 149 1.58649
590 0.975113 0.664099 669 54949 0 35.104 2.4716 45.1442 43.8531 28.81 442 227 2.04916
591 0.983491 0.80814 561 67859 0 36.8125 0.980105 37.8427 35.0807 29.207 424 137 1.48757
592 0.980488 0.762808 584 41815 0 28.0309 9.59499 35.4622 32.2377 24.9723 410 174 1.5393
593 0.841163 0.775258 584 80933 0 37.006 0.739345 38.787 32.4917 30.2438 447 137 1.64765
594 0.815965 0.747967 649 54622 0 29.1073 6.67791 40.9939 31.1172 27.4918 451 198 1.30479
595 0.763209 0.844156 666 72684 504 35.7744 1.99995 44.5052 30.3557 34.0649 511 155 0.664234
596 0.76525 0.853608 652 55882 434 33.2475 1.8899 38.8348 29.2844 32.4881 541 111 0.825517
597 0.938735 0.690407 730 64533 0 34.2012 2.2629 44.2666 41.7901 29.7078 506 224 2.42894
598 0.978587 0.648227 716 88415 0 35.0447 1.67351 45.4052 44.702 28.9537 467 249 2.41537
599 0.861702 0.724508 630 81988 0 34.9707 1.06989 40.3525 35.4757 29.1466 470 160 1.84621
600 0.777778 0.941176 788 74821 632 36.8341 1.46966 54.1898 30.6595 37.2799 576 212 0.773289
601 0.991071 0.807273 567 64439 0 36.1018 1.47426 38.4912 37.3666 30.9678 448 119 1.50292
602 0.836466 0.813528 667 71762 0 33.7349 2.05187 40.564 33.2852 33.3458 532 135 1.97422
603 0.937815 0.830357 710 74699 0 33.8526 2.80342 42.6075 40.3496 36.1125 595 115 2.29885
604 0.946882 0.925508 589 62626 530 34.9737 1.91052 37.6526 28.431 27.6532 433 156 0.299747
605 0.96383 0.746293 659 59898 0 36.0907 1.12181 44.5071 40.9825 31.3539 470 189 2.0187
606 0.82699 0.872263 676 56835 0 32.8451 2.23989 43.2025 35.1648 36.5166 578 98 2.11817
607 0.918103 0.698361 680 71394 0 33.196 1.96613 42.3587 37.9728 28.1679 464 216 2.062
608 0.979911 0.776991 578 66817 0 36.7238 0.572587 40.2389 39.1616 31.4311 448 130 1.57568
609 0.894118 0.72381 742 51583 0 33.3064 3.67865 45.2537 38.8126 30.5675 510 232 2.41087
610 0.774067 0.772549 697 75774 574 33.1443 1.74668 41.5786 29.7838 29.9971 509 188 0.550423
611 0.987342 0.997868 640 45674 638 33.7317 3.77201 41.8094 30.5105 30.8392 474 166 0.105154
612 0.850598 0.772152 636 45209 0 31.5531 3.80825 38.3046 33.4824 28.5486 502 134 1.8156
613 0.934944 0.762121 708 115955 0 35.4212 1.03217 46.1913 43.3042 35.2377 538 170 2.30698
614 0.914077 0.769231 718 67438 0 31.3649 5.60547 44.136 39.8187 33.7537 547 171 2.30661
615 0.918736 0.735986 590 49049 0 35.1418 3.06471 40.8041 38.47 29.5647 443 147 1.59289
616 0.740672 0.813525 657 88407 482 34.6992 1.0692 40.1442 30.5216 32.5373 536 121 0.718754
617 1 0.263666 312 11816 311 9.84275 29.2764 17.0876 17.0876 4.22939 82 230 0.0271389
618 0.934354 0.928261 612 55617 540 35.1249 1.87182 42.113 30.4987 30.8626 457 155 0.341592
619 0.978166 0.693498 657 82582 0 36.9676 1.32519 46.8811 46.0792 33.0385 458 199 2.00095
620 0.987805 0.718085 573 57625 0 35.8416 1.69248 37.4474 36.9767 27.3392 410 163 1.51738
621 0.909492 0.895652 626 40452 559 33.0066 4.03911 40.8647 29.8237 29.3858 453 173 0.317457
622 0.946237 0.699801 573 37409 0 30.9424 5.31094 34.9399 31.0178 22.3694 372 201 1.47278
623 0.779014 0.985915 809 70094 0 35.7008 0.784318 51.2921 31.0787 39.6258 629 180 2.89892
624 0.829167 0.685026 678 62051 0 31.0737 7.6505 47.3285 40.6148 30.6718 480 198 2.10482
625 0.807252 0.724315 694 74868 0 36.7578 0.826277 46.0031 38.0952 34.9417 524 170 2.18446
626 0.798768 0.915294 664 69717 521 37.7842 0.536029 47.0366 28.043 32.741 487 177 0.63979
627 1 0.883333 421 32022 416 28.7527 7.33862 26.0288 26.0288 23.0249 371 50 0.0695152
628 0.735714 0.766749 550 53005 457 33.1978 3.0922 36.8943 26.8411 25.8112 420 130 0.357339
629 0.820248 0.686851 689 70873 0 34.2551 1.44064 42.8463 35.9312 29.8062 484 205 2.18701
630 0.882051 0.761062 525 48908 399 35.3078 1.68313 35.5753 30.3665 25.5805 390 135 0.420017
631 0.973856 0.665179 687 63051 0 33.1913 3.0466 42.1689 41.2955 29.2236 459 228 2.10378
632 0.903885 0.922756 657 79228 585 34.5445 1.48077 42.3692 30.3402 30.7093 489 168 0.38706
633 1 0.705202 525 34654 0 25.3635 13.7854 32.7156 32.4343 22.8956 366 159 1.26456
634 0.821946 0.808554 645 47770 450 35.2633 1.2784 40.8983 29.5668 27.9531 483 162 0.714268
635 0.823985 0.694943 707 61236 0 30.4505 6.04885 43.5422 37.88 31.3966 517 190 2.2408
636 0.945824 0.69028 642 75975 0 35.1272 1.3902 44.6623 42.3474 29.7426 443 199 1.87865
637 0.90604 0.798817 576 74508 0 35.4775 1.57032 38.539 34.1294 30.2547 447 129 1.54571
638 0.826531 0.922551 684 92719 505 34.5556 3.50054 46.4256 29.3507 33.4374 490 194 0.78592
639 0.895377 0.796537 614 45649 407 36.4355 0.868461 40.4081 30.1041 27.3769 411 203 0.705706
640 0.906542 0.741874 566 39345 0 35.454 2.06965 37.6736 35.0322 28.3203 428 138 1.43491
641 0.969524 0.740902 718 89598 0 34.2382 3.66793 47.0066 45.1348 35.119 525 193 2.35642
642 0.909804 0.794521 646 86963 0 34.9262 0.975119 41.6087 37.4884 32.063 510 136 1.89979
643 0.791932 0.686924 644 56391 598 32.3101 2.67416 36.5162 30.4599 26.8681 471 173 0.25912
644 0.764214 0.917671 709 78607 418 34.6254 1.64634 44.2286 30.5682 36.7884 598 111 1.10778
645 0.520761 0.71327 742 107699 553 36.5397 1.55015 55.2544 29.2699 41.3128 578 164 0.904538
646 0.962662 0.831697 737 94106 0 32.743 5.30997 45.9538 44.3678 38.3382 616 121 2.45654
647 0.815451 0.913462 562 74374 358 33.8908 2.34321 38.9801 28.9722 32.4168 466 96 0.709797
648 0.826667 0.748491 583 37070 515 33.7665 1.41023 35.9556 30.476 27.5409 450 133 0.276724
649 0.941292 0.789819 654 44389 0 31.2305 3.72067 38.9549 36.699 30.7844 511 143 1.89696
650 1 0.733553 618 54655 0 32.6075 5.49816 42.4074 41.8692 29.3726 446 172 1.74202
651 0.64574 0.641425 622 65406 405 36.9063 1.69341 41.9211 30.5305 30.3487 446 176 0.774492
652 1 0.777403 611 57270 0 36.08 1.35846 42.1664 41.0032 32.1871 461 150 1.67399
653 0.873541 0.953291 676 70415 0 34.955 1.42385 44.1309 30.9826 34.0875 514 162 2.08964
654 0.864865 0.807767 602 54240 0 33.3073 2.24589 37.1124 31.2488 29.5355 481 121 1.66134
655 0.984496 0.717514 538 38010 517 23.3165 13.0425 30.7887 30.4332 21.6375 387 151 0.137317
656 0.967509 0.755994 730 84689 0 34.8347 2.05014 48.3792 47.3215 35.0115 554 176 2.42178
657 0.986792 0.782934 679 62628 0 33.9811 1.59068 41.117 40.401 32.4381 530 149 2.0635
658 0.815385 0.709369 637 73394 0 33.4435 3.55568 43.4929 35.7071 30.5554 455 182 1.88805
659 0.948529 0.757339 537 37225 520 32.0661 2.05791 31.9446 30.3068 24.2116 408 129 0.125461
660 0.880455 0.926148 662 73648 0 36.6134 1.47605 44.5623 34.5481 35.9283 527 135 1.99247
661 0.91453 0.882474 543 43165 473 28.2965 7.58753 33.448 30.0479 29.2538 468 75 0.279914
662 0.962594 0.736641 618 48404 0 32.4962 4.64967 38.5855 33.1214 25.3195 401 217 1.72081
663 0.980488 0.881579 559 61438 542 38.0024 0.921503 37.7934 30.2458 27.4253 410 149 0.170794
664 0.885714 0.748276 648 87408 0 33.6073 1.89025 39.3903 35.5191 29.7738 490 158 1.9631
665 0.716117 0.842672 755 111850 545 36.0149 1.41646 50.3323 30.6082 35.5545 546 209 0.937214
666 0.979757 0.738931 679 52615 0 29.178 8.62265 43.1072 41.7481 31.9684 494 185 2.06302
667 0.905983 0.747795 657 60242 0 34.2684 1.41542 39.6929 34.3095 28.3104 468 189 1.94529
668 0.56087 0.542017 688 75524 484 35.6228 1.48217 44.9891 30.5888 29.461 460 228 0.820762
669 0.877629 0.713841 712 74860 0 35.5927 1.16065 47.2264 42.7643 34.5978 523 189 2.30721
670 0.938 0.733959 711 54665 0 32.0834 2.70649 43.3348 38.7569 31.4226 500 211 2.25015
671 0.95914 0.753378 618 40302 0 31.4093 3.95101 35.7333 34.1383 26.6087 465 153 1.69952
672 0.874126 0.784519 558 47461 387 31.6067 3.74949 34.1904 29.1285 26.4953 429 129 0.570423
673 0.620758 0.613412 746 77030 409 33.8283 1.84634 43.5059 29.4254 28.7588 501 245 1.3267
674 0.866667 0.829218 616 44467 482 33.7974 2.24286 39.001 30.253 29.187 465 151 0.496394
675 0.965517 0.810903 627 70787 0 34.6207 1.70312 41.7789 39.3563 32.7456 493 134 1.8097
676 0.983725 0.754508 783 97364 0 36.9911 1.12947 54.3371 50.2953 38.6784 553 230 2.79063
677 0.823062 0.803883 650 53676 551 27.108 10.6734 38.4299 30.3638 28.9722 503 147 0.427748
678 0.965347 0.772787 786 75616 0 35.0253 1.87614 46.9208 45.1621 35.7261 606 180 2.74492
679 0.853748 0.742448 710 65647 0 36.8398 0.456443 47.4422 42.4626 34.1554 547 163 2.28231
680 0.84375 0.756 635 84691 516 31.3901 4.27987 37.9375 29.6223 25.8616 448 187 0.533184
681 0.931535 0.822344 605 84399 0 35.3508 1.12011 41.1714 37.3488 32.5992 482 123 1.67954
682 0.901437 0.874502 628 59726 0 37.5519 1.14396 43.2847 34.7212 33.8657 487 141 1.77651
683 0.664013 0.819253 764 93777 473 34.5488 1.15093 47.4153 30.3286 39.2834 628 136 1.25237
684 0.887356 0.817797 614 71590 468 35.092 1.25099 40.6021 30.4744 27.9173 435 179 0.582659
685 0.723014 0.618467 729 66737 0 32.7405 2.92063 41.4265 33.593 28.0615 491 238 2.37258
686 1 0.503521 285 10450 284 12.2472 26.4895 15.9486 15.9486 7.87623 143 142 0.0242607
687 0.75395 0.68866 654 56787 445 34.4208 1.28956 40.4005 30.1523 27.5618 443 211 0.772589
688 0.881188 0.779335 641 53575 0 32.6432 2.21571 37.4813 33.6947 28.5506 505 136 1.84161
689 0.962138 0.692308 642 62511 0 37.4907 1.06526 45.0951 43.9716 29.2067 449 193 1.87698
690 0.983146 0.821596 664 51794 0 32.2058 5.11203 41.5954 40.1068 33.2083 534 130 1.9605
691 0.964286 0.849338 657 66512 0 33.7089 1.78406 39.4853 36.6911 31.7812 532 125 1.95134
692 0.652439 0.657787 676 53551 469 31.1899 6.29899 41.7623 29.9487 29.8248 492 184 0.781207
693 0.837778 0.704673 622 51974 0 30.9008 4.01181 36.9779 31.9964 26.3162 450 172 1.76951
694 0.848718 0.817284 570 60241 394 34.4399 1.55157 36.0245 25.4969 23.3409 390 180 0.575742
695 0.600985 0.742394 794 88597 490 33.9076 1.93592 46.702 28.6773 36.9071 609 185 1.33577
696 0.549801 0.589744 695 67651 431 33.5856 3.38239 45.1789 30.2545 33.5705 502 193 1.04153
697 0.924 0.762376 656 68209 0 33.6911 2.70306 40.5913 37.5793 30.9338 500 156 1.91217
698 0.889113 0.924528 627 70847 0 35.2835 1.74324 43.5429 33.5134 34.4014 496 131 1.82669
699 0.648221 0.702355 682 99517 435 34.651 1.01033 43.8744 29.8607 31.1703 506 176 0.98585
700 0.734875 0.736185 721 87269 0 33.5651 1.71806 46.0112 35.7295 36.2899 562 159 2.31063
701 0.865217 0.791252 617 35202 537 29.262 6.85606 36.9501 30.3357 27.0773 460 157 0.344496
702 0.942922 0.771963 606 75043 0 37.1238 1.50636 43.7194 38.5888 31.0101 438 168 1.70955
703 0.845455 0.727984 584 51318 0 35.9153 1.34788 38.4833 33.899 28.9785 440 144 1.55102
704 0.980806 0.757037 686 72363 0 32.611 4.41964 42.5519 42.0614 32.7772 521 165 2.13485
705 0.933213 0.812893 700 80616 0 34.7801 1.21183 43.6726 39.7551 35.2523 554 146 2.24548
706 0.911927 0.781447 694 68163 0 35.7259 1.68768 45.2497 41.4566 35.3886 545 149 2.19419
707 0.968811 0.748494 689 63292 0 36.1755 1.59034 47.1576 45.5387 34.7692 513 176 2.10199
708 0.534304 0.580135 709 85554 471 34.9895 1.44193 47.3581 29.0785 31.2029 481 228 0.981959
709 0.949219 0.989817 517 42654 499 25.6905 11.3491 31.8262 30.1814 31.5972 512 5 0.122501
710 0.964706 0.744327 708 88980 0 36.2261 0.533033 46.1251 43.3787 32.9653 510 198 2.31136
711 0.952164 0.787194 559 51895 0 32.0943 2.87058 35.3196 33.6337 27.5606 439 120 1.42731
712 0.723443 0.71558 720 69927 0 34.9601 1.61927 45.3813 34.8173 33.5854 546 174 2.31523
713 0.733068 0.727273 684 83271 447 32.8272 3.05517 41.0262 30.3922 30.2154 502 182 0.958533
714 0.987526 0.715361 685 62066 0 31.8081 3.63268 39.9994 39.0086 28.8809 481 204 2.08406
715 0.564706 0.647191 694 64734 373 32.2105 3.33793 42.872 27.2907 31.8265 510 184 1.15071
716 0.997976 0.796446 636 84381 0 35.2095 1.23641 41.8105 40.6887 31.5686 494 142 1.89091
717 0.969639 0.763827 686 70080 0 36.3653 1.12166 46.64 45.6719 34.0089 527 159 2.1128
718 0.883268 0.752902 667 60312 0 32.1486 4.30801 40.7556 37.1321 31.4357 514 153 1.99106
719 0.796134 0.879612 694 59135 577 33.0479 2.38959 40.2715 30.1504 32.9324 569 125 0.535042
720 0.89881 0.731826 679 58897 0 31.7466 4.20914 40.668 37.3939 30.3872 504 175 2.06061
721 0.871486 0.904167 613 70663 0 35.8076 1.30982 42.5401 33.211 34.4463 498 115 1.74991
722 0.957565 0.739316 726 120103 0 39.2288 0.225814 57.4975 55.7459 40.1859 542 184 2.43006
723 0.895582 0.7136 694 100881 0 35.8593 1.95319 45.7731 40.8354 32.8133 498 196 2.22958
724 0.872093 0.931677 707 68527 602 33.4436 2.53408 41.6441 29.1822 30.9387 516 191 0.506222
725 0.854902 0.828897 720 71208 0 34.9087 2.00384 45.2624 30.852 31.209 510 210 2.31405
726 0.676732 0.682796 797 89899 0 34.3997 1.72396 48.578 34.2925 34.6196 563 234 2.81986
727 0.983568 0.805769 571 28008 415 29.489 6.10033 32.9832 29.9068 24.5565 426 145 0.498071
728 0.95679 0.960744 610 45077 569 33.7357 2.0913 35.9212 28.0691 28.3987 486 124 0.237499
729 0.98927 0.743548 638 55082 0 36.4725 0.998654 42.0614 41.0517 30.8817 466 172 1.82409
730 0.948357 0.734545 575 39506 0 30.2293 4.60956 33.1138 31.82 24.7585 426 149 1.48462
731 0.913215 0.741987 677 86393 0 35.3589 1.81217 44.3111 41.2194 33.0421 507 170 2.09337
732 0.877682 0.76306 632 76707 0 32.803 2.3807 39.7586 33.378 28.6249 466 166 1.84513
733 0.90989 0.824701 560 62180 0 36.4645 0.797466 38.3417 34.4599 30.8859 455 105 1.4543
734 0.940952 0.80456 673 81856 0 36.8702 1.35386 45.3581 40.9386 35.584 525 148 2.06701
735 0.863135 0.678819 673 63957 0 33.7701 2.39217 41.6194 36.0904 28.6125 453 220 2.03346
736 0.676409 0.645418 671 59196 417 33.5478 2.10997 40.3429 29.9111 28.7402 479 192 0.924092
737 0.943844 0.971111 629 49484 510 34.7732 4.6671 44.8053 30.3542 31.4192 463 166 0.468304
738 0.955335 0.795455 535 57606 0 37.0814 0.740276 35.017 31.9155 26.6937 403 132 1.33823
739 0.928058 0.746744 751 95183 0 34.5808 2.63284 48.7866 44.723 35.5583 556 195 2.58902
740 0.960177 0.74188 656 76315 0 37.1482 1.15806 44.6406 39.8216 30.7827 452 204 1.98419
741 0.764925 0.763501 694 50146 0 31.8662 2.59473 41.1 31.7568 31.4564 536 158 2.12358
742 0.948718 0.738032 793 101091 0 35.647 1.63617 50.434 47.8963 35.2278 585 208 2.84748
743 0.803846 0.76 681 62276 570 32.7536 1.73539 37.7195 30.4971 29.5749 520 161 0.490898
744 0.745063 0.914097 729 61384 524 34.8001 3.26428 46.67 27.4753 34.2629 557 172 0.853788
745 0.979899 0.755814 564 58723 0 32.5033 3.39406 35.2821 32.1614 24.1019 398 166 1.45466
746 0.924324 0.732857 768 141646 0 35.0028 1.26877 48.9866 45.0407 34.7145 555 213 2.71691
747 0.993562 0.759016 623 82530 0 36.6604 0.992846 43.4811 42.7159 32.8413 466 157 1.83636
748 0.85214 0.906832 644 58348 488 32.0523 4.17462 39.3373 29.3197 31.6748 514 130 0.606706
749 0.990689 0.71028 758 88972 0 37.0338 0.962631 51.2408 50.8282 36.2203 537 221 2.59651
750 0.770554 0.862955 633 48331 501 34.7954 2.51756 40.5704 29.9454 33.8248 523 110 0.526176
751 0.807393 0.886752 648 63102 396 33.3737 2.72313 42.0315 30.4678 33.419 514 134 0.918318
752 0.902326 0.713235 601 35983 0 26.4203 9.36523 34.4722 31.4144 24.482 430 171 1.60578
753 0.844622 0.76259 675 54439 0 32.4282 3.00845 40.5215 33.3149 30.3805 502 173 2.04138
754 1 0.268657 336 15409 335 10.7087 29.1817 19.6036 19.6036 4.56014 90 246 0.0383886
755 0.878407 0.906926 654 50722 502 33.7895 2.86697 43.0552 29.8786 31.2976 477 177 0.586928
756 0.562977 0.668934 706 88351 447 35.4859 1.4094 46.6071 28.0017 34.0987 524 182 1.02575
757 0.913894 0.754443 719 65698 0 34.6784 1.69217 46.6865 40.6269 33.7321 511 208 2.28913
758 0.877315 0.853604 566 60052 508 37.9228 0.288538 38.7372 30.4325 29.8437 432 134 0.282994
759 0.921649 0.756345 633 65967 0 35.0895 3.56707 42.7382 39.7624 30.7073 485 148 1.82415
760 0.925508 0.748175 675 92269 0 38.1091 0.3871 46.1945 38.1339 30.568 443 232 2.11041
761 0.934537 0.766667 597 89070 0 37.6945 0.568226 41.0537 37.2976 30.505 443 154 1.69377
762 0.810976 0.798 645 47543 504 30.5167 4.93276 39.2937 30.1558 28.8764 492 153 0.53327
763 0.986667 0.719611 627 60558 0 37.083 1.68009 44.6662 44.1122 32.0443 450 177 1.80861
764 0.715835 0.652174 642 53902 0 34.7192 1.7069 39.915 31.1944 26.2221 461 181 1.85471
765 0.849291 0.693198 781 102032 0 38.1084 0.587103 57.8134 51.9637 38.9413 564 217 2.77642
766 0.621514 0.722222 731 77015 464 33.6044 3.36952 48.4042 27.5311 32.0697 502 229 1.08884
767 0.911591 0.970711 717 63711 676 34.9424 1.60511 48.2742 30.4503 32.0589 509 208 0.285254
768 0.986408 0.794992 649 61978 0 33.9134 1.68362 42.1173 41.5825 32.3953 515 134 1.89603
769 0.783058 0.783058 599 53679 321 32.3509 3.29717 37.3599 28.895 30.0146 484 115 0.904029
770 0.648115 0.763214 721 71182 473 35.9488 1.00968 46.6824 27.7899 34.2166 557 164 1.00385
771 1 0.771008 477 27479 476 30.8148 3.57995 27.9678 27.9678 21.2358 367 110 0.0680194
772 0.941964 0.784387 584 44165 0 34.2384 2.09717 39.7054 36.7855 30.6544 448 136 1.53643
773 0.833333 0.725646 607 54943 519 31.8358 3.66987 37.4493 30.3342 25.8431 438 169 0.36228
774 0.975078 0.631048 510 58149 0 38.0381 0.406641 34.9508 34.0316 22.5563 321 189 1.18722
775 0.913607 0.762162 624 39892 0 29.3175 8.96647 41.7845 37.3105 30.3137 463 161 1.75967
776 0.75985 0.831622 678 41052 529 32.6857 4.87741 41.2352 28.5897 31.0616 533 145 0.576732
777 0.845842 0.797323 622 60990 0 32.1006 2.58779 38.2731 32.4972 30.4305 493 129 1.77901
778 0.824903 0.833006 728 73719 510 30.9359 4.26679 43.4592 30.0896 30.2676 514 214 0.910222
779 0.838462 0.768959 713 73860 0 32.3767 3.71212 42.0043 33.8964 30.6784 520 193 2.28411
780 0.931034 0.904306 540 46226 441 33.3974 4.47497 37.7569 28.6892 27.8873 406 134 0.353958
781 0.972376 0.661654 568 28725 543 22.8932 14.1488 32.6181 30.2315 20.3802 362 206 0.153751
782 0.974684 0.776657 720 80714 0 35.1397 1.74915 47.1659 45.3892 36.28 553 167 2.34069
783 0.941038 0.709964 588 37870 0 28.2702 7.76318 34.0118 32.1087 24.2043 424 164 1.55558
784 0.911111 0.785942 676 94537 0 37.2349 1.13883 45.9395 42.9902 35.1201 540 136 2.10554
785 0.983178 0.801829 762 92869 0 36.6242 1.11992 54.1219 46.3625 38.144 535 227 2.61422
786 0.938725 0.664931 602 45891 0 33.4049 2.77879 39.9222 37.9536 25.0598 408 194 1.65233
787 0.628885 0.781818 749 75346 486 33.9166 2.04692 45.3795 25.7966 32.9403 547 202 1.09709
788 0.913832 0.822449 592 79291 385 32.5745 2.17759 36.2454 30.2692 27.1506 441 151 0.726256
789 0.975 0.725581 670 68465 0 35.9816 1.86571 45.5038 43.7197 32.1643 480 190 2.04587
790 0.974359 0.834459 620 61533 0 33.9681 2.36291 37.8404 35.9315 30.7728 507 113 1.72381
791 0.98855 0.732673 716 81150 0 33.1556 2.99264 41.3025 40.9084 31.0449 524 192 2.33749
792 0.938931 0.669691 580 71271 0 39.1007 0.131812 43.0268 40.6871 27.822 393 187 1.58356
793 0.912863 0.681115 689 95015 0 35.3987 1.41228 43.7252 41.2171 28.2852 482 207 2.18369
794 0.860324 0.758929 650 54787 0 31.2205 4.86149 40.1165 34.7546 30.2012 494 156 1.90264
795 0.857447 0.790196 593 34648 529 27.7104 7.64451 35.7642 30.4708 27.5592 470 123 0.259564
796 0.981693 0.737113 592 46493 0 29.0689 6.12512 32.5616 32.0847 24.3177 437 155 1.57238
797 0.830189 0.887097 720 57729 626 32.9073 3.33745 43.2182 29.9823 32.0931 530 190 0.465457
798 0.974886 0.718855 606 50017 0 37.4303 1.17757 42.1043 41.3182 29.1324 438 168 1.65512
799 1 0.855478 529 30502 490 26.4969 11.6544 32.6728 26.1748 22.5133 367 162 0.167223
800 0.748756 0.730583 557 50520 345 34.553 1.93478 36.1562 26.5412 25.8844 402 155 0.674102
801 0.950617 0.746365 644 60368 0 33.9509 2.54111 41.4196 39.6982 30.2908 486 158 1.85594
802 0.788054 0.850312 663 71738 358 33.9035 0.90337 40.5846 28.1511 30.1732 519 144 1.1095
803 0.958984 0.784345 670 40277 0 30.0844 5.84403 38.0749 35.7248 28.9295 512 158 1.98219
804 0.914221 0.870968 601 83821 414 34.8801 1.38045 40.6876 30.2039 29.2212 443 158 0.699467
805 0.93032 0.77673 705 77321 0 33.2117 2.54235 42.9956 38.892 32.9771 531 174 2.27915
806 0.952618 0.967089 566 33171 516 29.1442 8.80119 37.6399 23.1718 23.5877 401 165 0.210175
807 0.846316 0.734918 638 88968 0 33.9378 1.62121 41.0601 34.459 30.1322 475 163 1.87421
808 0.872928 0.837456 652 67180 0 30.6578 4.46812 36.6349 31.953 30.0466 543 109 1.91018
809 0.914851 0.817699 659 72355 0 33.3893 2.33753 41.1223 35.2354 31.568 505 154 1.97415
810 0.91446 0.80322 631 66377 0 34.6872 1.96546 41.5713 37.3801 33.4711 491 140 1.78695
811 0.942478 0.806818 577 36679 0 32.3611 3.69993 34.6315 32.0213 27.128 452 125 1.48405
812 0.608939 0.738149 712 76478 509 34.7872 2.31421 45.6935 27.7039 34.3172 537 175 0.861668
813 0.844677 0.802653 728 78651 0 33.5626 2.9441 45.7514 38.2364 35.9027 573 155 2.34863
814 0.910816 0.741886 704 95548 0 36.5765 1.57006 46.351 42.4962 35.2527 527 177 2.2954
815 0.922197 0.677311 640 48647 0 28.0418 9.26645 38.1604 35.9158 25.4427 437 203 1.81859
816 0.847418 0.741273 606 79235 425 34.5328 1.50189 37.5228 30.4401 26.1539 426 180 0.695686
817 0.860045 0.886047 610 63903 414 34.7536 2.76964 38.7126 26.9478 28.5849 443 167 0.695497
818 0.781705 0.773663 700 54419 338 30.1267 6.20679 43.3017 30.0478 29.2878 481 219 1.29222
819 0.986607 0.722222 653 41868 0 29.2675 9.53329 42.5747 40.1664 29.5242 448 205 1.90612
820 0.953125 0.987055 484 23727 469 24.5 15.149 31.9578 18.3822 19.0726 320 164 0.0867972
821 0.848077 0.887324 717 99815 0 37.4275 1.07408 51.0238 33.7816 35.0872 520 197 2.35751
822 0.997826 0.796875 581 62437 0 35.4796 0.709687 39.1507 38.9098 31.0655 460 121 1.5469
823 0.918534 0.757983 659 70949 0 32.8626 2.90475 39.5395 35.9623 29.0646 491 168 1.99512
824 0.890591 0.782692 594 46548 555 30.3309 3.70813 34.3045 29.978 26.462 457 137 0.21284
825 1 0.658333 620 50704 0 38.5172 0.800516 43.8489 42.6582 27.8956 395 225 1.74754
826 0.958781 0.763195 725 74630 0 36.6395 1.14011 50.2827 48.9904 35.6876 558 167 2.36859
827 0.942431 0.793537 598 74560 0 33.1272 2.50092 38.2548 35.7948 30.3152 469 129 1.67204
828 0.910806 0.844197 742 56811 0 32.5818 3.10565 43.2593 37.2485 34.4614 583 159 2.41596
829 0.949002 0.768402 590 43270 0 32.5937 2.66157 35.5565 33.1857 27.2485 451 139 1.56679
830 0.699387 0.696538 708 83490 417 36.5822 0.703714 45.0391 30.1625 31.2123 489 219 1.14535
831 1 0.752883 614 57264 0 37.7565 0.878853 42.7167 42.3632 32.2026 457 157 1.71716
832 0.870079 0.704944 698 52683 0 30.6815 4.48653 39.3811 35.5632 29.5215 508 190 2.15576
833 0.681729 0.844282 714 114980 514 38.4077 0.500666 48.9023 27.4285 35.046 509 205 0.935024
834 0.992908 0.763636 572 52535 0 35.9669 1.23676 39.4303 37.9919 28.7288 423 149 1.48957
835 1 0.696703 456 24940 455 21.9116 16.5121 27.9226 27.9226 19.4162 317 139 0.0557897
836 0.847251 0.742857 650 49584 473 30.6093 4.95401 35.4373 30.3733 26.4252 491 159 0.652462
837 0.82659 0.899371 685 62852 420 32.8485 2.46388 39.6853 27.0514 29.5452 519 166 0.998856
838 1 0.452489 443 23361 442 16.1439 23.6541 28.2893 28.2893 11.7985 200 243 0.0532752
839 0.973039 0.643436 640 50604 0 38.1133 0.82249 44.3717 42.8092 27.9494 408 232 1.85891
840 1 0.905512 509 34991 508 27.7442 6.64977 29.4268 29.4268 26.7146 460 49 0.0753089
841 0.721053 0.893478 727 119979 541 32.033 3.73848 48.4101 30.2446 37.9 570 157 0.903236
842 0.856833 0.79 580 48598 535 34.5549 1.4462 35.4977 30.4889 28.1461 461 119 0.227752
843 0.966387 0.762852 627 72493 0 33.3981 2.21922 38.7993 37.6042 29.0521 476 151 1.80057
844 0.757463 0.751852 735 74346 0 33.7917 1.77678 43.2166 31.6188 30.6913 536 199 2.42027
845 0.89777 0.764241 690 73089 0 28.4894 8.04118 39.6922 36.6619 31.3838 538 152 2.15325
846 0.712719 0.651303 647 41266 363 30.4712 5.73241 39.6698 30.2758 27.9151 456 191 0.965228
847 0.93014 0.744409 668 75936 0 37.5356 0.816113 47.0648 44.1204 34.3618 501 167 2.02067
848 0.925501 0.649899 545 40574 520 29.2391 8.46129 32.7066 29.9612 21.1901 349 196 0.17209
849 0.794643 0.874693 589 81878 400 34.8131 1.96229 40.7129 27.963 30.3317 448 141 0.699322
850 0.925 0.795699 696 103436 0 35.6186 1.37375 46.6486 43.3858 37.0509 560 136 2.19329
851 0.914747 0.744841 622 71606 0 37.0758 0.982586 43.4602 37.0809 29.8703 434 188 1.7905
852 0.804435 0.751412 699 64045 0 34.3918 2.13112 44.3883 33.9761 31.8653 496 203 2.18862
853 0.941043 0.802708 545 28851 0 28.059 7.3018 33.2344 31.6114 26.8289 441 104 1.33484
854 0.887352 0.863462 661 56548 571 32.1441 2.89304 38.7838 29.886 29.0464 506 155 0.408566
855 0.886139 0.77939 773 107716 0 34.2323 1.96733 47.5967 43.3339 37.1929 606 167 2.69424
856 0.933504 0.823928 508 56155 433 36.7326 1.02629 34.2236 29.7031 26.5527 391 117 0.291442
857 0.896552 0.842788 783 78096 0 33.3834 1.9144 44.582 35.1833 32.7202 580 203 2.76418
858 0.798578 0.794811 567 81405 440 35.0557 2.52588 39.3892 28.6962 29.1434 422 145 0.496934
859 0.803618 0.816273 568 48861 384 34.0213 2.12018 35.4297 23.5297 24.2672 387 181 0.594287
860 0.819957 0.807692 575 62609 483 33.7903 2.41555 36.9571 30.2858 29.8287 461 114 0.38636
861 0.781421 0.880903 693 67224 406 33.6579 2.88332 42.8069 30.5625 34.6072 549 144 0.974179
862 0.950413 0.825853 626 66786 0 35.9597 1.07893 43.6426 38.8899 33.9463 484 142 1.78487
863 0.854717 0.716772 714 62806 0 33.0969 2.69898 42.789 38.2778 32.5873 530 184 2.25986
864 0.83524 0.695238 642 39680 545 32.8211 2.64639 37.466 30.5118 25.4942 437 205 0.390207
865 0.784314 0.779221 650 86810 453 35.1331 1.80425 43.3397 30.1539 30.8718 459 191 0.800712
866 0.954644 0.73913 642 48696 0 34.5606 2.49023 41.9091 39.2228 29.87 463 179 1.8419
867 0.948998 0.755072 743 105204 0 35.0354 2.84108 50.545 46.7335 37.0332 549 194 2.52565
868 0.871972 0.759036 749 63333 0 34.4437 1.74894 47.7179 42.2583 33.3329 578 171 2.4793
869 0.747059 0.690217 696 59458 0 32.7426 1.80996 40.4909 31.7693 29.8321 510 186 2.16108
870 0.738776 0.705653 669 67548 562 33.1898 2.27787 39.6841 30.1928 28.964 490 179 0.499001
871 0.675875 0.722441 691 73035 474 33.5738 2.30348 43.2101 30.208 33.7883 543 148 0.851667
872 0.888699 0.876689 777 77574 0 32.9489 3.57972 46.8633 35.662 34.7748 584 193 2.68814
873 0.940217 0.884157 674 55478 0 33.2733 2.46719 43.0143 37.575 35.6148 552 122 2.04666
874 1 0.300292 344 13149 343 10.9691 28.4166 18.8438 18.8438 5.42915 103 241 0.0310699
875 0.919725 0.856838 516 55766 390 34.5602 1.27009 33.6359 30.46 28.0451 436 80 0.422583
876 0.939966 0.803519 720 78418 0 33.5793 2.44393 47.6202 44.8844 38.6756 583 137 2.33543
877 0.693122 0.90553 742 59433 477 35.1274 1.82542 48.7428 26.3656 37.2475 567 175 1.07255
878 0.990958 0.749658 768 76854 0 36.2579 1.78296 51.0522 48.351 37.5935 553 215 2.60908
879 0.836401 0.900881 562 61083 419 35.2691 1.96932 37.553 30.4377 33.2936 489 73 0.522674
880 0.744648 0.960552 787 125941 0 35.2095 1.05945 48.1394 31.198 40.5198 654 133 2.80434
881 0.950538 0.793537 591 53659 0 33.3944 3.0525 37.9022 35.6361 29.7166 465 126 1.57828
882 0.847273 0.842676 689 67335 0 30.9329 4.26333 40.9546 32.4959 32.8338 550 139 2.12231
883 0.959716 0.872845 617 46083 568 34.5043 2.24319 39.3143 28.5987 25.9696 422 195 0.244217
884 0.856016 0.831418 612 55478 514 31.9177 3.70244 35.5748 30.4622 29.2366 507 105 0.429357
885 0.972028 0.820866 552 50922 0 35.6917 1.35365 37.3397 34.516 29.5062 429 123 1.38519
886 0.929091 0.799687 694 84738 0 33.4145 1.78384 42.3803 38.8645 33.8365 550 144 2.16909
887 0.975169 0.673947 673 86872 0 33.7695 2.85911 43.7627 41.1252 27.1942 443 230 2.06606
888 0.851577 0.740323 733 84679 0 37.3385 1.15642 50.1988 42.9009 36.9969 539 194 2.46019
889 0.878425 0.733906 782 79780 0 34.646 2.68716 48.706 43.8725 35.8883 584 198 2.71767
890 0.81262 0.851703 670 44892 342 32.406 3.84394 40.6382 29.8301 31.7444 523 147 0.64867
891 1 0.981013 475 26341 474 19.9867 18.3524 29.8449 29.8449 29.0316 465 10 0.0594642
892 0.798403 0.814664 643 70442 543 33.1917 2.21522 39.8661 30.3881 31.2402 501 142 0.442947
893 0.512931 0.793333 641 99169 461 35.4868 1.48281 43.0368 19.2711 31.1294 464 177 0.755604
894 0.984704 0.791091 672 48035 0 29.9672 6.55608 41.0141 39.7741 32.3459 523 149 1.99898
895 0.742475 0.954839 763 116246 0 34.8671 2.16308 51.7714 31.9914 41.1236 598 165 2.7067
896 0.86456 0.667247 658 53041 0 33.915 2.29305 42.0945 36.6707 28.1345 443 215 1.92752
897 0.799107 0.692456 652 39237 596 32.2222 3.71382 38.3192 30.2936 26.1737 448 204 0.265937
898 0.946188 0.76588 578 43106 0 34.6068 3.00654 38.5063 37.034 28.94 446 132 1.51892
899 0.969551 0.789817 790 77231 0 30.8657 5.7949 44.4527 43.2599 35.0273 624 166 2.74799
900 0.872587 0.905812 690 90129 0 33.7103 2.60326 44.553 32.1442 33.1505 518 172 2.20394
901 0.977848 0.674672 487 54005 449 29.9931 8.65038 32.1368 30.3458 20.3789 316 171 0.195959
902 0.959364 0.819005 706 50666 0 34.1062 2.1421 45.2539 42.6591 35.7388 566 140 2.20358
903 0.935065 0.801484 570 57484 0 33.2404 1.91335 35.5953 33.3782 28.7749 462 108 1.49761
904 0.799263 0.703404 751 117662 0 37.8969 1.14342 48.3212 39.9608 34.6237 543 208 2.61251
905 0.632799 0.731959 737 87088 498 35.8363 1.80107 48.115 29.1502 37.5068 561 176 1.00796
906 0.809434 0.914712 664 59893 523 34.3939 1.87158 41.602 29.122 33.2868 530 134 0.572468
907 0.929019 0.769896 652 70544 0 35.915 1.10851 43.1922 38.935 32.7968 479 173 1.93826
908 0.866667 0.942029 675 53342 634 29.3566 7.19768 40.321 23.4662 25.8101 450 225 0.249569
909 0.821501 0.767045 622 52418 0 30.932 5.15534 40.4882 34.0148 32.563 493 129 1.72539
910 0.793241 0.801205 644 59745 526 33.2909 2.41128 38.2506 29.9187 30.052 503 141 0.515333
911 0.785877 0.669903 616 41376 498 30.8724 3.55241 36.3188 30.481 26.186 439 177 0.436949
912 1 0.881057 549 53675 409 34.4611 2.12236 36.8144 30.1484 26.7307 400 149 0.106626
913 0.883588 0.743178 692 73551 0 34.0456 1.52777 44.8575 40.8585 32.8852 524 168 2.14883
914 0.913136 0.746967 645 43392 0 30.047 6.42055 38.9807 34.587 27.1328 472 173 1.83734
915 0.759358 0.791822 733 60990 0 34.9819 2.14973 46.7737 34.0064 35.5711 561 172 2.37196
916 0.87574 0.900609 687 80969 0 33.3307 3.3894 44.1507 31.1497 32.3564 507 180 2.15424
917 0.934354 0.85743 684 92640 0 38.6522 1.33311 49.1133 36.221 32.7546 457 227 2.17073
918 0.784014 0.763245 751 93404 0 32.9899 2.38595 44.5261 36.2468 34.9819 588 163 2.54123
919 0.955102 0.751204 665 90154 0 36.9785 0.405632 46.8001 44.0967 33.8762 490 175 2.06987
920 0.973995 0.932127 584 50717 544 34.2055 2.00492 36.353 27.7686 26.2441 423 161 0.211907
921 0.595376 0.626775 710 55964 507 32.5343 3.97236 43.7606 30.3188 30.5584 519 191 0.808414
922 0.941414 0.697605 709 82227 0 36.5911 1.80491 45.7035 43.2767 31.1385 495 214 2.246
923 0.974874 0.599691 663 80834 0 38.0351 0.457618 44.7609 43.8419 27.4964 398 265 2.00034
924 0.933913 0.795556 718 57314 0 34.6519 1.01425 43.9311 41.5566 36.0104 575 143 2.31664
925 0.815094 0.847059 642 58328 448 31.3764 3.38589 38.5138 29.9986 31.2165 530 112 0.738467
926 0.88551 0.836149 657 51812 0 30.3983 5.59431 38.5532 35.3181 32.2141 559 98 1.92599
927 0.680272 0.804829 727 72900 519 34.6291 1.89934 44.302 30.4794 36.0821 588 139 0.890798
928 0.878788 0.7853 603 47017 0 37.4683 0.130493 40.3689 34.6327 31.3834 462 141 1.627
929 0.969125 0.776099 758 103247 0 37.036 0.875855 50.03 47.9154 38.8506 583 175 2.66576
930 0.846501 0.818777 532 69020 370 35.464 1.47537 34.87 30.2195 29.1896 443 89 0.507091
931 0.963783 0.801003 625 93223 0 34.1903 3.2941 41.7303 39.7283 31.573 497 128 1.8234
932 0.921818 0.741228 739 80431 0 32.3495 3.60307 45.5401 42.3341 33.0613 550 189 2.47398
933 0.956627 0.740672 559 59986 0 37.7649 0.99939 40.5709 39.1855 30.3475 415 144 1.49909
934 0.95 0.666667 553 46810 497 26.8494 10.1038 32.8179 30.4073 20.4173 360 193 0.250656
935 0.815514 0.787449 645 45371 457 30.4897 6.97799 40.8866 30.393 29.2285 477 168 0.670733
936 0.984756 0.657841 500 42104 494 25.4482 11.9414 30.8577 30.323 18.4382 328 172 0.102461
937 0.986842 0.667656 691 67682 0 35.288 1.58099 47.6261 46.5363 31.1446 456 235 2.18323
938 0.734432 0.864224 691 72504 486 34.3962 1.99938 43.9843 29.4649 34.3103 546 145 0.85868
939 0.973747 0.842975 562 31749 488 26.1788 10.7812 34.8439 30.0262 26.2227 419 143 0.274769
940 0.920863 0.81141 814 80571 0 33.9473 2.00208 49.0428 38.4808 34.0299 556 258 2.98181
941 0.858252 0.837121 625 54252 540 31.3002 3.64951 36.2398 30.4419 29.6944 515 110 0.376774
942 0.992322 0.758065 691 73858 0 35.7791 1.4854 45.4418 44.9277 33.5294 521 170 2.17878
943 0.875486 0.880626 686 56996 572 32.6343 3.88852 39.846 30.0715 29.9315 514 172 0.478059
944 1 0.68169 718 68647 0 35.9356 1.37507 47.32 46.9545 31.9223 484 234 2.32038
945 0.90411 0.79638 744 67729 0 33.7877 2.07793 43.8837 39.4626 34.5821 584 160 2.46438
946 1 0.344156 309 12605 308 9.68529 29.6256 17.0123 17.0123 5.34084 106 203 0.0290826
947 0.991266 0.724083 637 93471 0 36.6182 1.27223 43.2719 42.5191 31.0141 458 179 1.88644
948 0.897579 0.70365 760 80822 0 34.3086 1.73254 48.6997 44.5076 34.713 537 223 2.5813
949 0.658397 0.740343 670 82197 440 34.4435 2.38133 42.2726 29.6507 33.9269 524 146 0.913485
950 1 0.79879 676 70932 0 34.5943 1.76592 43.3772 42.5505 33.6738 528 148 2.08168
951 0.774194 0.864407 718 85216 434 35.8422 0.958343 47.1362 30.1783 33.6931 527 191 1.1433
952 0.584296 0.653747 629 82221 448 38.1517 0.747865 43.7629 26.3842 30.3924 433 196 0.654865
953 0.900901 0.738007 629 86056 0 35.9436 1.58964 43.0189 37.4856 30.1318 444 185 1.87442
954 0.989754 0.798347 645 56824 0 36.4694 1.23568 44.1612 41.8015 33.7621 488 157 1.877
955 0.907071 0.978214 677 51956 625 35.2974 2.18798 47.202 30.5639 32.7933 495 182 0.309787
956 0.858038 0.812253 633 47348 419 32.6721 2.16282 36.9527 29.9675 28.1445 479 154 0.739295
957 1 0.786982 508 27140 507 26.1688 9.4249 27.7001 27.7001 21.5198 399 109 0.0618388
958 0.959267 0.857923 608 70683 0 32.3625 3.59527 38.0999 34.6276 30.9586 491 117 1.71807
959 0.978261 0.718563 559 37359 520 23.8944 13.7603 33.9571 30.2815 22.0509 368 191 0.186411
960 0.909594 0.790064 674 105969 0 37.5443 1.41535 45.7138 42.1869 34.9243 542 132 2.16291
961 0.958716 0.732049 652 98329 0 38.7004 0.481051 44.4582 39.4262 29.9099 436 216 1.98739
962 0.86789 0.744882 709 73979 0 34.0437 1.98559 45.0833 40.8248 34.8501 545 164 2.25211
963 0.997963 0.819398 624 65347 0 35.4186 1.86675 42.926 41.2546 33.2159 491 133 1.78677
964 0.810247 0.821154 673 60398 0 34.7506 2.00076 44.5139 34.724 34.7613 527 146 2.0216
965 0.924282 0.764579 569 63202 485 33.9876 2.43136 36.9545 29.7915 24.7878 383 186 0.358896
966 0.977032 0.809663 727 115264 0 34.4839 1.85271 45.6297 42.704 34.9014 566 161 2.4798
967 0.834437 0.671403 657 67168 0 34.397 2.07775 41.5645 35.7057 27.5556 453 204 1.9513
968 0.940758 0.750473 559 66899 0 34.3183 4.65861 38.5041 36.2679 28.802 422 137 1.46113
969 0.808194 0.697749 727 70117 0 35.2003 1.63087 45.1845 38.9832 31.8963 537 190 2.37603
970 0.932673 0.752396 740 92895 0 36.7762 1.8851 48.7526 42.203 33.4537 505 235 2.49074
971 0.921053 0.757874 583 47092 0 37.4807 0.979407 41.3402 36.3386 29.8281 418 165 1.53115
972 0.920103 0.809524 594 64233 450 36.0311 1.13404 40.1193 29.7115 26.0548 388 206 0.538392
973 0.79597 0.662474 577 40382 476 26.5362 11.2799 36.8073 30.3043 24.5715 397 180 0.390188
974 0.819964 0.76412 723 76865 0 31.89 4.14873 44.9413 37.2457 34.6725 561 162 2.36404
975 0.742291 0.913279 603 61611 441 36.0075 1.06302 39.636 24.0919 30.4801 454 149 0.571949
976 0.875252 0.706169 682 57735 0 34.4609 2.68958 42.5327 38.519 30.4299 497 185 2.09392
977 0.89272 0.686303 764 60254 0 32.993 2.23199 45.7679 39.621 30.1974 522 242 2.57209
978 0.822086 0.777563 646 56470 455 32.7857 2.23702 37.6314 30.2203 29.0076 489 157 0.700677
979 0.868365 0.735612 651 67698 0 34.9632 2.03319 43.1237 36.0052 30.6598 471 180 1.92856
980 0.827288 0.759113 758 65309 0 33.3252 2.47986 43.609 36.1615 33.2673 579 179 2.53972
981 0.954386 0.839506 709 85981 0 32.6074 4.00479 44.0358 39.8532 35.1691 570 139 2.28477
982 0.966135 0.748457 671 56686 0 33.8739 2.7621 42.8284 41.2179 32.3273 502 169 2.00926
983 0.957576 0.752381 654 66734 0 34.6737 1.03977 43.3284 41.6825 30.9988 495 159 1.95627
984 0.808612 0.771689 663 94373 463 36.4947 1.11463 45.1475 30.3883 28.189 418 245 0.842725
985 0.958824 0.77496 655 75046 0 32.3757 3.78869 41.8097 40.4508 33.0369 510 145 1.94264
986 0.945283 0.788976 667 74938 0 34.8362 2.41274 44.2594 41.7578 34.9529 530 137 2.10749
987 0.863544 0.879668 700 58094 512 32.6983 4.27882 45.2169 30.0478 31.0922 491 209 0.808426
988 0.897338 0.728395 706 85405 0 34.6203 1.36355 45.2447 41.9417 32.2147 526 180 2.33219
989 0.921671 0.741597 604 62739 444 33.4468 5.21312 40.0342 30.278 24.3283 383 221 0.616677
990 0.840796 0.64751 600 61256 0 32.9458 3.1048 37.7275 32.9266 22.721 402 198 1.5003
991 0.879747 0.900648 667 72878 517 35.959 1.02984 43.7169 30.5184 31.3883 474 193 0.661412
992 0.97193 0.776999 753 83534 0 33.7102 3.71552 49.268 47.151 37.2853 570 183 2.59363
993 0.873106 0.813051 737 70271 0 34.4948 3.47628 49.0393 37.8867 35.4529 528 209 2.44061
994 0.992819 0.758573 740 93733 0 35.0237 1.96265 47.9495 47.1736 36.5295 557 183 2.47195
995 0.835793 0.808929 708 64319 0 35.4901 1.61632 43.97 34.8866 34.1224 542 166 2.2633
996 0.839207 0.810638 592 68611 500 35.3131 0.962823 37.526 30.0583 29.299 454 138 0.412235
997 0.680585 0.687764 656 86435 430 33.2578 2.69605 42.3694 30.0354 31.0946 479 177 0.882872
998 0.941333 0.786192 553 64941 492 35.6963 1.46746 36.9987 30.0089 25.0276 375 178 0.291622
999 0.90593 0.777193 662 68676 0 33.3101 2.38572 40.8089 35.1767 30.2515 489 173 2.00377
