0 0.930272 0.976786 774 66346 0 33.1217 3.03328 45.1023 33.9298 35.5456 588 186 2.70734
1 0.923241 0.89834 633 57065 630 32.9249 1.91854 38.0728 29.3919 28.3254 469 164 0.107882
2 0.997423 0.928058 560 36932 558 25.1583 12.3088 35.7396 26.4399 24.7027 388 172 0.0752367
3 0.770297 1 506 52097 502 28.8504 11.0015 35.173 27.307 35.173 505 1 0.0981812
4 0.957207 0.932018 621 70777 616 35.1034 0.861191 38.756 28.4802 27.7343 444 177 0.125107
5 0.882488 0.997396 611 48208 609 28.3846 9.69122 41.2129 23.2327 26.3272 434 177 0.0927998
6 0.912245 0.959227 612 51904 610 33.4656 3.2281 37.0223 28.4764 29.6549 490 122 0.0981625
7 0.941924 0.982955 728 87319 0 35.0223 1.65144 47.7155 35.5767 36.858 551 177 2.41192
8 0.950851 0.976699 650 67409 0 33.6231 1.99038 43.2848 34.6903 36.0197 529 121 1.95798
9 0.92229 0.955508 630 75951 0 35.7541 1.44875 43.6149 33.0859 34.0225 489 141 1.84916
10 0.869469 0.944712 594 86104 563 34.2909 1.85683 38.2307 27.0148 29.3918 452 142 0.169798
11 0.945946 0.923077 668 75739 0 37.1677 2.03705 47.7876 32.8186 32.07 444 224 2.04998
12 0.910569 0.823529 690 85952 0 36.2883 1.38908 48.9205 38.4799 34.549 492 198 2.22142
13 0.880383 0.93401 631 69236 627 34.0687 1.467 37.3756 23.1393 24.7855 418 213 0.123906
14 0.915789 0.984163 599 46183 597 34.2701 1.83508 37.4638 27.2162 29.3541 475 124 0.0892374
15 0.904 0.909457 646 88330 0 34.0027 2.0899 43.5458 34.1111 33.999 500 146 1.97701
16 1 0.978723 471 36106 469 26.6996 10.5481 29.5433 29.5433 28.9525 460 11 0.0624955
17 0.906977 0.968944 617 48882 614 31.1465 5.72266 38.078 30.4457 32.2772 516 101 0.09121
18 0.9 0.957447 688 73768 0 34.3921 2.08681 43.0408 31.7323 33.6349 550 138 2.17194
19 0.899804 0.962185 689 78264 685 32.2029 4.45721 43.2956 30.1636 31.9167 509 180 0.142334
20 0.965789 0.875895 648 68948 646 37.5189 0.898171 43.1955 28.3019 25.7399 380 268 0.126152
21 1 0.625 433 18772 431 19.8179 16.9519 25.119 25.119 15.6895 270 163 0.0372127
22 0.960526 0.894608 514 38457 512 35.7028 2.12454 33.03 26.3553 24.2235 380 134 0.0737277
23 0.867647 0.951613 645 48432 638 33.8952 2.45928 40.9948 26.8287 29.6022 476 169 0.0966057
24 0.817185 0.978118 694 69351 691 33.9884 2.32747 44.0491 28.7346 34.3046 547 147 0.132849
25 0.904762 0.907162 530 65827 528 37.6563 0.984951 35.7775 25.2038 24.8426 378 152 0.112708
26 0.872611 1 645 66873 643 35.7396 1.16529 46.096 26.3579 30.6412 471 174 0.119937
27 0.890625 0.902715 625 54158 623 32.1962 4.15309 36.4988 25.6899 26.1643 448 177 0.106373
28 1 0.638021 385 15185 383 16.1657 21.7852 21.6219 21.6219 13.3802 245 140 0.0342083
29 0.8125 0.964045 706 115760 698 36.0783 1.12509 45.4897 27.2567 33.4128 528 178 0.210876
30 0.955782 0.950931 785 89304 0 36.3286 1.42791 51.5196 38.3055 37.5237 588 197 2.80976
31 0.881603 0.902985 727 62752 0 34.7099 2.41788 46.9715 33.7228 34.2099 549 178 2.40475
32 0.840449 0.944444 610 51418 608 35.3714 2.35917 39.3005 25.1119 28.4444 445 165 0.0977627
33 0.856275 0.901919 644 52421 640 33.3966 2.05415 37.3749 26.8344 28.9755 494 150 0.100299
34 0.870787 0.867537 718 78916 0 34.9866 1.54443 45.6144 33.841 34.0571 534 184 2.37191
35 0.884937 0.856275 672 71179 0 36.4009 1.04646 42.4286 31.5729 30.4234 478 194 2.07927
36 0.859023 0.804577 803 76654 0 31.5962 4.90919 48.2352 35.3653 32.4137 532 271 2.9374
37 0.811741 0.926097 675 76628 673 34.0649 1.80783 43.0047 26.5096 30.4801 494 181 0.13854
38 0.857143 0.992806 667 70155 663 34.9893 1.92482 43.3901 27.3936 31.8608 483 184 0.127787
39 0.922932 0.899267 678 54650 0 31.7083 3.49506 41.3982 33.4262 32.407 532 146 2.08761
40 0.970588 0.99569 643 69068 640 38.3146 0.71647 45.37 29.9529 30.643 476 167 0.123759
41 0.90625 0.986395 658 94022 655 37.6013 0.869923 48.0032 30.2633 32.9022 480 178 0.158399
42 0.800325 0.984032 723 80648 712 33.4133 2.24668 43.6288 30.5175 37.0623 616 107 0.172009
43 0.932743 0.836508 786 93770 0 36.3813 0.982734 51.5757 41.2223 37.3023 565 221 2.80025
44 0.768519 0.968872 859 70938 0 31.3032 5.07859 53.9659 31.3378 39.6119 648 211 3.28173
45 0.873394 0.952 758 75194 754 35.0089 1.81932 46.1975 30.5585 33.5818 545 213 0.150262
46 0.875691 0.943452 518 40524 516 24.783 11.6654 30.9642 19.4236 21.0339 362 156 0.0856407
47 0.963883 0.884058 640 83454 0 36.693 1.15132 43.0153 32.9484 30.2362 443 197 1.91448
48 0.916342 0.943888 686 102271 0 37.407 0.805425 46.0275 33.4293 34.6582 514 172 2.21178
49 0.84331 0.985597 715 66718 712 32.3797 4.31774 44.9396 29.8874 35.4798 568 147 0.1245
50 0.885122 0.973085 714 78261 703 35.4109 1.36669 43.7988 29.0893 31.8317 531 183 0.142761
51 0.765957 0.853081 641 55369 639 32.9256 1.88571 36.9438 24.5166 27.1237 470 171 0.106097
52 0.821206 0.956416 659 58452 657 29.413 6.75928 38.0668 24.0786 27.9742 481 178 0.111118
53 0.900442 0.900442 607 85955 604 33.8377 2.04156 40.466 30.2346 30.4479 452 155 0.140801
54 0.955335 0.989717 579 34037 577 27.4271 11.2572 36.4159 23.2882 24.2492 403 176 0.0770222
55 0.92435 0.92654 558 71282 551 37.8336 0.236337 38.3901 28.9267 29.1302 423 135 0.136376
56 0.969466 0.969466 609 52587 605 37.7854 0.423312 42.7293 27.911 27.9274 393 216 0.102325
57 0.875776 0.995294 661 67873 659 34.8724 2.09973 46.355 26.3332 30.2072 483 178 0.124701
58 0.970899 0.797826 595 65723 592 36.027 1.50261 39.9207 30.3445 24.8426 378 217 0.114188
59 0.960581 0.924152 684 70362 0 35.7192 0.912817 45.5949 33.328 32.0279 482 202 2.15144
60 0.70979 0.946387 778 76692 776 33.4073 1.68367 47.899 25.5958 35.2442 572 206 0.149002
61 0.931034 0.966443 580 54358 537 32.7136 4.33894 39.362 29.6996 30.6926 464 116 0.0986565
62 0.910891 0.978723 789 79103 0 35.6968 1.86755 50.8976 35.597 38.4682 606 183 2.83351
63 0.939481 0.895604 559 39967 557 19.9621 18.4804 31.641 19.6523 18.9561 347 212 0.0798175
64 0.769912 0.919662 741 95123 731 33.9512 2.55499 48.178 30.2044 36.7839 565 176 0.178967
65 0.912854 0.906926 624 48468 622 30.8124 5.24581 39.4402 29.3568 28.9573 459 165 0.0947878
66 0.937736 0.927239 813 88061 0 37.7864 0.680106 53.7152 35.4972 35.3445 530 283 3.02951
67 0.968439 0.965232 818 93179 0 35.182 1.90073 50.7417 38.2759 37.9886 602 216 3.02805
68 0.857143 0.907127 682 98909 666 33.7897 2.15205 41.4581 28.2711 29.9295 490 192 0.161476
69 0.915638 0.988889 669 94763 662 37.3111 0.964717 46.974 29.9492 32.7939 486 183 0.156257
70 0.970817 0.750376 751 125411 0 37.2493 0.791708 51.7287 46.5508 36.1171 514 237 2.59429
71 0.695481 0.926702 663 72605 661 32.3283 4.137 41.3644 22.8131 31.3952 509 154 0.132636
72 0.86941 0.947368 764 74168 761 34.9252 1.38351 45.2649 30.5723 32.972 559 205 0.14602
73 0.845857 0.907025 728 63670 725 31.5835 5.99938 45.2392 30.2637 32.0248 519 209 0.119142
74 0.904274 0.953153 716 70997 0 33.1589 2.2699 44.1131 34.2942 36.433 585 131 2.2739
75 1 0.751592 472 21587 470 18.1798 18.0205 26.9666 26.9666 19.5765 354 118 0.0443861
76 0.90748 0.97463 696 62394 693 34.3032 2.65544 43.3316 29.4612 31.5335 508 188 0.124553
77 0.968811 0.92037 724 92496 0 36.0542 2.878 49.4287 37.6951 35.7481 513 211 2.3663
78 0.760949 0.805019 759 73203 753 33.4212 2.07209 43.4895 30.1947 32.2003 548 211 0.15537
79 0.883399 0.935146 646 55206 643 32.8754 2.26448 40.7598 30.0406 32.3038 506 140 0.0994892
80 0.753425 0.948276 628 72900 613 33.236 2.33816 38.1175 20.6653 26.186 438 190 0.125612
81 0.926714 0.873051 608 45989 606 27.0503 9.72179 35.5439 26.2666 24.6593 423 185 0.0878156
82 0.826888 0.953291 720 78921 0 36.2702 0.699167 48.1717 30.6382 35.3409 543 177 2.30551
83 0.862434 0.956947 730 66999 724 31.7529 4.4861 44.9675 30.4268 33.7894 567 163 0.132485
84 0.892368 0.906561 681 55101 678 31.1079 4.52992 41.4253 30.2172 30.9274 511 170 0.100216
85 0.925996 0.900369 676 67326 0 34.5426 1.71381 43.2959 35.1956 34.1077 527 149 2.01063
86 0.924612 0.866944 672 65654 669 32.9469 2.80369 41.7093 29.8362 28.5865 451 221 0.113475
87 0.865314 0.973029 763 85212 761 33.874 2.32381 45.3918 28.7984 32.6089 542 221 0.150638
88 0.927948 0.915948 651 70841 647 35.3333 1.29295 45.3273 30.0448 29.8933 458 193 0.121247
89 0.867521 0.847599 710 52018 702 33.8815 3.90334 46.7779 30.4062 30.3971 468 242 0.116906
90 0.709565 0.980769 747 102922 735 37.775 0.884403 50.558 27.4458 37.5649 575 172 0.182063
91 0.916484 0.952055 606 69013 604 37.0845 1.5161 40.678 28.6984 29.8725 455 151 0.11699
92 0.92569 0.889796 638 83828 636 33.6081 1.4274 38.8378 30.3938 28.6425 471 167 0.139287
93 0.744681 0.990566 579 59306 577 31.2323 4.72055 32.641 18.0432 23.7157 423 156 0.103763
94 0.8528 0.935088 862 99535 0 35.2807 1.48528 57.7156 37.0703 40.0604 625 237 3.29786
95 0.873857 0.952191 728 80005 0 34.9701 2.30562 44.6276 30.9415 33.8876 547 181 2.37563
96 0.763867 0.979675 821 113032 816 33.9493 2.55155 51.3439 30.0322 38.6465 631 190 0.207268
97 1 0.827214 464 35508 462 24.8697 13.2161 28.4394 28.4394 23.1742 383 81 0.0608263
98 0.880808 0.893443 714 64910 711 33.0342 2.75993 45.1203 30.3607 31.2801 495 219 0.120605
99 0.80123 0.967822 663 64316 661 31.0336 4.2395 40.0994 23.5394 28.9062 488 175 0.119218
100 0.946644 0.966608 701 94394 0 36.7835 1.44002 47.8717 38.5563 39.4401 581 120 1.86143
101 0.866379 0.899329 640 78106 637 35.9849 1.18759 42.4435 30.1455 31.1384 464 176 0.127538
102 0.863946 0.963947 800 73876 0 34.0321 2.27393 48.5532 31.8726 36.0448 588 212 2.80821
103 0.801193 0.997525 629 54839 627 33.356 2.7114 39.4711 23.9618 30.264 503 126 0.097847
104 0.731239 0.912854 726 88847 0 35.2606 1.48032 48.701 30.6885 39.096 573 153 2.36787
105 0.894737 0.848233 636 86577 633 32.5319 2.78503 39.6002 29.9689 28.7134 456 180 0.139248
106 0.946695 0.923077 642 59363 638 34.1693 2.09656 39.7057 30.4996 29.8182 469 173 0.10609
107 0.827586 0.909621 509 43496 507 31.9902 3.21326 30.7997 20.6367 22.8493 377 132 0.0784794
108 0.958661 0.956778 677 45211 0 35.1896 3.13059 47.2692 34.3821 34.3266 508 169 2.03594
109 0.875696 0.872458 716 62728 0 33.65 2.15076 43.1863 32.8353 33.2051 539 177 2.29535
110 0.814672 0.923414 648 79269 642 34.8603 1.73195 43.4429 30.2399 34.8798 518 130 0.143355
111 0.933498 0.895981 559 53377 557 36.0668 1.91121 37.5967 28.4381 27.1117 406 153 0.0943276
112 0.935294 0.991684 650 75129 0 34.2489 1.6523 40.9576 30.6766 32.3009 510 140 1.89162
113 0.808511 0.933661 577 61896 575 31.7814 3.36478 34.0393 24.42 28.1148 470 107 0.106769
114 1 0.375 265 7956 263 10.6611 28.2983 14.5149 14.5149 5.26822 99 166 0.0176991
115 0.811784 0.928839 812 80595 0 36.6019 1.72406 56.5229 36.5894 42.3608 611 201 2.94723
116 0.781991 0.894309 593 59039 591 33.4707 1.60102 36.8234 22.3851 26.225 422 171 0.107489
117 0.848812 0.786 720 60563 0 33.8857 3.43025 46.2249 32.3625 29.9408 463 257 2.35741
118 0.812715 0.971253 748 105797 736 35.4487 1.14133 46.98 30.1222 36.295 582 166 0.185875
119 0.904297 0.875236 680 82896 0 35.9819 1.41207 44.5747 35.1006 34.0491 512 168 2.10268
120 0.795402 0.935135 585 50681 583 32.0482 3.04486 35.7769 21.4808 26.3139 435 150 0.11559
121 0.943601 0.973154 602 60191 595 35.3389 1.76107 41.491 30.5369 31.5936 461 141 0.107429
122 0.862669 0.944915 716 67933 710 35.6055 1.80026 46.654 30.5452 34.1775 517 199 0.130375
123 0.850103 0.953917 678 76194 673 35.1668 2.41068 48.1774 30.3992 34.2769 487 191 0.134868
124 0.872255 0.826087 713 79799 0 37.1774 1.10132 48.4333 36.3116 34.0539 501 212 2.28442
125 0.897921 0.87477 764 73936 0 33.526 2.1633 44.8089 32.1752 31.4628 529 235 2.55504
126 0.848812 0.895216 617 53556 613 31.7346 2.8438 37.8899 27.2692 28.644 463 154 0.0978413
127 0.847328 0.932773 706 56356 704 32.5056 3.39698 41.2307 27.3356 30.2955 524 182 0.107059
128 0.888679 0.993671 723 56383 721 33.2526 3.04653 44.6164 27.8194 31.1824 530 193 0.109982
129 0.939394 0.960744 674 45395 0 34.1658 2.19329 44.8927 31.2903 32.091 495 179 1.99457
130 0.97955 0.895327 684 104214 0 34.0009 2.12773 45.4694 35.0199 31.3343 489 195 2.14955
131 0.962882 0.832075 652 71521 0 36.8557 1.12116 44.7737 35.9507 31.7085 458 194 1.92648
132 0.922111 0.926768 561 28574 559 25.6347 11.6115 34.8536 23.3606 23.3104 398 163 0.0600535
133 0.849265 0.909449 669 62460 658 33.6677 1.79997 39.77 29.9003 32.0957 544 125 0.131068
134 0.887734 0.930283 651 47100 649 27.9648 8.04827 37.4035 26.2777 27.669 481 170 0.0958026
135 0.943277 0.898 679 54786 672 31.8446 4.98532 42.0436 30.396 29.15 476 203 0.118829
136 0.855711 0.94469 615 81637 546 34.2661 2.1181 41.166 30.0312 33.1949 499 116 0.142118
137 0.911308 0.942661 637 49083 635 36.7367 1.24661 43.219 29.1036 30.0967 451 186 0.0963867
138 0.939024 0.932203 503 39915 501 29.394 7.46485 30.8957 25.4177 25.5412 410 93 0.0749965
139 0.92887 0.946695 644 77650 642 36.4228 0.719592 41.2398 30.047 30.5112 478 166 0.137415
140 0.868313 0.95045 652 80884 650 32.6633 2.82915 39.3852 25.9151 28.7727 486 166 0.140681
141 0.812613 0.9002 749 81331 745 33.1522 2.32961 44.601 30.2117 32.8464 555 194 0.152185
142 0.69606 0.804772 731 71647 726 34.2558 2.10443 44.7699 28.3923 32.7534 533 198 0.176309
143 0.950147 0.987805 512 25405 510 23.1958 16.4426 34.1836 19.4005 20.2521 341 171 0.0559914
144 0.730361 0.857855 602 40113 600 28.7063 7.83915 36.7165 24.5638 28.8916 471 131 0.081699
145 0.859833 0.951389 774 66497 771 35.7609 1.0574 51.2726 27.9927 31.3843 478 296 0.134881
146 0.947137 0.949227 685 73672 682 35.2974 2.08006 47.2253 30.0056 30.1117 454 231 0.130693
147 0.922261 0.928826 711 76063 0 35.7285 0.977751 46.3958 37.0309 37.2413 566 145 2.32609
148 0.955774 0.967662 538 43649 528 33.6879 2.76121 34.3677 25.7186 25.9245 407 131 0.0823319
149 0.789223 0.954023 851 103571 0 35.2133 0.820425 50.9779 31.0915 37.4459 631 220 3.2926
150 0.843327 0.993166 633 54819 631 28.8598 7.82466 38.7458 27.1855 32.2855 517 116 0.119044
151 0.973105 0.874725 643 81941 0 37.9962 0.4209 46.1131 32.0556 28.9668 409 234 1.9291
152 0.977654 0.94086 808 91024 0 36.9102 0.855765 55.1871 37.3592 35.9972 537 271 2.97339
153 0.869388 0.904459 666 59334 649 36.212 0.750473 43.3347 30.5613 32.0756 490 176 0.12085
154 0.855556 0.945946 602 72693 597 34.6651 1.0655 38.3717 25.2891 28.3503 450 152 0.135681
155 0.857759 0.961353 620 76267 616 31.827 4.4236 39.6944 26.1515 29.9876 464 156 0.132486
156 0.931579 0.981516 758 117802 0 37.288 1.28344 51.1823 37.5734 39.0027 570 188 2.6728
157 0.858896 0.935412 635 40592 633 33.9517 2.97516 39.1607 28.2159 30.7545 489 146 0.0844623
158 0.967742 0.899358 634 64652 0 36.2405 1.20183 43.7864 32.8501 30.6184 434 200 1.86304
159 0.88601 0.966102 570 62039 568 36.9494 0.714228 39.3938 23.6452 25.8053 386 184 0.113623
160 0.96124 0.946565 687 83315 0 35.2276 0.954997 43.7262 32.8629 32.6401 516 171 2.1869
161 0.863043 0.965937 626 45946 624 31.6309 4.56501 39.5154 25.6334 28.8108 460 166 0.0910132
162 0.909931 0.858388 583 57648 0 36.8791 0.816888 38.5425 30.5639 29.101 433 150 1.59682
163 0.863281 0.902041 732 96428 729 33.7798 1.80506 43.2563 28.8961 30.3822 512 220 0.191368
164 0.944231 0.889493 712 72741 0 35.7733 2.03902 45.5323 35.7707 33.8829 520 192 2.31438
165 0.9375 0.880567 649 57996 0 35.0133 1.34245 41.8933 31.2689 29.4785 464 185 1.91588
166 0.90625 0.966667 674 48754 672 34.3103 2.08591 40.9926 27.1058 28.8522 480 194 0.0983456
167 0.898551 0.993135 706 109893 703 35.8309 1.34362 48.2146 28.8559 32.2166 483 223 0.19032
168 0.838509 0.928899 662 49207 660 30.3216 5.34191 40.845 26.9855 30.1587 483 179 0.0983161
169 0.878601 0.920259 611 69171 609 32.5961 3.04365 36.7459 28.4572 29.7081 486 125 0.121631
170 0.895939 0.82093 595 33870 593 25.515 12.9275 38.7564 27.7018 24.3259 394 201 0.0726754
171 0.814229 0.990385 654 66250 652 32.6863 3.61085 39.3981 25.0756 30.5097 506 148 0.121705
172 0.777409 0.932271 781 95094 0 34.82 1.74957 48.9132 31.7619 38.0935 602 179 2.78889
173 0.84991 0.867159 813 104535 0 34.3722 1.62104 48.8385 32.9448 33.1613 553 260 3.00802
174 0.856075 0.966245 667 77392 663 34.163 1.26446 42.3588 30.5619 34.5147 535 132 0.134868
175 0.898273 0.977035 677 67329 675 33.9785 2.15001 43.8057 28.1837 30.9222 521 156 0.119884
176 0.922772 0.941414 683 61914 681 31.8018 3.91141 41.5924 30.1441 30.9551 505 178 0.113821
177 0.852518 0.969325 704 52660 698 36.4138 1.2165 45.2452 30.5286 35.0406 556 148 0.109738
178 0.92779 0.940133 579 54058 575 32.6745 2.59234 35.1931 27.8568 28.1738 457 122 0.0960029
179 0.873267 0.940299 652 55942 647 34.2028 2.91963 42.428 30.2955 32.368 505 147 0.103662
180 0.913481 0.897233 636 91039 0 35.1003 1.96062 42.3577 34.1918 33.1063 497 139 1.87939
181 0.882353 0.933852 768 83666 766 33.1311 2.9633 44.9002 29.3119 31.8446 544 224 0.146112
182 0.755435 0.805797 593 37170 591 24.7776 12.0015 34.8072 19.2616 21.4069 368 225 0.0730521
183 0.879713 0.938697 764 86819 761 31.9361 2.90176 44.8446 30.3135 32.4497 557 207 0.152803
184 0.885714 0.949672 672 80446 669 33.1647 3.89173 44.5127 30.5202 32.7125 490 182 0.134298
185 0.86037 0.939462 636 55600 634 29.1178 7.89847 38.9293 27.3917 29.8075 487 149 0.100855
186 0.876494 0.813309 763 70433 0 36.1145 1.85291 47.5656 35.0158 31.3651 502 261 2.55401
187 0.851171 0.975096 704 57850 0 32.5385 3.39844 42.4945 31.5274 36.1335 598 106 2.21952
188 0.848101 0.930556 636 57584 634 34.8913 1.46472 40.2776 27.3935 30.3176 474 162 0.108198
189 0.811252 1 552 41253 550 26.3892 11.5156 34.1864 27.3423 34.1864 551 1 0.0797106
190 0.866667 0.932735 670 71915 668 34.4743 1.70225 43.5723 28.2656 30.7555 480 190 0.134971
191 0.923744 0.967332 775 66587 0 34.4993 2.02749 44.9051 32.369 33.8336 577 198 2.73069
192 0.826511 0.944321 690 69762 685 35.9125 1.60018 46.3127 29.9129 33.961 513 177 0.134291
193 0.896629 0.863636 563 47267 561 32.3486 1.85958 34.4444 28.0486 26.2224 445 118 0.0888765
194 0.802281 0.901709 699 96129 685 34.2556 1.34365 42.1396 28.6517 32.19 526 173 0.165756
195 0.938931 0.968504 661 49208 658 32.6587 2.72542 39.139 30.0896 30.9 524 137 0.0946342
196 0.74514 0.912698 630 53652 626 32.0047 3.13113 37.3663 21.9585 26.94 463 167 0.101121
197 0.848861 0.841889 717 68477 714 34.0453 1.41456 44.9762 30.212 29.1822 483 234 0.124495
198 0.973262 0.970667 595 59272 589 37.7162 0.707656 41.1224 26.3511 26.3061 374 221 0.107015
199 0.804781 0.968825 702 88987 698 33.0742 2.42934 44.8783 25.4345 31.5043 502 200 0.167021
200 0.842825 0.936709 595 70009 593 34.2875 1.62874 39.1105 25.3936 28.4695 439 156 0.131605
201 0.742044 0.950644 751 70612 749 30.7394 4.90098 43.2411 27.4647 35.3563 597 154 0.135407
202 0.74386 0.933921 746 68486 743 34.0837 1.6942 46.6311 26.9367 35.0725 570 176 0.13527
203 0.92844 0.947566 690 66430 0 33.967 2.07729 41.7833 32.0979 32.6932 545 145 2.19925
204 0.894632 0.965665 670 61364 650 33.8238 2.35614 43.4057 30.0823 32.4515 503 167 0.121807
205 0.927577 0.935393 507 55149 505 37.8923 0.417219 34.1685 23.9379 24.2434 359 148 0.0963626
206 0.934498 0.897275 582 37910 580 29.7698 6.27904 35.8878 28.629 27.5494 458 124 0.0769323
207 0.912322 0.918854 564 50338 562 33.9195 0.924647 35.2821 26.4067 26.7706 422 142 0.0937365
208 0.857749 0.980583 640 59510 638 33.9634 2.9762 43.2553 25.2401 28.8701 471 169 0.110353
209 0.895745 0.972286 589 50104 587 29.5873 6.29298 36.211 26.7095 29.1617 470 119 0.0940047
210 1 0.617711 464 27114 462 19.3061 19.6827 29.1452 29.1452 17.7656 286 178 0.0502931
211 0.959916 0.982721 677 90239 0 37.773 0.88153 49.2116 32.1307 33.143 474 203 2.1463
212 0.87037 0.915584 669 93087 667 33.6874 2.33533 41.8227 27.8441 29.8803 486 183 0.160578
213 0.864971 0.973568 692 106583 689 35.0319 1.49615 46.2496 29.1148 32.8757 511 181 0.181603
214 0.961071 0.817805 590 52738 588 33.6331 2.5817 35.1308 29.1681 25.2223 411 179 0.0987775
215 0.864173 0.971239 640 64125 638 34.6253 1.77389 41.2712 28.9048 32.7644 508 132 0.11719
216 0.92435 0.907193 655 57383 653 35.8022 1.16258 43.7191 28.113 27.6075 423 232 0.117399
217 0.845833 0.941995 683 73654 681 33.441 2.82996 41.6163 24.9781 27.8717 480 203 0.149287
218 0.919565 0.997642 623 92323 621 39.1769 0.389012 44.5739 28.0264 30.5113 460 163 0.155198
219 0.981096 0.957565 659 55277 0 37.6089 0.875384 44.2203 34.8989 34.0921 529 130 1.97866
220 0.953535 0.77377 669 76680 0 34.4209 3.38528 43.16 39.1682 32.1429 495 174 2.03608
221 0.924883 0.881432 623 91586 621 34.6631 1.82277 40.7426 29.2973 27.6082 426 197 0.146738
222 0.795752 0.941973 789 118651 0 36.8075 0.907407 50.3743 32.691 39.0226 612 177 2.75448
223 0.774312 0.970115 674 87117 672 34.4745 1.49759 42.5537 27.6286 34.9576 545 129 0.144458
224 0.914611 0.960159 717 95414 0 34.5264 1.83296 47.7679 33.2653 35.5932 527 190 2.25537
225 0.934389 0.92809 594 67033 591 35.7216 1.07737 39.8027 30.3824 30.3406 442 152 0.111314
226 0.893855 0.928433 753 67120 750 32.0211 4.99962 45.4804 30.3157 31.0875 537 216 0.121959
227 0.936957 0.943107 607 50846 605 28.7224 8.11435 37.6567 27.6632 28.015 460 147 0.0918305
228 1 0.505519 454 28462 452 19.4505 20.5606 27.2806 27.2806 13.5051 229 225 0.0489166
229 0.874494 0.917197 633 80461 624 33.9492 1.74469 39.8412 28.7439 30.3178 494 139 0.148136
230 0.877069 0.891827 598 58597 594 34.7207 1.50881 37.9931 26.4402 27.0239 423 175 0.10521
231 0.954436 0.923434 616 69776 614 37.1237 1.12237 41.3516 28.0704 27.3945 417 199 0.118336
232 0.864437 0.929924 693 57642 690 31.6297 2.83858 39.6594 29.9232 32.5304 568 125 0.103328
233 0.867273 0.946429 732 69339 728 35.4046 1.16816 44.6166 30.5754 33.7016 550 182 0.125167
234 0.905882 0.95297 685 63389 683 37.1375 0.82695 45.0086 26.7505 28.4433 425 260 0.114184
235 0.886986 0.982922 764 104241 0 35.6425 1.55285 50.2307 32.7458 36.3937 584 180 2.604
236 0.90458 0.97732 699 63550 696 36.2549 0.586958 46.0148 30.0853 32.4502 524 175 0.110319
237 0.945679 0.952736 592 40527 590 29.0151 7.85938 38.0643 25.3359 25.8167 405 187 0.078239
238 0.898734 0.894207 534 44015 532 32.022 6.93523 35.679 26.7974 26.209 395 139 0.0795269
239 0.885776 0.958042 566 52459 459 32.2783 3.76133 37.9665 28.5838 31.0029 464 102 0.100243
240 0.873589 0.984733 642 73551 640 33.6339 2.72044 41.1304 23.8666 26.981 443 199 0.138518
241 0.895131 0.969574 684 86369 0 35.3468 1.39317 46.3628 32.6818 35.8766 534 150 2.07465
242 0.961224 0.911025 663 66022 0 34.1661 2.49231 41.9537 32.9314 31.7047 490 173 1.97479
243 0.832589 0.953964 616 64894 612 36.2701 1.12089 42.5392 27.8886 31.4713 448 168 0.111912
244 0.938614 0.979339 713 113663 0 37.0467 1.04266 49.1094 31.7255 33.4528 505 208 2.31081
245 0.890661 0.935407 613 74404 611 33.1761 2.25513 38.0725 26.2096 27.4712 439 174 0.125515
246 0.973856 0.947034 656 89464 0 36.2038 0.722037 43.9585 30.6004 29.9811 459 197 1.92114
247 0.878788 0.948598 625 75126 623 32.9269 2.23794 40.1169 27.813 29.9834 462 163 0.127529
248 0.929688 0.963563 659 73641 656 31.336 4.65905 40.1445 29.906 31.0482 512 147 0.13476
249 0.785448 0.946067 727 62698 725 32.8946 3.28953 44.0618 26.4865 32.6555 536 191 0.123483
250 0.930622 0.894253 634 44071 632 28.4912 8.96105 39.3749 26.2697 25.4329 418 216 0.0846384
251 0.901288 0.901288 635 46597 633 31.9253 4.71686 38.7343 28.3279 28.1935 466 169 0.0873645
252 0.861345 0.985577 548 48918 477 30.5218 6.61476 37.3008 28.0023 32.4302 476 72 0.0848656
253 0.902622 0.918095 718 115197 0 36.7615 0.967125 48.7985 35.7562 36.9942 534 184 2.41183
254 0.861111 0.876607 572 51177 569 34.2723 1.32055 36.0029 24.3697 24.7014 396 176 0.094738
255 0.903382 0.981627 589 95200 585 39.8369 0.185057 42.4321 25.5857 27.9232 414 175 0.156835
256 0.989384 0.926441 664 56729 0 34.8935 3.53647 43.8938 31.7437 29.3865 471 193 2.0253
257 1 0.686567 470 23203 468 20.9423 16.1394 26.8541 26.8541 17.8906 322 148 0.0449559
258 0.794175 0.969194 670 46629 668 31.7444 4.31824 39.0603 24.2284 29.9789 515 155 0.0959689
259 0.943327 0.971751 728 55145 0 35.2081 1.92424 49.7123 36.062 37.445 547 181 2.40474
260 0.786517 0.813953 595 55787 593 33.2059 2.37408 36.8558 26.9289 27.6914 445 150 0.105509
261 0.95098 0.889908 683 55980 0 33.6664 2.80689 43.9413 35.7377 33.3458 510 173 2.11833
262 0.87067 0.852941 581 43232 571 36.7628 1.21586 39.872 30.4074 29.6589 433 148 0.106169
263 0.851986 0.944 701 49637 694 32.833 2.32572 42.2908 30.3471 33.6097 554 147 0.124637
264 0.96729 0.926174 587 64448 585 34.6722 1.68409 39.2116 28.9041 27.7755 428 159 0.114932
265 0.803053 0.954628 793 60525 0 32.8803 2.65706 45.8785 30.9778 38.2344 655 138 2.82358
266 0.867203 0.970721 631 56706 629 34.201 0.771485 38.0442 26.5742 29.939 497 134 0.106118
267 0.971857 0.793262 730 60397 0 33.4128 1.81568 43.5123 39.0037 32.2418 533 197 2.40799
268 0.740406 0.959064 634 44934 632 29.5863 5.5357 35.0999 18.68 24.6105 443 191 0.0899138
269 0.972222 0.882883 658 92541 0 36.7936 0.694033 44.4626 37.3688 34.3396 504 154 2.03419
270 0.87561 0.932468 591 74885 589 33.3592 3.2364 37.235 24.2675 26.0014 410 181 0.133685
271 0.978082 0.834112 556 33452 554 21.8069 17.3077 34.7024 26.1936 21.602 365 191 0.0691867
272 0.820841 0.995565 694 85997 690 35.8159 0.914829 45.6382 26.6404 33.0176 547 147 0.150439
273 0.932377 0.924797 657 72475 0 36.3146 1.21844 43.7415 32.7939 32.5521 488 169 1.99077
274 0.744966 0.948718 616 44132 452 33.0402 3.19532 40.5103 22.7478 29.2864 447 169 0.0844984
275 0.814532 0.869388 750 111090 742 35.8288 1.29379 47.0014 30.2353 32.2991 523 227 0.209765
276 0.940678 0.850575 619 50758 0 36.045 1.27009 41.9206 35.8717 32.6207 472 147 1.77172
277 0.962687 0.910053 740 78339 0 37.1181 0.647831 49.7224 38.6862 36.6033 536 204 2.50819
278 0.9375 0.980392 645 81647 0 38.1917 0.879606 45.9095 31.7993 33.0254 480 165 1.93786
279 0.854664 0.909931 631 48708 629 28.9364 6.01057 35.4101 24.5926 26.0839 461 170 0.0951982
280 0.909274 0.949474 654 66749 648 33.4772 1.76735 42.4658 30.3715 31.3768 496 158 0.128304
281 0.749206 0.904215 759 70676 755 32.3226 3.17611 41.9935 30.0976 36.1015 630 129 0.143857
282 0.90708 0.969267 640 97507 637 37.1103 0.660986 42.9622 28.1128 30.0312 452 188 0.171855
283 0.927103 0.901818 787 101308 0 34.3926 1.91734 46.7844 31.8938 31.373 535 252 2.82394
284 0.931227 0.961612 692 90264 0 33.2171 2.58348 41.7888 31.4286 32.5646 538 154 2.23147
285 0.947368 0.97006 701 72605 0 37.2457 0.891117 49.7949 35.1322 35.8671 513 188 2.19945
286 0.874142 0.900943 579 67176 576 32.2023 2.31742 35.1658 25.6601 26.4899 437 142 0.124306
287 0.953191 1 517 43734 515 32.1535 7.00801 33.4022 29.172 30.455 470 47 0.0972367
288 0.893654 0.963031 754 92582 0 35.2104 1.34791 48.4143 35.5366 38.2823 583 171 2.54824
289 0.917453 0.98481 614 45283 612 27.6147 8.24671 35.0139 21.858 23.5268 424 190 0.0881293
290 0.97543 0.934118 584 54339 582 38.0976 0.672969 37.8687 28.3189 27.1834 407 177 0.0972156
291 1 0.677647 426 32205 424 18.2641 19.6729 25.2038 25.2038 16.9579 288 138 0.0526536
292 0.832685 0.942731 623 72197 618 33.6904 1.93994 40.5968 30.2455 33.6555 514 109 0.124987
293 0.762295 0.939394 691 59989 689 35.692 2.10111 48.977 26.5505 34.1065 488 203 0.108964
294 0.892139 0.94027 715 75713 0 32.8596 3.1789 43.8751 31.1864 33.0433 547 168 2.26856
295 0.804825 0.924433 623 47980 621 35.4684 1.91011 40.9828 26.4691 30.3463 456 167 0.0896997
296 0.940919 0.968468 593 36569 591 29.918 7.58965 37.13 27.4681 28.1709 457 136 0.0725298
297 0.950139 0.907407 554 41771 552 30.6533 7.38597 38.3456 25.7999 24.5192 361 193 0.0766701
298 1 0.72238 354 16595 352 17.2605 19.7116 18.8966 18.8966 13.4257 255 99 0.0295362
299 0.833667 0.9163 729 73569 723 34.8169 1.43271 43.5132 26.0186 29.2455 499 230 0.133402
300 0.935185 0.933457 727 72223 0 35.0133 1.90647 47.5276 34.1987 34.1938 540 187 2.32524
301 0.954416 0.935754 508 57755 506 35.3711 0.852284 33.9639 23.4944 22.8228 351 157 0.0941712
302 0.639252 0.955307 736 81439 731 36.254 1.83905 50.3328 21.7408 35.7412 535 201 0.145212
303 0.91635 0.983673 724 99377 721 35.4317 1.02868 45.9736 29.8077 32.4119 526 198 0.161217
304 0.902174 0.925651 709 58423 0 35.1959 1.95343 45.8963 34.7444 35.8024 552 157 2.21765
305 0.848564 0.993884 535 68227 533 37.0784 1.16269 36.8187 21.2999 24.7721 383 152 0.112945
306 0.917399 0.910995 745 97942 0 37.6042 0.446739 51.6397 40.662 40.6709 569 176 2.47541
307 0.911392 0.942408 566 48041 564 30.6609 3.9221 33.7137 21.7973 22.3464 395 171 0.0862581
308 0.848 0.929825 648 64387 642 33.1341 2.1788 37.4302 26.4651 29.0381 500 148 0.114399
309 0.833625 0.952 761 87196 759 33.355 1.79667 43.09 27.9626 32.5485 571 190 0.150901
310 0.825088 0.932136 692 58287 690 33.3178 2.39226 39.859 28.6424 32.6981 566 126 0.128805
311 0.900356 0.965649 711 60262 0 34.3084 2.269 46.2042 34.8704 37.342 562 149 2.26672
312 0.823647 0.971631 693 55206 691 32.078 2.71095 39.5129 23.4088 28.1007 499 194 0.108678
313 0.868263 0.977528 642 85284 640 34.9046 1.6959 40.9094 28.3336 32.0169 501 141 0.156641
314 0.96934 0.925676 585 50322 418 34.5893 2.79346 41.0277 29.9815 28.6987 424 161 0.0868081
315 0.847682 0.992248 784 80162 0 32.455 3.16095 47.3721 31.6574 36.681 604 180 2.74612
316 0.898969 0.902692 672 55654 0 34.5442 2.39345 45.879 32.726 33.2703 485 187 2.07454
317 0.875 0.947248 603 66298 601 33.1708 2.70569 40.4921 28.7609 30.9577 472 131 0.117465
318 0.914474 0.922566 592 58471 590 30.6358 5.26044 36.6166 27.6668 27.8994 456 136 0.106724
319 0.987654 0.943026 623 81756 0 36.753 0.950409 44.0351 35.5438 33.708 486 137 1.81586
320 0.773356 0.89759 728 62820 726 32.5493 2.76655 41.2011 28.5415 32.4915 578 150 0.128129
321 0.977853 0.800558 808 96597 0 36.0702 1.28025 52.3972 47.4597 39.8833 587 221 2.98881
322 0.889892 0.94084 736 74645 0 33.6354 2.48821 45.062 32.0621 33.8848 554 182 2.41271
323 0.781737 0.926121 613 73533 607 32.7907 2.10623 37.6383 22.8313 27.2259 449 164 0.130013
324 0.811092 0.934132 741 91362 0 35.4384 0.91278 46.7137 30.7969 36.529 577 164 2.53684
325 0.927405 0.878007 699 69948 0 33.6645 2.08945 42.2437 35.9916 33.6585 551 148 2.24544
326 0.84261 0.938034 740 109073 735 35.5374 2.20241 50.2073 30.5318 34.2759 521 219 0.199458
327 0.981744 0.892989 660 53959 0 34.7161 0.945928 41.9212 34.5512 31.5904 493 167 1.8975
328 0.967742 0.9 633 57072 0 35.4848 0.895789 41.5247 33.1582 30.4944 465 168 1.77555
329 0.846154 0.969262 722 73730 719 33.1779 2.17627 44.4636 29.7621 33.7428 559 163 0.131446
330 0.864094 0.943223 759 74458 0 33.9392 2.34617 46.4317 33.2409 36.3559 596 163 2.51733
331 0.866812 0.921114 655 58309 653 32.4266 4.79473 40.6238 25.3819 27.363 458 197 0.105762
332 0.856842 0.997549 648 103654 646 35.8058 1.23399 41.9475 24.1396 28.5108 475 173 0.164577
333 0.856148 0.971053 555 53883 553 31.2394 4.03144 32.3086 21.9854 24.9734 431 124 0.0922287
334 0.953321 0.798496 759 67145 0 36.4686 1.47415 52.4085 46.2684 38.8836 557 202 2.50208
335 0.900922 0.95599 565 40272 563 27.6869 7.70401 31.8425 22.8262 24.4419 434 131 0.0767168
336 0.942643 0.935644 549 52571 547 25.3602 10.7664 32.9841 24.0547 23.7911 401 148 0.0929491
337 0.748077 0.921801 716 104874 698 32.1108 3.18531 46.4489 26.6583 33.7352 520 196 0.171904
338 0.770601 0.917772 634 49588 632 31.5571 2.8692 36.0716 21.3994 25.4466 449 185 0.0916494
339 0.89485 0.965278 641 70836 639 34.1659 2.30116 39.3119 26.8318 29.099 466 175 0.127891
340 1 0.504249 354 17343 352 15.3486 23.0329 20.1134 20.1134 9.34006 178 176 0.0336845
341 0.907895 0.981707 710 82650 707 35.7876 1.29382 45.5668 30.4065 33.2426 532 178 0.153118
342 0.9274 0.90205 648 49276 646 25.5333 13.2179 39.0407 26.1527 25.4096 427 221 0.0945211
343 0.901544 0.945344 712 61521 709 34.0937 2.23901 44.536 29.7186 30.9426 518 194 0.108447
344 0.877953 0.965368 637 59797 631 33.8345 2.60148 40.4812 29.8917 32.8827 508 129 0.112694
345 1 0.265957 283 16234 281 11.9078 28.6359 17.5263 17.5263 3.80987 75 208 0.0261272
346 0.797917 0.952736 620 50894 618 33.877 2.6115 41.2619 25.4422 30.897 480 140 0.094153
347 0.820952 0.968539 621 57007 619 29.2339 6.1821 37.5568 27.2595 31.8419 525 96 0.101391
348 0.91258 0.961798 631 60424 629 34.4171 2.32286 40.2543 28.3449 29.7112 469 162 0.105639
349 0.905455 0.948571 698 52482 696 30.1857 6.09381 39.0312 29.1478 30.6101 550 148 0.0999275
350 0.767483 0.986517 656 54556 654 33.1431 1.71508 38.2288 25.0913 33.7112 572 84 0.101475
351 0.904255 0.921909 592 59215 572 35.4385 1.32459 38.2962 30.3501 31.0837 470 122 0.118276
352 0.851521 0.963563 725 65167 723 32.2042 3.36009 43.5511 28.4929 32.5699 559 166 0.122934
353 0.800805 0.947619 649 51523 647 29.2284 7.12283 37.6064 23.9311 28.9129 497 152 0.0944599
354 0.975113 0.945175 580 37673 0 37.1588 0.735598 39.4817 31.2749 30.2815 442 138 1.47117
355 0.836689 0.882075 654 66166 649 35.4397 1.047 41.9435 26.8777 28.1996 447 207 0.114891
356 0.940503 0.89738 669 92589 665 36.3636 0.747973 43.8271 30.5202 29.1276 437 232 0.149022
357 0.95 0.925754 525 45427 522 36.9804 1.10228 36.008 29.8185 28.9915 420 105 0.0799137
358 0.845996 0.911504 679 53677 676 35.3309 1.73187 45.059 30.1126 32.1658 487 192 0.0971408
359 1 0.356667 301 13965 299 10.6266 28.9996 16.7687 16.7687 5.5199 107 194 0.0239917
360 0.889105 0.921371 615 51528 0 32.8719 2.69461 39.1322 31.3768 32.8216 514 101 1.68215
361 0.881603 0.927203 760 81147 755 33.9812 3.03037 44.3566 30.1261 31.5049 549 211 0.147689
362 0.913758 0.986696 614 51845 612 29.0394 6.90802 38.1102 27.9682 30.0514 487 127 0.0947872
363 0.910387 0.91411 632 67670 629 32.9449 3.02655 39.6882 30.3479 30.8678 491 141 0.112547
364 0.943052 0.990431 507 45215 505 29.1631 7.89222 32.2564 27.0193 28.2813 439 68 0.0788913
365 0.912393 0.855711 668 62808 0 36.2388 0.59622 45.3658 34.8562 32.8017 468 200 1.93478
366 0.948097 0.888169 749 62752 0 32.7777 2.55177 42.4527 35.5886 33.6598 578 171 2.39779
367 0.835907 0.885481 702 60241 700 34.7725 1.26488 42.2706 28.7501 30.7276 518 184 0.110587
368 0.886228 0.963124 630 69647 0 35.228 1.29537 41.3894 30.8761 33.3502 501 129 1.75447
369 0.968288 0.952183 631 67163 0 34.475 2.2906 41.2926 31.9902 31.3647 473 158 1.79261
370 0.880995 0.964981 657 65109 655 29.7005 5.80977 37.7724 29.6915 32.4594 563 94 0.114037
371 0.962704 0.980998 594 62268 590 37.3627 1.1824 37.8303 27.9061 28.3724 429 165 0.106073
372 1 0.64186 431 23606 429 16.8657 21.3477 27.057 27.057 16.3373 276 155 0.0426001
373 0.864348 0.898734 807 75727 0 33.4401 3.04366 48.5613 33.1555 35.2212 575 232 2.82123
374 0.828974 0.895652 702 72185 700 34.8705 1.20707 42.4071 28.1149 30.7543 497 205 0.137155
375 0.938667 0.907216 620 76277 616 32.8901 4.23893 41.487 25.0144 24.3319 375 245 0.136888
376 0.858306 0.872517 757 69205 0 34.7165 1.22456 48.3991 38.2941 39.2838 614 143 2.53892
377 0.855535 0.980645 783 74509 780 34.1358 2.99589 48.8999 28.672 33.0467 533 250 0.145172
378 0.766942 0.991453 761 77548 756 37.4185 0.735371 51.659 29.8434 38.7601 605 156 0.158813
379 0.862626 0.995338 669 65954 667 38.1816 0.999525 46.919 27.8499 32.0222 495 174 0.118242
380 1 0.294326 283 15114 281 10.1348 29.4969 14.9545 14.9545 4.19381 83 200 0.025081
381 0.900398 0.953586 661 80542 656 33.3763 2.03444 43.2802 30.4373 32.2807 502 159 0.133027
382 0.851916 0.995927 724 66315 720 35.111 1.43389 45.6161 30.1933 35.1183 574 150 0.120965
383 0.870567 0.98004 752 86088 0 34.3809 1.3668 47.5212 30.9143 35.2793 564 188 2.50933
384 0.878004 0.927734 684 55225 0 33.7054 2.24922 43.5496 32.6204 34.2495 541 143 2.17068
385 0.793522 0.837607 718 89721 0 34.1739 3.20018 49.9963 31.3618 34.1932 494 224 2.39866
386 0.896341 0.942308 670 91575 663 35.6145 0.999836 43.0898 30.1129 31.7216 492 178 0.163218
387 0.869231 0.893281 652 65835 0 35.9566 1.62486 45.0526 34.8297 35.3739 520 132 1.98747
388 0.906931 0.938525 650 56786 648 29.1777 6.51965 37.0096 28.1982 29.1639 505 145 0.112364
389 0.986737 0.944162 516 68256 514 37.7896 0.747296 35.5523 27.1201 26.0277 377 139 0.120569
390 0.827423 0.977654 610 63594 594 35.5546 1.45361 41.4675 23.7567 28.4103 423 187 0.128856
391 0.958738 0.879733 595 71069 593 26.6589 11.7207 37.9362 28.4086 26.0787 412 183 0.130862
392 0.85786 0.744557 789 72591 0 33.5765 3.48201 46.415 40.9468 35.2253 598 191 2.83929
393 0.909574 0.942149 522 34499 520 33.5098 4.59715 34.8779 24.5203 25.1762 376 146 0.0683679
394 0.886199 0.928934 541 58423 539 35.4886 1.69161 37.4115 28.0463 29.1884 413 128 0.103997
395 0.907368 0.949339 631 46496 628 33.8433 3.89709 41.8071 30.5006 31.6828 475 156 0.0885249
396 0.868421 0.896739 542 37407 540 25.9433 9.45134 31.3403 21.3632 22.1938 380 162 0.0742314
397 0.776614 0.934874 831 68079 829 32.2058 3.27398 48.3462 26.8887 32.8595 573 258 0.137145
398 0.789144 0.949749 620 41892 618 31.6127 7.13346 41.8098 25.8521 31.8616 479 141 0.0854887
399 0.870259 0.951965 666 68442 664 31.1594 4.75704 40.6537 27.1832 30.327 501 165 0.132348
400 0.92029 0.958491 778 98665 0 35.8885 2.34304 52.2947 35.416 37.1084 552 226 2.80305
401 0.933116 0.951747 713 74084 0 34.183 1.97363 44.6034 38.0439 38.9888 613 100 2.3296
402 0.892632 0.948546 673 59260 668 36.4604 2.07043 45.0859 30.2456 32.2868 475 198 0.129162
403 0.893443 0.926346 544 48238 542 25.7749 10.4074 31.7201 20.1345 20.9941 366 178 0.0878791
404 0.933702 0.95122 742 118566 0 34.6839 1.66542 48.3422 35.1424 35.6776 543 199 2.49252
405 0.88843 0.890269 664 77841 658 32.92 2.05275 40.114 29.3864 30.1222 484 180 0.13469
406 0.945545 0.903073 610 45167 608 28.8493 8.22045 38.4863 25.9903 24.8065 404 206 0.0856316
407 0.903904 0.970968 517 30115 515 19.955 19.0342 31.2462 17.5879 19.2471 333 184 0.0599662
408 0.771062 0.954649 754 99224 751 33.6549 2.31473 49.1051 27.8372 34.5108 546 208 0.17194
409 0.954348 0.894094 582 52392 0 31.2095 5.93095 37.1786 31.8041 29.6903 460 122 1.51267
410 0.863636 0.912317 663 64663 659 33.9871 2.66431 41.9351 30.0179 31.8785 506 157 0.120817
411 0.854015 0.964948 743 67727 741 33.1033 1.84795 42.4645 28.0029 31.5355 548 195 0.125161
412 0.913758 0.895372 664 51650 661 34.5396 1.11532 40.6491 29.9638 29.0908 487 177 0.0933174
413 0.907071 0.916327 678 57124 674 33.0251 2.89291 41.5853 30.0711 30.6757 495 183 0.105527
414 0.920152 0.962227 634 52840 0 34.956 1.7702 41.1178 32.2395 33.9835 526 108 1.84327
415 0.972637 0.900922 563 65332 560 38.3631 0.487429 39.6242 30.2649 28.1464 402 161 0.111026
416 0.840476 0.90051 590 41098 588 32.1341 2.25552 33.5849 21.7112 23.1898 420 170 0.0816411
417 0.950207 0.919679 666 54637 0 36.0556 1.33205 45.4484 33.9102 33.0332 482 184 2.05345
418 0.93401 0.960836 555 75415 552 31.9596 2.38569 33.0392 22.605 23.3765 394 161 0.137089
419 0.860577 0.985321 819 95725 0 31.9023 4.60522 50.2299 31.9033 37.0458 624 195 2.96547
420 0.768852 0.955193 792 93228 785 35.0413 1.55791 50.4641 29.9381 37.1262 610 182 0.16759
421 0.87751 0.984234 686 62503 682 35.775 2.93234 50.9797 30.4953 33.958 498 188 0.112723
422 0.874603 0.961606 776 61924 0 33.4515 3.09725 48.2284 35.548 38.9419 630 146 2.64666
423 0.791398 0.960836 571 41279 569 33.6376 2.42623 36.836 23.8478 29.4839 465 106 0.0780301
424 0.895911 0.973737 663 51532 659 32.6127 4.50613 40.8245 30.2359 32.9062 538 125 0.0980775
425 0.787582 0.900935 785 57295 768 34.0119 1.78243 45.8288 30.5261 35.6776 612 173 0.193174
426 0.978102 0.895323 553 65424 0 36.7765 2.0744 40.7573 33.3892 30.6171 411 142 1.42009
427 0.94213 0.939954 606 60480 598 38.2726 0.314752 42.9454 30.1213 30.0434 432 174 0.105112
428 0.900901 0.973236 597 50830 591 33.7365 1.71121 38.009 26.111 28.2366 444 153 0.0914401
429 0.92 0.914226 612 48426 0 35.6881 1.672 41.2864 32.4182 32.0909 475 137 1.6579
430 0.872984 0.842412 656 80844 0 37.0922 1.19781 43.0875 34.2538 33.2616 496 160 1.95758
431 0.940695 0.956341 702 59627 700 32.8056 3.77492 42.5552 29.4249 29.9036 489 213 0.111963
432 0.884368 0.934389 654 58222 652 32.0715 2.33035 38.165 26.1909 27.7419 467 187 0.108148
433 0.892675 0.996198 694 53124 691 27.016 9.60786 40.3946 30.3888 34.4363 587 107 0.0986586
434 0.931707 0.957393 507 38648 505 32.9558 5.60826 33.2715 26.0812 27.0882 410 97 0.0762883
435 0.882199 0.90107 521 54042 505 34.7419 2.00245 34.0063 23.9038 24.8557 382 139 0.100527
436 0.933333 0.951456 578 51069 576 33.0142 2.45093 35.6369 25.5422 25.7017 420 158 0.0930187
437 0.882828 0.853516 697 75885 0 34.0406 2.79465 44.1885 32.6191 31.7679 495 202 2.17791
438 0.844055 0.903967 657 81167 650 34.5777 0.964545 41.3753 30.3402 32.7441 513 144 0.145962
439 0.932099 0.917004 570 55961 0 31.4893 5.52057 36.6653 31.781 31.4881 486 84 1.47119
440 0.872549 0.988889 654 66947 652 34.1166 1.47667 40.0483 27.0447 30.8532 510 144 0.117908
441 0.796134 0.90239 729 58851 724 31.8157 3.62814 44.9445 30.0269 34.0068 569 160 0.129393
442 0.906977 0.908738 718 74461 0 34.7186 1.60497 42.9381 31.3178 31.4644 516 202 2.29586
443 0.831041 0.959184 742 78461 740 33.5946 2.26891 43.8207 26.0245 30.1157 509 233 0.140369
444 0.917485 0.964876 754 100963 750 35.0016 1.52771 46.9269 28.5713 29.7361 509 245 0.203472
445 0.877193 0.956938 655 45616 653 33.3789 2.14124 42.9163 25.9386 28.4687 456 199 0.0923792
446 0.96988 0.947059 486 34152 484 28.5954 9.84411 31.5493 21.4016 20.5903 332 154 0.064019
447 0.933014 0.902778 558 43704 556 32.3459 2.8188 32.8571 25.4281 24.5673 418 140 0.0811425
448 1 0.65358 434 20053 432 18.4507 19.1436 24.5213 24.5213 15.8 283 151 0.0375272
449 0.8327 0.929936 709 97777 707 33.6502 2.42608 41.483 26.9327 31.022 526 183 0.165135
450 0.98481 0.960494 505 27009 503 25.7493 12.754 32.5738 26.2537 25.4827 395 110 0.0555022
451 0.828859 0.921642 838 75584 834 32.0875 3.77474 45.4875 30.0559 33.7505 596 242 0.146853
452 0.82735 0.989775 805 89474 799 37.2956 0.700452 55.0734 30.6642 36.9678 585 220 0.167617
453 0.867173 0.930754 718 80820 0 32.2925 4.38138 45.9922 31.2538 33.4735 527 191 2.28132
454 0.885312 0.960699 632 62250 627 31.9419 6.16406 42.9587 30.2836 33.668 497 135 0.110338
455 0.874783 0.976699 732 81977 0 34.4695 2.0846 49.3713 34.2123 38.9647 575 157 2.4742
456 0.93858 0.897248 775 68852 0 33.8468 2.42377 46.0865 33.9871 32.2971 521 254 2.70696
457 0.844697 0.963283 723 88325 721 33.4745 1.61761 43.0637 27.8618 31.6337 528 195 0.163123
458 0.921098 0.962366 754 78956 0 34.1996 2.52273 47.5251 35.267 37.0516 583 171 2.61485
459 0.93318 0.9689 593 58792 571 35.6142 1.66573 38.7839 27.6849 28.5852 434 159 0.10503
460 0.939331 0.997778 662 55560 660 33.9499 4.25338 44.5809 28.2092 29.8481 478 184 0.107027
461 0.788043 0.977528 676 81057 674 32.5616 2.36608 43.7385 28.6036 35.7707 552 124 0.14558
462 0.847458 0.991189 645 60929 643 31.9891 3.00408 38.9453 27.7699 32.5567 531 114 0.113546
463 0.952688 0.954741 606 83882 0 33.8125 3.09625 42.4516 32.3013 32.3803 465 141 1.76026
464 0.885835 0.933185 655 68694 652 34.0251 3.4218 41.4138 29.6597 30.5998 473 182 0.130071
465 0.861702 0.89011 647 68481 644 34.9285 1.68092 43.1996 30.2196 31.7228 470 177 0.120619
466 0.877133 0.979048 806 82174 0 34.7667 2.17032 50.5174 31.4777 35.1097 586 220 2.94364
467 1 0.385802 325 10312 323 9.64767 29.7956 17.5611 17.5611 6.45392 125 200 0.0214978
468 0.88946 0.827751 615 85037 604 35.3251 1.27135 41.5194 28.0275 26.0078 389 226 0.145952
469 0.967136 0.887931 670 96144 661 35.3762 1.49434 43.9191 30.1006 27.2788 426 244 0.173715
470 0.859895 0.931689 750 81862 746 31.343 4.88742 44.9654 30.582 33.3524 571 179 0.152302
471 0.763889 0.9625 685 62326 683 31.2139 4.96067 42.5181 23.1624 28.9972 504 181 0.118262
472 1 0.781038 444 30509 442 21.2495 16.7366 26.9254 26.9254 20.7474 346 98 0.0536497
473 0.936219 0.953596 542 50330 538 36.8291 1.56823 38.1241 30.5024 31.2773 439 103 0.0919408
474 0.908046 0.940476 605 54214 603 35.348 2.13713 40.8022 27.7236 29.2993 435 170 0.100647
475 0.914855 0.990196 676 68716 0 37.0958 1.09054 46.095 33.1558 36.1029 552 124 2.11806
476 0.910638 0.904863 655 95243 0 35.4811 1.55124 45.7326 33.4705 33.3165 470 185 2.01839
477 0.895582 0.95914 648 69648 644 35.4982 1.89715 41.3687 29.9151 32.0446 498 150 0.126155
478 0.954357 0.798611 699 94755 0 36.2165 1.24291 48.738 40.9308 34.0829 482 217 2.2896
479 0.871429 0.96063 719 63220 711 30.6023 6.13262 44.58 30.3026 34.0288 560 159 0.138327
480 0.920863 0.979592 528 36884 526 29.3379 8.8868 33.8854 25.5064 26.7999 417 111 0.0730204
481 0.665563 0.980488 775 92949 772 34.6591 1.46577 49.0165 24.9163 36.5978 604 171 0.192374
482 0.970252 0.915767 635 53438 632 34.593 2.15796 40.2061 29.9696 28.4877 437 198 0.097378
483 0.879098 0.914712 671 77801 665 32.2079 4.65655 43.5092 29.9614 31.2296 488 183 0.139247
484 0.898925 0.87631 627 66538 624 33.0568 2.53504 39.4873 30.1679 29.7312 465 162 0.112094
485 0.873188 0.99793 688 71883 0 31.9309 5.58253 46.9613 33.9329 38.5125 552 136 2.08761
486 0.944681 0.932773 604 55620 602 33.8388 2.39686 36.5402 29.1612 28.7626 470 134 0.103487
487 0.852941 0.931478 676 45216 674 33.3211 1.89242 40.8079 27.487 30.2364 510 166 0.0900191
488 0.810256 0.969325 723 94024 719 34.6011 1.63565 43.6065 30.3615 35.9632 585 138 0.155848
489 0.84 0.892617 661 67481 659 32.3571 2.89835 39.7519 26.9818 28.6087 475 186 0.117
490 0.814583 0.859341 692 56302 690 29.5903 5.92349 40.7961 25.8462 27.7964 480 212 0.104403
491 0.942801 0.959839 656 70830 0 35.8743 1.81623 45.8647 35.0332 35.9023 507 149 1.91784
492 0.761384 0.98818 758 60381 756 36.6251 1.2429 51.6833 26.6986 34.969 549 209 0.119043
493 0.964211 0.950207 697 81130 694 35.1645 1.31184 44.9714 30.1544 29.8764 475 222 0.134571
494 1 0.609877 406 20174 404 18.0113 20.5921 23.811 23.811 14.6835 247 159 0.0354282
495 0.963964 0.901053 587 44295 585 32.2642 2.99585 35.865 28.9624 26.946 444 143 0.0813301
496 0.949657 0.965116 601 75803 587 34.7301 2.70921 41.776 29.1049 29.3989 437 164 0.124554
497 0.912162 0.90604 637 69392 0 36.0636 1.2588 43.4632 30.7681 30.796 444 193 1.79521
498 0.88 0.867606 554 53690 552 35.6509 2.15757 36.4825 22.7992 23.0611 350 204 0.106791
499 0.894837 0.968944 630 56640 627 33.3934 2.02224 38.5458 30.1364 32.2811 523 107 0.0978793
500 0.772128 0.990338 690 67868 687 35.984 1.34177 43.3654 25.1126 32.3735 531 159 0.123593
501 0.729097 0.984199 761 83871 758 34.3171 1.92143 46.1802 26.2897 36.6769 598 163 0.149764
502 0.851145 0.89022 717 103273 714 33.7467 1.9829 42.0544 29.9323 31.3057 524 193 0.170052
503 0.969048 0.925 582 73882 576 36.4729 0.621233 38.9935 29.843 28.5408 420 162 0.119025
504 0.84375 0.950311 773 72568 768 34.659 2.35688 48.5664 30.4821 34.4594 544 229 0.139307
505 0.910714 0.98646 708 68247 703 32.662 2.38557 41.6336 30.0055 32.5772 560 148 0.12398
506 0.870813 0.834862 705 58661 703 32.5824 3.3036 44.0157 27.3995 26.2072 418 287 0.121828
507 0.914097 0.884861 673 73935 671 33.8209 2.44848 39.9654 28.2629 27.1603 454 219 0.131957
508 0.927505 0.96882 658 59779 656 35.3325 2.38757 43.8768 28.6907 30.2379 469 189 0.106086
509 0.820463 0.869121 713 93900 705 34.7994 1.63281 45.344 30.4714 32.7233 518 195 0.159986
510 0.926829 0.928889 567 47474 0 35.868 1.0959 40.5201 32.1862 32.1544 451 116 1.40459
511 0.895277 0.993166 556 67556 0 33.4087 5.92585 39.1444 30.8883 34.5499 487 69 1.23086
512 0.885057 0.869074 639 49373 637 31.6636 6.55963 42.7852 28.992 28.8528 435 204 0.0933483
513 0.97543 0.958937 556 68837 553 37.1677 0.777812 39.7075 29.5335 28.9136 407 149 0.113648
514 0.897177 0.932914 699 72080 689 34.6783 1.74301 44.8598 30.5872 32.0355 496 203 0.121591
515 0.840226 0.937107 668 71609 663 35.2326 1.5887 43.1975 30.5063 34.2496 532 136 0.12652
516 0.830769 0.949219 754 87606 747 33.1748 2.11097 44.8979 29.8339 33.6256 585 169 0.179997
517 0.919922 0.938247 727 113961 0 39.0851 0.295244 53.1197 35.3073 36.3571 512 215 2.34001
518 0.965649 0.801902 706 99436 0 34.2398 2.42694 46.1492 41.7333 33.4674 524 182 2.18173
519 0.894068 0.976852 651 84777 648 39.0653 0.222684 48.2025 29.7435 32.3342 472 179 0.135771
520 0.798768 0.98481 640 48156 638 30.8416 4.84162 37.6585 22.4226 28.3324 487 153 0.0897671
521 0.862144 0.956311 600 94394 591 36.549 0.603236 41.6553 27.9516 30.9955 457 143 0.150536
522 0.902954 0.806026 713 71552 0 36.3904 0.902393 48.3043 36.1053 31.2034 474 239 2.21521
523 0.880208 0.926874 743 73768 0 31.5726 5.935 46.5663 35.5505 36.9402 576 167 2.44244
524 0.815884 0.856061 769 74768 0 34.4407 2.64704 48.0247 32.0433 33.937 554 215 2.69228
525 0.933071 0.96146 694 60998 0 35.62 1.48677 47.4419 33.5836 34.7527 508 186 2.21
526 0.855422 0.936264 688 69551 686 32.244 3.10387 40.7262 26.2528 28.7047 498 190 0.131404
527 0.909677 0.898089 633 75297 627 35.1202 0.983292 41.6953 30.2907 30.0347 465 168 0.139527
528 0.905512 0.831826 717 94878 0 34.2894 1.51759 47.2506 36.4565 33.1904 508 209 2.40365
529 0.786026 0.967742 633 60492 631 37.5141 0.949431 44.4265 25.2836 31.3302 458 175 0.112838
530 0.873106 0.956432 756 80006 752 33.0304 2.92992 47.4546 30.0921 32.1423 528 228 0.148339
531 0.909283 0.894191 691 85859 688 35.5954 1.38436 43.3325 29.9147 29.6553 474 217 0.147618
532 0.906667 0.896703 599 52057 597 35.0421 1.72373 36.6574 27.8537 27.9353 450 149 0.0984371
533 0.95112 0.922925 647 70750 0 36.7243 1.77894 43.8497 35.0886 34.3446 491 156 1.95308
534 0.840989 0.995816 677 70843 674 35.1117 1.72467 42.9747 29.8333 35.5859 566 111 0.12765
535 0.888514 0.828346 768 88425 0 35.0999 1.18227 50.9962 42.9115 39.2484 592 176 2.71319
536 0.985915 0.97493 552 45544 550 23.9218 13.2422 33.1914 21.6895 21.4745 355 197 0.0860796
537 0.889109 0.912602 686 102291 683 34.1551 1.5811 41.586 29.7515 30.7653 505 181 0.170982
538 0.967366 0.951835 551 58597 0 36.3988 1.55557 39.6569 31.4788 31.1463 429 122 1.43528
539 0.957447 0.925234 681 83982 0 35.3701 1.15643 44.9506 36.0315 34.9214 517 164 2.15618
540 0.781116 0.898765 611 71667 603 32.0783 2.47607 35.3394 23.3674 26.9413 466 145 0.128425
541 0.928571 0.943137 706 78817 0 35.0583 2.06637 45.1784 32.2295 33.1248 518 188 2.31634
542 0.772994 0.933806 667 100958 665 32.5222 3.27041 40.0765 25.1921 31.0223 511 156 0.171988
543 0.958057 0.945534 597 55311 0 34.8666 1.51616 40.2496 31.804 31.3063 453 144 1.64989
544 0.941176 0.979592 687 55231 0 34.8769 2.67753 47.0996 32.789 34.6276 510 177 2.17108
545 0.826446 0.982801 640 78999 638 35.0933 1.20744 40.1314 24.8697 30.0185 484 156 0.141314
546 0.977431 0.91248 756 56518 0 34.6501 2.62804 48.8881 39.5011 36.7611 576 180 2.60401
547 0.879377 0.978355 648 44958 645 31.4654 4.46244 39.6313 27.818 31.6748 514 134 0.0945501
548 0.896127 1 761 118631 0 36.5818 0.818505 54.2391 34.4057 38.2003 568 193 2.68363
549 0.883495 0.957895 643 79585 623 34.8714 1.30806 40.6638 29.9036 32.706 515 128 0.138797
550 0.920561 0.985 587 53227 585 32.6193 5.63948 39.0913 25.4118 27.009 428 159 0.0989345
551 0.886022 0.976303 667 61244 665 35.5374 1.2546 43.6727 27.1159 30.077 465 202 0.115664
552 0.855469 0.939914 690 71977 685 36.4947 0.825682 45.7445 30.2308 33.4769 512 178 0.13684
553 0.961905 0.980583 687 92810 0 34.7908 1.91078 47.1387 34.0909 34.5335 525 162 2.1913
554 0.946535 0.965657 694 112756 0 37.1403 0.455842 48.1391 34.0629 34.9606 505 189 2.30864
555 0.924242 0.974886 582 67433 575 34.7281 3.27296 40.6781 30.4338 32.1489 462 120 0.126194
556 0.936097 0.945899 731 99532 0 35.2822 1.92395 51.0419 40.4075 40.5863 579 152 2.4037
557 0.921225 0.946067 623 65635 620 35.0222 1.50191 42.3923 30.1693 30.7623 457 166 0.108454
558 0.848812 0.933492 613 85922 610 35.1223 1.51841 39.2526 27.0403 29.5027 463 150 0.135746
559 0.938819 0.913758 607 55312 0 34.7775 2.2213 39.943 31.922 31.4156 474 133 1.62668
560 1 0.704797 543 33143 541 26.6291 8.9336 30.3999 30.3999 20.7802 382 161 0.0738152
561 0.979008 0.884483 678 65097 0 33.4569 2.16427 40.348 35.0985 31.5758 524 154 2.03851
562 0.951681 0.997797 624 48493 622 36.6259 0.748656 41.6315 29.0943 30.5451 476 148 0.0894025
563 0.900749 0.965863 739 100691 736 35.0652 1.68063 44.3833 30.4794 32.7856 534 205 0.162718
564 0.90051 0.871605 548 49594 544 36.8264 0.942564 36.369 26.6252 26.0758 392 156 0.0859508
565 0.859914 0.970803 605 51684 603 33.432 3.82237 40.2481 26.3783 30.0223 464 141 0.116335
566 0.944334 0.969388 639 85574 0 32.6848 3.15615 40.1548 30.5552 31.6283 503 136 1.82829
567 0.845316 0.854626 656 87745 647 35.7378 1.58324 44.33 30.3967 30.3391 459 197 0.144682
568 0.831409 0.957447 587 63143 585 31.9238 4.3997 36.86 23.4655 27.4534 433 154 0.106473
569 0.842301 0.959831 724 65628 722 33.2323 2.3068 42.4978 27.7524 31.4063 539 185 0.119529
570 0.875817 0.964029 598 53233 596 26.9273 9.70378 35.3001 24.3365 26.7272 459 139 0.0945857
571 0.915563 0.932546 803 78808 0 35.9704 1.31444 51.8747 38.156 38.7649 604 199 2.81602
572 0.957031 0.892532 699 61523 0 34.2045 2.43134 44.2695 35.1337 32.9524 512 187 2.12228
573 0.934911 0.979339 671 88264 666 34.9729 1.63494 44.4202 30.163 31.7417 507 164 0.143757
574 0.96139 0.922222 702 55885 0 34.3659 3.43701 44.2743 33.7121 32.2404 518 184 2.15826
575 0.918919 0.902041 628 54319 623 26.9328 10.0315 37.8645 29.9578 29.6593 481 147 0.099572
576 0.827759 0.955598 810 76367 804 35.1973 1.3985 47.7566 30.3158 34.775 598 212 0.147307
577 0.879837 0.933045 625 73351 623 33.5864 1.35548 38.2403 27.4258 29.289 491 134 0.123964
578 0.919799 0.991892 559 67050 557 35.8829 0.998477 37.8596 23.1171 25.0149 399 160 0.128425
579 0.983908 0.968326 640 54316 638 27.8053 11.1951 41.3789 27.3069 26.8741 435 205 0.113708
580 0.923679 0.778878 753 100582 0 36.5046 1.25758 50.2386 40.1139 34.279 511 242 2.49997
581 0.954023 0.99006 668 54576 666 31.4627 3.77302 37.2248 28.4561 29.5192 522 146 0.101569
582 0.823899 0.79878 694 65156 0 31.0173 5.88812 44.4692 31.4029 29.4305 477 217 2.09953
583 0.889126 0.870564 651 53660 646 35.3641 1.94627 41.0657 30.0982 29.4282 469 182 0.0938002
584 0.859885 0.831169 744 74784 0 34.3606 2.21977 46.4919 34.7421 32.826 521 223 2.42471
585 0.843666 0.912536 605 62070 603 31.3832 3.12006 35.6705 20.0932 21.1048 371 234 0.105705
586 0.854331 0.970917 644 54124 638 32.3791 3.05715 38.3052 27.0711 30.7997 508 136 0.107573
587 1 0.370166 363 15351 361 10.5027 29.105 19.3275 19.3275 6.87322 134 229 0.0344471
588 0.9 0.947368 753 60642 746 31.9613 4.22744 43.795 30.5595 31.9833 560 193 0.141928
589 0.90991 0.965583 699 51039 696 32.415 3.56983 40.5769 30.1049 32.6815 555 144 0.0948383
590 0.892578 0.97234 656 91763 0 35.0662 3.35206 42.8506 30.9398 33.3574 512 144 1.90867
591 0.808247 0.960784 686 49512 684 32.9753 2.32857 40.1484 22.9836 27.9098 485 201 0.0946977
592 0.902954 0.916488 664 44841 662 29.4882 8.12425 40.2061 27.3876 28.0034 474 190 0.0867194
593 0.95122 0.856419 708 52142 0 33.4864 3.6776 45.5263 38.2356 34.6384 533 175 2.16378
594 1 0.599099 445 36191 443 23.3005 13.6593 26.3247 26.3247 15.035 266 179 0.0574059
595 0.973631 0.923077 723 52645 0 36.5355 1.56436 51.0187 35.9509 33.748 493 230 2.24911
596 0.91502 0.950719 652 76182 649 32.6032 3.24102 39.5136 30.2637 31.2421 506 146 0.131763
597 0.839506 0.873394 742 85327 0 35.5898 1.68889 48.3891 36.3284 37.4808 567 175 2.45075
598 0.925831 0.851765 555 33518 553 26.0168 10.0934 32.5838 24.4132 22.4377 391 164 0.066506
599 0.950324 0.817844 741 74808 0 33.449 4.15808 47.5276 35.2254 30.0747 463 278 2.39897
600 0.720588 0.924528 784 97428 781 34.6037 1.75167 45.1347 28.2636 36.0119 612 172 0.183432
601 0.890792 0.854209 708 50251 703 32.6836 4.46154 43.9814 30.3278 29.5911 467 241 0.103697
602 0.90989 0.974118 617 91253 612 35.5735 2.1029 40.113 28.0116 29.6599 455 162 0.146997
603 0.920388 0.957576 727 56081 0 33.2231 3.83073 46.0774 31.1864 32.6108 515 212 2.32748
604 0.788591 0.95723 714 76053 707 35.1593 1.37655 43.1108 29.9154 36.4024 596 118 0.131646
605 0.921348 0.955711 629 85139 627 36.3577 1.31013 43.2541 28.0533 29.0441 445 184 0.13717
606 0.831014 0.926829 647 55851 645 31.9893 2.47097 35.88 24.6639 27.6797 503 144 0.101796
607 0.816372 0.963446 610 65680 608 33.231 2.5932 38.1246 24.605 29.057 452 158 0.118723
608 0.951583 0.890244 764 64378 0 36.4428 1.10079 47.944 35.8252 33.4288 537 227 2.56939
609 0.910515 0.978365 638 59719 631 33.5789 2.27823 40.3861 25.9914 28.1578 447 191 0.105737
610 0.90724 0.919725 597 44546 595 33.3485 2.37065 37.6915 26.4376 26.7194 442 155 0.0825641
611 0.884187 0.940758 579 58752 577 33.1157 2.78581 35.2938 26.0431 27.2259 449 130 0.104881
612 0.754941 0.903073 693 70482 691 33.0391 2.34424 40.7086 24.3524 29.6839 506 187 0.140956
613 0.813043 0.896882 621 51880 617 34.0619 1.75228 40.841 27.0706 30.3237 460 161 0.0971002
614 0.937931 0.860759 573 39707 571 26.7232 11.0301 34.9284 28.8562 25.9925 435 138 0.0754724
615 0.874747 0.894628 704 64775 700 35.09 1.50521 45.1172 30.2191 31.9783 495 209 0.116957
616 0.923372 0.925144 696 98113 0 36.7845 0.660483 49.6798 37.4307 37.222 522 174 2.18969
617 0.935698 0.899787 629 65506 626 35.382 1.48357 40.3733 29.8972 28.8196 451 178 0.113376
618 0.840691 0.973333 684 57010 682 31.7619 3.83547 40.2583 25.719 30.1026 521 163 0.105743
619 0.812109 0.997436 685 66928 683 35.0142 1.82737 45.0834 22.6941 27.6195 479 206 0.119084
620 0.821239 0.834532 742 106279 0 35.4801 1.90087 50.1098 38.3026 37.7926 565 177 2.50935
621 0.806104 0.965591 710 73367 708 32.9001 2.12631 42.7024 27.1742 33.1982 557 153 0.131494
622 0.916811 0.9566 747 65539 0 31.989 5.57067 48.2213 33.9683 35.6396 577 170 2.45211
623 0.897959 0.967033 712 95769 708 33.4761 2.23259 43.3772 28.322 30.6033 490 222 0.162215
624 0.922518 0.981959 589 57925 586 37.2396 0.96672 40.5466 25.6206 27.3841 413 176 0.103443
625 0.888073 0.979757 729 71895 724 32.0863 4.57905 45.316 30.1369 33.3609 545 184 0.132145
626 0.896629 0.93662 632 39639 630 28.345 8.92056 38.3152 24.5815 25.9013 445 187 0.0784285
627 0.818662 0.970772 720 83653 717 33.2766 2.09687 44.1375 29.7099 35.5454 568 152 0.139917
628 0.83542 0.945344 735 86657 0 35.5669 1.67648 49.8771 32.9381 37.1361 559 176 2.40046
629 0.738782 0.954451 816 83831 812 34.8819 1.1981 48.1271 28.5697 37.6667 624 192 0.181084
630 0.919149 0.949451 693 55960 691 30.3508 5.35682 41.9477 25.8647 26.727 470 223 0.122238
631 0.930672 0.954741 610 69185 607 34.233 1.98726 39.48 30.3476 31.1607 476 134 0.116936
632 0.909341 0.825436 552 47476 532 28.9666 8.82802 33.7973 24.9885 22.5279 364 188 0.0851538
633 0.888689 0.932203 690 80716 0 34.5128 1.53057 42.4106 33.002 34.4403 557 133 2.13414
634 0.833955 0.975983 757 75860 754 32.1863 4.7929 47.6068 26.988 33.2598 536 221 0.155347
635 0.958716 0.887473 595 48516 592 33.0112 3.76355 37.8338 30.4169 28.0451 436 159 0.0888773
636 0.912281 0.866667 738 91871 0 36.3792 1.37115 51.4941 37.5595 35.9853 513 225 2.48062
637 0.913323 0.953099 762 55217 0 30.1449 6.7317 43.4138 35.085 36.4899 623 139 2.51972
638 1 0.684211 457 23268 455 19.0321 18.1278 27.1399 27.1399 18.2894 312 145 0.0434295
639 0.975824 0.940678 646 83096 0 37.1482 0.503495 45.4347 32.4792 31.4343 455 191 1.88219
640 0.771481 0.992941 715 101747 713 37.554 0.653184 48.5863 26.0073 34.2943 547 168 0.171726
641 0.906667 0.920993 649 54724 646 36.5939 1.47768 41.5442 28.6361 29.0895 450 199 0.106481
642 0.967366 0.902174 627 89164 0 37.6821 1.10984 47.707 34.8328 32.2787 429 198 1.79587
643 0.87886 0.906863 636 66521 623 33.9757 1.98129 40.5216 24.7937 25.5385 421 215 0.135331
644 0.980815 0.97381 523 49312 519 35.6583 3.21102 37.611 30.2018 29.8765 417 106 0.0900592
645 0.691849 0.87 722 69673 720 32.1103 3.09331 41.6558 23.2805 29.2295 503 219 0.127339
646 0.88582 0.962 714 95753 0 33.242 3.55677 44.8843 31.5388 34.1411 543 171 2.3214
647 0.932099 0.893491 725 80060 0 34.8082 1.92651 45.2579 32.6634 31.2534 486 239 2.43928
648 0.928854 0.941884 618 49761 0 34.3841 2.09321 42.2627 33.6146 34.1918 506 112 1.79113
649 0.909091 0.958333 650 50876 648 31.3069 3.43373 36.8705 27.4655 29.2825 506 144 0.0951048
650 0.839286 0.923581 681 51559 679 33.8659 2.64251 42.5804 28.5426 32.1518 504 177 0.0987742
651 0.915179 0.870488 687 86534 0 36.4995 0.962625 48.5344 31.4439 29.5041 448 239 2.12171
652 0.897163 0.908438 737 93346 0 35.5458 1.42618 45.4801 34.5652 34.8609 564 173 2.43553
653 0.899408 0.978541 646 88611 0 36.3003 1.11131 43.6478 31.8791 34.8621 507 139 1.87661
654 0.912281 0.869888 788 113799 0 33.1686 4.03545 52.2783 35.5206 33.6481 513 275 2.82288
655 0.920082 0.97397 636 75894 625 35.9892 1.43295 43.2198 30.2374 32.4235 488 148 0.137123
656 0.845703 0.962222 642 76862 639 35.2341 1.79308 42.7657 30.2734 34.619 512 130 0.13862
657 0.961123 0.833333 726 58889 0 33.8482 3.36362 46.2941 34.1825 28.3419 463 263 2.4191
658 0.955399 0.935632 611 70539 599 34.8066 1.82646 40.0434 28.3581 27.6951 426 185 0.134379
659 0.835052 0.904018 689 77709 682 36.5184 0.612995 46.5113 30.25 32.5364 485 204 0.161864
660 0.879418 0.875776 639 60640 0 33.2851 3.55031 41.9033 31.8345 31.9769 481 158 1.88611
661 0.842991 0.939583 654 81405 0 33.9056 2.84549 41.8157 31.0294 34.5109 535 119 2.00676
662 0.923913 0.93819 619 61667 614 35.3031 1.80899 40.0833 30.229 30.5987 460 159 0.117656
663 0.962963 0.916877 529 33993 527 22.9253 15.0956 31.8728 23.8759 22.6925 378 151 0.0686359
664 0.944672 0.950515 625 79721 0 35.9872 1.94584 43.096 34.209 34.1998 488 137 1.84633
665 0.91092 0.935103 505 37157 503 35.2687 1.86747 34.3396 22.2731 22.7037 348 157 0.0712591
666 0.925403 0.970402 697 63008 691 34.3862 1.46055 46.3515 30.2694 31.4017 496 201 0.130698
667 0.940299 0.928747 582 82819 572 36.1404 1.19033 40.5223 28.3676 28.087 402 180 0.153776
668 0.895582 0.925311 688 76900 0 35.1344 1.53332 46.4929 31.4344 32.5792 498 190 2.18648
669 0.881148 0.849802 656 56855 653 33.113 1.86552 38.9165 30.2267 28.977 488 168 0.105368
670 0.915217 0.899573 590 64517 588 33.3197 1.81424 37.1852 28.964 28.4776 460 130 0.12202
671 0.967593 0.954338 594 47845 592 30.0801 5.69165 34.6954 25.5775 25.3618 432 162 0.0926946
672 0.982178 0.978304 703 81399 0 35.3621 1.22985 46.6431 33.1127 32.7924 505 198 2.27134
673 0.878723 0.969484 628 57357 626 33.4501 3.0118 37.5099 24.7835 27.8167 470 158 0.108847
674 0.86087 0.956522 575 40645 573 28.3314 7.86419 34.018 24.415 27.2106 460 115 0.081243
675 0.867617 0.977064 657 58810 654 34.449 1.6558 41.6189 25.9403 29.3344 491 166 0.112674
676 0.942598 0.883853 549 33956 547 24.2359 12.842 33.5046 21.0213 19.6654 331 218 0.0706679
677 0.935556 0.897655 642 69333 640 34.9824 1.58155 38.4604 28.7237 27.3586 450 192 0.125516
678 0.803347 1 644 78394 642 35.3499 1.21747 43.2151 22.9978 28.7725 478 166 0.138268
679 0.900885 0.949627 769 113686 0 35.7577 1.3972 48.7352 33.9165 36.1056 565 204 2.78047
680 0.885845 0.962779 644 78987 637 37.8349 0.512811 43.6348 26.2301 29.1518 438 206 0.143266
681 0.92803 0.968379 666 49045 663 31.2281 5.01233 38.4423 29.9201 31.3366 528 138 0.0951236
682 0.918367 0.965665 714 56612 712 27.8847 10.7703 45.3675 26.8634 28.4544 490 224 0.113077
683 0.870564 0.934978 682 116519 677 38.5515 0.730498 49.4325 30.6304 32.9996 479 203 0.198515
684 0.837743 0.981405 673 74439 0 31.3352 6.07872 44.8429 32.2054 37.2475 567 106 1.98274
685 0.869159 0.91716 725 64885 722 32.9416 3.19355 44.2688 30.1583 31.9248 535 190 0.116503
686 0.880716 0.932632 701 53136 698 30.6363 6.54743 44.4054 29.735 31.5355 503 198 0.0946871
687 0.690397 0.995227 771 66685 768 37.0152 1.15151 51.9429 25.6314 38.8237 604 167 0.126513
688 0.858407 0.909944 759 99089 0 34.8207 1.81898 48.0449 33.347 35.5284 565 194 2.52229
689 0.86036 0.994792 628 74700 626 35.9249 1.95913 43.2485 24.7029 28.648 444 184 0.134583
690 0.968487 0.925703 601 72334 0 28.6081 8.69532 38.2173 32.2772 30.6377 476 125 1.70434
691 1 0.379562 275 8199 273 9.74153 29.6677 14.7738 14.7738 5.36319 104 171 0.0173936
692 0.892857 0.961538 592 87183 590 39.5843 0.175622 43.4834 27.3107 29.226 420 172 0.160001
693 0.886239 0.981707 674 55251 668 33.1961 3.90945 41.3721 30.2446 33.7307 545 129 0.13096
694 0.864043 0.979716 710 54616 707 33.8961 1.74214 43.3232 29.9238 33.6305 559 151 0.109829
695 0.961832 0.936803 710 75912 0 35.624 2.06025 48.2319 36.916 36.423 524 186 2.31454
696 0.905093 0.91784 667 71830 665 36.2849 0.954242 43.0566 27.145 27.6547 432 235 0.1381
697 0.740035 0.887734 762 77754 758 33.6725 2.6636 43.9656 27.4833 34.1219 577 185 0.155726
698 0.873469 0.940659 682 62056 679 33.9558 1.2763 42.8651 28.3743 31.0846 490 192 0.121356
699 0.915354 0.95679 676 68088 0 37.4758 0.770184 44.9609 32.637 34.3739 508 168 2.12941
700 0.854932 0.965066 649 52790 647 33.5026 1.99573 40.5533 28.1229 31.7068 517 132 0.108012
701 0.906445 0.923729 640 56503 638 33.0603 2.26525 39.7787 28.7647 29.0887 481 159 0.109983
702 0.883197 0.945175 640 59508 638 33.4105 2.87507 40.0471 28.3452 30.129 488 152 0.116282
703 0.811558 0.912429 602 64814 600 32.8696 2.38625 38.0523 20.4367 23.4051 398 204 0.121361
704 0.977477 0.975281 594 51896 0 36.3418 1.74801 40.7145 31.1042 30.9662 444 150 1.67959
705 1 1 323 16015 321 13.0153 26.4761 18.8601 18.8601 18.8601 322 1 0.0298018
706 0.807531 0.814346 709 82994 701 33.6802 2.47143 45.9909 30.2637 30.4284 478 231 0.155869
707 0.810491 0.95992 735 65432 730 31.1569 4.20676 46.0399 30.4843 36.8301 591 144 0.152683
708 0.884927 0.978495 769 65219 0 33.9243 2.2802 46.8653 32.4369 36.2111 617 152 2.70306
709 0.833645 0.913934 703 109585 0 34.05 2.12316 44.0004 30.6342 33.4742 535 168 2.31366
710 0.923364 0.95 702 59422 0 34.0845 2.79292 46.2406 32.3849 33.2443 535 167 2.23903
711 0.907776 0.965385 698 70852 0 32.9792 3.24036 44.8881 34.1453 36.196 553 145 2.28886
712 0.85761 0.983114 790 110116 0 35.2245 0.992329 48.8823 32.1452 36.7171 611 179 2.91498
713 0.780392 0.943128 704 78647 698 35.0318 1.72916 47.0639 28.6221 34.177 510 194 0.164746
714 0.979123 0.852727 657 72043 0 35.3591 1.4815 42.1441 35.5313 31.1166 479 178 1.98781
715 0.849673 0.915493 603 50868 595 32.9364 3.09666 36.0213 25.8928 27.7964 459 144 0.0951142
716 0.920755 0.99389 534 61544 0 27.4 10.2448 33.5041 30.6447 33.1779 530 4 1.34341
717 0.914513 0.872865 710 78810 0 33.8077 2.46299 44.5181 32.96 31.4653 503 207 2.3178
718 0.832335 0.918502 697 83692 695 32.5357 3.52455 41.9852 26.6801 29.3694 501 196 0.161893
719 0.943439 0.89485 617 48149 0 37.3606 1.8219 41.4144 31.78 30.2181 442 175 1.73688
720 0.866667 0.90625 582 67865 580 34.029 2.14125 39.8632 28.1284 29.6266 435 147 0.119166
721 0.71068 0.955614 748 102079 742 35.1725 1.16715 51.1217 24.1089 32.6599 515 233 0.180171
722 0.830116 0.961969 648 61416 643 34.6757 1.72109 43.8656 30.1546 35.6689 518 130 0.117946
723 0.943277 0.951271 701 50917 699 30.1507 6.23624 40.562 26.923 26.9594 476 225 0.109571
724 0.848039 0.981096 759 72469 0 34.9817 1.35094 47.3262 32.773 38.0014 612 147 2.63527
725 0.957282 0.885099 706 114330 0 34.6738 2.9215 46.4789 35.4587 32.8744 515 191 2.28452
726 0.907725 0.965753 603 44626 601 28.2708 7.81404 34.5622 24.7745 26.8918 466 137 0.0860287
727 0.844322 0.944672 700 60827 697 33.1768 2.13984 40.6042 27.9503 31.8067 546 154 0.13306
728 0.865297 0.911058 662 77924 651 33.8696 1.61133 39.2194 23.8546 25.0728 438 224 0.137987
729 0.904968 0.963218 623 71026 620 35.7005 1.75791 42.7784 29.9288 31.7634 463 160 0.119757
730 0.83871 0.995745 738 99518 732 35.9626 1.05615 50.6739 28.1021 33.9961 558 180 0.168279
731 0.833333 0.910112 697 101701 695 34.0978 1.92653 42.641 27.4186 30.141 486 211 0.167581
732 0.869565 0.997625 590 57802 581 33.8769 2.75632 37.2502 27.0386 30.6944 483 107 0.102835
733 0.9375 0.892514 701 102131 0 34.3418 2.11772 45.4235 33.9608 31.9113 496 205 2.23983
734 0.883459 0.93254 759 72918 0 34.2491 2.46166 51.1125 33.8214 35.6245 532 227 2.55858
735 0.90613 0.929273 703 61619 0 34.3846 1.62015 45.0065 33.0308 33.9877 522 181 2.22581
736 1 0.38255 299 11446 297 11.4168 28.1096 16.7018 16.7018 5.92773 114 185 0.0214823
737 0.894231 0.913556 729 95593 0 36.6182 0.987571 51.0411 35.1405 36.215 520 209 2.40365
738 0.985 0.985 482 40866 480 36.2934 1.16119 32.0654 26.5402 26.68 400 82 0.0728539
739 0.828571 0.972746 735 71404 730 34.1262 1.87296 46.1156 30.2503 35.5398 560 175 0.132312
740 0.728528 0.987526 814 87823 809 37.5523 0.809879 53.1043 30.1503 42.0227 652 162 0.16203
741 0.979405 0.974943 650 79433 648 35.5974 2.54481 44.4031 28.3788 28.2675 437 213 0.135295
742 0.963043 0.880716 660 90044 0 37.1331 0.544407 46.7429 35.9534 32.5198 460 200 1.97942
743 0.948025 0.926829 621 76165 0 35.7295 1.92576 42.9009 34.7084 33.9097 481 140 1.7549
744 0.893478 0.849174 643 73077 641 32.7011 2.81096 39.4106 29.118 28.2817 460 183 0.125441
745 0.924658 0.952941 517 49239 514 34.9333 1.85779 34.0039 28.3003 29.1129 438 79 0.085667
746 0.922414 0.804511 495 40759 493 33.7188 2.12486 31.063 25.1661 21.9393 348 147 0.0725806
747 0.890538 0.935673 775 97261 0 33.9408 2.41253 47.1667 31.504 32.8588 539 236 2.69242
748 0.883392 1 567 50786 563 22.7797 15.4072 34.4868 30.3031 34.4868 566 1 0.0924941
749 0.890526 0.946309 637 61308 633 33.9227 1.62146 39.2847 27.3732 28.9569 475 162 0.121331
750 0.905738 0.924686 679 78366 676 36.0128 0.974745 44.1587 29.9139 30.7983 488 191 0.137419
751 0.880753 0.97907 659 55228 657 33.6442 2.08173 37.2351 24.795 27.3948 478 181 0.102762
752 0.723842 0.842315 783 111212 0 35.3455 2.59333 52.3557 33.0941 39.7517 583 200 2.74974
753 0.878403 0.945312 765 93052 0 33.6665 2.65893 49.5538 33.809 36.365 551 214 2.55252
754 0.87247 0.922912 675 63041 667 34.097 2.47186 45.5088 30.5263 32.1536 494 181 0.111511
755 0.782418 0.941799 614 74613 612 32.4829 3.3924 38.1134 23.1146 27.5907 455 159 0.125373
756 0.91028 0.93295 752 114400 0 35.2605 1.51601 48.9318 34.1832 35.0274 535 217 2.55879
757 0.811741 0.932558 729 77999 727 33.3032 1.9629 41.7104 25.0933 28.4656 494 235 0.139801
758 0.877778 1 677 52149 675 30.7968 6.1254 42.5386 29.443 34.0756 540 137 0.109261
759 0.776068 1 767 78214 763 34.8128 1.9696 53.0135 28.7793 36.7925 585 182 0.159645
760 1 0.627907 474 26622 472 20.0578 17.4331 27.1881 27.1881 16.8814 297 177 0.0488022
761 0.802365 0.963489 757 88506 752 35.5469 0.822679 46.9811 30.2503 36.3867 592 165 0.159218
762 0.964497 0.854895 762 63316 0 34.6226 1.83593 47.1957 35.7911 31.5294 507 255 2.57375
763 0.917895 0.960352 615 47928 610 36.2968 1.39537 41.0795 29.899 31.3455 475 140 0.0930693
764 0.974468 0.962185 605 83625 0 36.5431 0.766915 40.2563 32.0381 31.815 470 135 1.68896
765 0.838313 0.959759 690 77601 685 32.348 2.9256 41.7951 30.3804 34.7087 569 121 0.142108
766 0.857645 0.924242 747 102558 0 34.8451 2.05272 47.6984 34.2681 36.5729 569 178 2.52096
767 1 0.787879 265 9989 263 11.1679 27.8405 14.5417 14.5417 11.3108 208 57 0.0183012
768 0.880795 0.923611 604 54176 602 34.5303 1.88864 39.0754 27.5791 28.7864 453 151 0.103786
769 0.888889 0.929134 705 83738 0 34.3149 2.07427 45.8225 32.8117 34.3153 531 174 2.24535
770 0.861878 0.92126 724 70130 0 35.6434 1.49601 46.5177 32.8354 35.0229 543 181 2.32407
771 0.894949 0.967249 697 60964 693 34.9093 1.94944 44.2319 28.4804 30.7695 495 202 0.112478
772 0.911205 0.947253 604 78821 600 36.0377 1.13656 40.5163 29.8632 31.4846 473 131 0.129489
773 0.844055 0.975225 703 105660 691 35.9181 1.202 45.5384 27.6268 32.5293 513 190 0.173757
774 0.85389 0.872093 775 75932 771 33.7894 2.24889 47.3355 30.1959 30.8017 527 248 0.155088
775 0.797342 0.96 722 90640 717 32.9476 3.21853 45.0055 30.5818 36.8209 602 120 0.156055
776 0.927505 0.91195 701 94430 0 37.5894 1.24229 48.8725 32.6564 32.519 469 232 2.20427
777 0.864 0.860558 662 87506 0 35.6837 1.41701 42.5013 32.1397 32.2904 500 162 1.9872
778 0.847926 0.865882 622 60189 607 31.9046 2.54968 35.1485 23.5441 23.861 434 188 0.10699
779 0.841905 0.88755 729 80143 726 32.7283 3.16765 44.1567 30.2669 31.3423 525 204 0.138287
780 0.844156 0.928571 708 61659 699 35.6794 1.70448 44.4611 30.3032 33.7498 539 169 0.13256
781 1 0.405594 287 11684 285 10.6721 28.5294 16.1979 16.1979 6.09407 116 171 0.021218
782 0.847682 0.903529 649 87213 647 33.4839 2.08572 42.28 25.6256 27.9121 453 196 0.15682
783 1 0.796512 504 34097 502 19.3884 19.1303 31.1114 21.5375 16.7697 274 230 0.0775422
784 0.978923 0.965358 580 56512 577 37.8643 0.708793 40.2043 30.1821 29.9413 427 153 0.103137
785 0.928295 0.991718 687 83664 684 36.1113 1.81377 46.4744 30.189 32.2313 516 171 0.142884
786 0.926531 0.90982 681 101262 0 35.593 0.775493 45.1503 33.4034 32.5371 490 191 2.11603
787 0.839034 0.974299 656 44000 654 35.1632 1.93429 44.141 27.5237 31.7079 497 159 0.101923
788 0.881743 0.97254 588 47363 565 33.5177 1.93762 35.2765 26.0181 28.546 482 106 0.0886662
789 0.912017 0.929978 644 50075 642 32.4706 3.91222 40.9347 27.74 27.9106 466 178 0.0969315
790 0.808061 0.958998 674 70287 671 34.5488 2.54581 41.5635 26.0897 31.0217 521 153 0.12963
791 0.978805 0.863946 696 85406 0 33.4297 2.80896 43.7009 36.3959 32.3145 519 177 2.22189
792 0.853782 0.958491 783 98107 0 35.2357 2.12387 52.8645 35.3694 39.7499 595 188 2.8056
793 0.918972 0.9375 744 93019 741 33.5525 2.38659 45.1737 30.3558 31.2889 506 238 0.163556
794 0.960707 0.912313 717 62931 0 36.464 1.38851 48.469 36.0648 33.9555 509 208 2.33177
795 0.909722 0.935714 640 54247 638 36.3076 1.88063 44.4132 28.3049 29.03 432 208 0.10444
796 0.841355 0.957404 708 111617 0 35.1675 2.15614 48.0158 33.5332 38.3659 561 147 2.32236
797 0.948122 0.960145 720 70352 0 34.2521 2.62906 44.1808 35.0195 35.1726 559 161 2.35786
798 0.904232 0.941995 580 68059 578 34.2099 1.74296 38.3938 28.0324 29.5195 449 131 0.120044
799 0.980851 0.895146 622 56373 0 34.0417 2.38576 40.5897 33.9225 30.9741 470 152 1.801
800 0.910931 0.943396 664 59128 662 33.8077 1.74922 38.0426 26.9369 28.5593 494 170 0.111347
801 0.870155 0.9182 661 66479 658 32.7274 2.75086 41.1724 30.0844 31.3945 516 145 0.118477
802 0.903433 0.948198 606 61579 604 36.0983 1.24351 39.9791 29.6411 31.2211 466 140 0.109883
803 0.895833 0.858439 737 83900 0 33.765 1.50769 44.3452 32.3283 31.5566 528 209 2.49083
804 0.86398 0.840686 584 66189 582 35.2249 1.40319 37.5924 26.6191 26.2242 397 187 0.115708
805 0.865009 0.958661 764 61628 760 29.678 6.88947 45.9869 30.35 33.9897 563 201 0.123265
806 0.881391 0.930886 633 84745 630 34.7887 1.27053 40.8364 29.9521 31.4187 489 144 0.141996
807 0.888247 0.90748 728 65942 0 30.2969 7.14044 42.5981 30.6577 30.5114 519 209 2.432
808 0.651042 0.897129 736 56284 734 32.5219 2.88799 44.0399 23.9182 33.6401 576 160 0.11651
809 0.900415 0.909853 665 51462 663 32.0133 2.16347 38.9833 28.2198 28.3782 482 183 0.101092
810 1 0.396396 334 14797 332 11.6002 27.2634 19.259 19.259 7.17323 132 202 0.0272174
811 0.94321 0.947891 553 60033 551 35.3996 1.23939 35.5945 26.1999 26.4185 405 148 0.113199
812 0.906796 0.941532 723 67464 720 33.6404 1.65641 44.8762 29.7257 30.8178 515 208 0.13766
813 0.897881 0.903101 726 72016 723 32.3379 3.25705 41.7318 30.003 30.6992 519 207 0.132671
814 0.847953 0.89876 673 87044 669 34.1859 1.62353 42.3947 29.8101 31.8857 513 160 0.151876
815 0.860125 0.985646 666 72043 662 35.3088 1.38529 44.8878 25.1446 29.3657 479 187 0.131185
816 0.952381 0.867679 594 52031 592 31.33 3.78224 35.6163 27.3821 24.7245 420 174 0.0990957
817 0.92161 0.941558 673 80538 669 36.9129 0.709864 45.6561 30.5313 31.309 472 201 0.140961
818 0.86148 0.963907 722 106116 0 36.3254 1.52734 50.4361 31.1824 34.6486 527 195 2.44665
819 0.9375 0.99359 678 46311 676 29.5728 7.18158 40.1658 28.2823 29.7965 496 182 0.0955808
820 0.958944 0.970326 517 76767 514 37.8919 0.78986 36.0381 23.0429 23.5327 341 176 0.12616
821 0.958258 0.977778 682 75424 0 32.3012 3.94729 42.646 34.2192 34.9627 551 131 2.17052
822 0.863366 0.94577 653 51976 650 33.2267 1.83931 38.4186 26.3219 29.0459 505 148 0.10195
823 0.853432 0.982906 692 93072 686 34.4263 1.96127 43.9006 30.1545 34.3578 539 153 0.162624
824 0.959641 0.970522 632 69932 629 37.2154 1.30932 42.6635 30.3737 30.9831 446 186 0.122825
825 0.841912 0.960168 715 111032 711 34.5449 1.84081 45.0365 30.3261 34.3826 544 171 0.204176
826 0.868201 0.981087 615 38605 612 35.8713 1.51782 40.7155 28.7841 32.3792 478 137 0.0857103
827 0.838346 0.965368 678 56708 676 28.2435 9.31896 40.2041 27.2701 31.3351 532 146 0.1109
828 1 0.678922 409 21014 407 18.9688 18.5444 24.0327 24.0327 16.2143 277 132 0.039001
829 0.935872 0.960905 663 80114 660 34.9764 1.29558 42.3896 29.7234 30.3903 499 164 0.137215
830 0.845471 0.963563 691 58174 686 32.873 3.25213 42.0251 30.0912 34.4202 563 128 0.115983
831 0.935323 0.933002 542 51397 524 36.9425 0.964684 36.2354 27.4268 27.1898 402 140 0.0931584
832 0.758691 0.831839 691 49535 689 30.579 5.20154 39.9434 26.3446 28.4278 489 202 0.100359
833 0.732102 0.880556 645 65168 643 33.1208 1.72817 38.2357 20.3754 24.5839 433 212 0.119289
834 0.89357 0.978155 617 56675 615 32.4382 2.82174 36.1367 23.6162 26.0221 451 166 0.111255
835 0.909292 0.80117 719 60230 0 37.2165 0.825963 47.2592 33.6504 27.7167 452 267 2.36192
836 0.891156 0.977612 720 61739 0 33.4753 2.96891 43.7589 32.9577 36.008 588 132 2.37808
837 0.885375 0.947146 724 69013 721 34.6491 1.73853 46.5935 29.8249 31.8081 506 218 0.127693
838 0.979253 0.870849 688 69430 0 35.1986 1.27784 43.458 34.4747 31.0711 482 206 2.19009
839 1 0.418803 352 14399 350 13.2539 27.2953 21.4268 21.4268 7.87279 147 205 0.0282925
840 0.820339 0.987755 768 77337 0 34.6272 2.94254 50.4284 31.1752 37.5223 590 178 2.67487
841 0.933985 0.858427 602 93775 0 38.4723 0.283077 43.6338 31.8799 29.0232 409 193 1.7424
842 0.865979 0.950226 620 75831 617 35.0988 2.84718 43.203 29.8395 32.7226 485 135 0.135435
843 0.913717 1 603 45659 601 24.3844 12.4875 32.8581 22.6847 25.2593 452 151 0.0901067
844 0.831615 0.96994 707 87396 0 33.6877 2.09147 42.5631 30.9258 35.5871 582 125 2.28328
845 0.878193 0.965443 711 63225 709 27.2639 10.3057 42.7343 25.8346 28.9062 509 202 0.124416
846 0.719361 0.813253 755 65984 753 32.0692 4.07577 43.3745 28.3812 32.4132 563 192 0.130412
847 0.904412 0.942529 731 93154 0 35.8429 0.468658 47.4936 33.2178 34.8336 544 187 2.46207
848 1 0.599022 410 25983 408 16.0018 22.7408 24.8121 24.8121 14.0057 245 165 0.0473454
849 0.942116 0.897338 676 72987 0 36.2752 1.38373 46.5447 36.5583 34.6401 501 175 2.11961
850 0.787938 0.918367 722 97777 714 34.2634 1.6801 45.6669 27.4668 32.4135 514 208 0.177726
851 0.812609 0.935484 746 56636 0 33.8641 2.75489 47.6498 30.8654 36.0374 571 175 2.52699
852 0.811203 0.965432 657 55831 655 32.9291 2.37002 40.6499 24.8294 29.9105 482 175 0.105627
853 0.805556 0.94015 687 74461 683 34.1087 1.57736 45.5269 24.8857 28.7798 468 219 0.143484
854 0.876712 0.963855 504 42664 364 35.52 2.46648 35.1075 23.8736 25.7061 365 139 0.0864181
855 0.887133 0.907621 685 53286 683 36.4042 0.901846 45.3032 28.1625 28.7035 443 242 0.108535
856 0.915612 0.939394 645 68139 641 33.4103 4.46584 41.8534 29.737 29.9591 474 171 0.121352
857 0.853061 0.98818 620 91543 618 37.3732 0.896942 42.2415 28.3827 32.8655 490 130 0.153556
858 0.714968 0.947257 800 110344 0 34.931 2.74053 53.9708 31.1817 41.3162 628 172 2.96584
859 0.84897 0.900485 618 48383 616 31.846 2.68314 35.9324 24.2391 25.8627 437 181 0.0929167
860 0.896 0.921811 653 78738 651 34.8242 1.73809 40.2932 29.7942 30.6526 500 153 0.146763
861 0.926773 0.908072 650 67653 642 37.1001 0.908455 44.9358 29.9583 29.5416 437 213 0.133057
862 0.930233 0.894309 648 83961 0 35.3235 2.27614 43.0394 32.6775 31.2465 473 175 1.97663
863 0.933333 0.936535 761 92549 0 34.0343 1.94655 48.3334 37.4637 37.6669 585 176 2.65614
864 0.8463 0.93501 675 66834 671 32.2832 2.74762 38.7893 27.974 30.8264 527 148 0.125446
865 0.882812 0.978355 660 69207 656 31.6165 5.84608 43.0224 30.4475 34.4296 512 148 0.131207
866 0.84331 0.944773 700 60311 697 32.9773 2.23885 41.685 30.2765 33.9856 568 132 0.126242
867 0.87905 0.950935 619 51283 617 31.0675 4.71638 37.996 26.2387 28.644 463 156 0.0993401
868 0.843496 0.934685 650 61748 647 31.8701 3.15252 39.7779 26.4603 29.9817 492 158 0.114657
869 0.833703 0.850679 617 58727 593 32.647 2.70568 37.3151 26.3879 26.9445 451 166 0.108787
870 0.824869 0.97314 712 83933 705 32.0855 4.13383 44.8444 30.2453 36.3568 571 141 0.168143
871 0.925553 0.960334 666 52050 664 29.915 6.06322 40.1614 28.7307 29.5668 497 169 0.10327
872 0.978541 0.878613 607 57858 0 35.985 1.19888 40.2928 34.7617 31.2001 466 141 1.71064
873 0.861252 0.899293 754 86174 0 32.711 2.91435 43.8681 33.6175 35.234 591 163 2.61959
874 0.73638 0.978972 756 86883 754 33.9365 1.88284 46.8961 24.2736 32.837 569 187 0.171004
875 0.829787 0.95122 548 70170 546 31.8393 2.46546 32.8579 21.9878 25.2613 423 125 0.120518
876 0.818526 0.89648 721 99975 0 35.591 0.974165 46.8882 31.1694 34.9954 529 192 2.42812
877 0.848671 0.918142 693 92803 684 36.9033 0.505816 45.4794 30.366 32.6942 489 204 0.170086
878 0.789374 0.995215 645 78389 642 30.7659 7.17983 42.6531 27.9196 35.7635 527 118 0.140332
879 0.938462 0.922495 710 73041 0 31.8765 3.71409 43.7285 33.046 32.6056 520 190 2.37202
880 0.953629 0.983368 672 58487 0 37.2575 1.06961 43.5214 31.9327 32.8689 496 176 2.10632
881 0.783646 0.970464 752 80238 747 34.9557 1.64415 46.9734 30.1874 37.6857 587 165 0.17884
882 0.918004 0.946691 694 61800 0 32.8472 3.60997 43.4107 33.7365 35.1548 561 133 2.2216
883 0.93819 0.94235 619 42297 617 33.4183 2.37233 37.9163 28.1709 28.3891 453 166 0.0880003
884 0.775934 0.986807 637 71259 635 35.1481 1.3178 42.3081 23.9867 30.411 482 155 0.140817
885 0.904236 0.92467 745 83692 0 34.5634 1.9783 46.2565 33.8114 34.4335 543 202 2.5603
886 0.902613 0.942928 598 67653 596 34.1522 1.64298 38.4321 26.1486 27.4183 421 177 0.119192
887 0.924797 0.940083 693 77234 688 35.4195 0.936703 43.7213 30.2637 30.7732 492 201 0.134937
888 0.924612 0.981176 679 63366 676 37.21 0.569042 44.4276 28.592 30.188 451 228 0.122598
889 0.937209 0.846639 636 101283 0 37.9279 0.849304 42.8638 32.0381 28.8925 430 206 1.89816
890 0.978587 0.7443 660 55747 0 37.7907 0.762234 45.6417 42.76 32.3468 467 193 1.99082
891 0.890135 0.916859 620 69340 618 33.9476 1.73693 39.4188 26.9337 27.8619 446 174 0.122626
892 1 0.697628 507 31408 505 21.2652 15.4223 28.3157 28.3157 19.317 353 154 0.0579004
893 0.858012 0.961364 691 90772 689 33.511 2.71224 42.3688 24.9373 27.9833 493 198 0.175978
894 0.928571 0.910284 653 60643 650 36.1143 0.968504 44.2858 29.7174 29.03 448 205 0.115146
895 1 0.514403 244 6755 242 10.8056 27.8268 13.2327 13.2327 6.97309 125 119 0.0140854
896 0.810036 0.924335 745 105972 0 35.8541 2.58806 50.1022 32.1566 37.1616 558 187 2.55438
897 0.800429 0.937186 608 43715 606 31.1591 3.00021 36.0392 23.2937 27.3161 466 142 0.0848665
898 0.879276 0.912317 679 50824 676 34.1171 1.52346 42.9007 30.1202 30.9899 497 182 0.0958006
899 0.841667 0.899777 665 81136 662 35.508 1.16876 45.0336 30.5804 32.712 480 185 0.135914
900 0.945055 0.916844 664 56924 0 35.3176 2.29141 44.7184 30.679 29.9957 455 209 1.9742
901 0.818499 0.947475 697 55728 695 29.6912 6.65898 40.7757 28.4455 32.9561 573 124 0.117381
902 0.876209 0.995604 635 39676 632 26.5423 11.6462 41.9281 29.8202 33.8862 517 118 0.080586
903 0.871753 0.990775 779 68641 0 32.9085 4.64458 49.3994 34.6949 39.4588 616 163 2.68917
904 0.783394 0.933333 696 65141 506 31.7726 4.61123 41.8646 27.2653 33.0914 554 142 0.115211
905 0.840237 0.970387 634 66884 630 34.5857 2.08199 43.4313 29.9209 34.0587 507 127 0.117761
906 1 0.544379 339 13304 337 15.3908 22.7993 19.9429 19.9429 10.3027 184 155 0.0249641
907 0.959135 0.876923 604 85249 0 36.4177 1.80481 40.9198 31.4621 28.9001 416 188 1.68872
908 0.857401 0.969388 717 59702 710 32.9722 2.5658 44.0167 30.2749 34.3628 554 163 0.126093
909 0.828302 0.960613 739 73799 736 33.4858 2.89168 43.8951 27.1201 31.8538 530 209 0.173259
910 0.933333 0.918033 732 84835 0 34.6444 2.00119 46.4991 34.773 34.1096 540 192 2.47163
911 0.706977 0.804233 603 34044 601 29.0589 6.36852 34.9953 21.3315 25.3539 430 173 0.0801134
912 0.888889 0.961749 586 46948 584 28.7392 7.86583 34.8032 21.1258 22.9562 396 190 0.0925922
913 0.93083 0.909266 719 98743 0 36.089 1.24638 50.0036 36.2759 35.3242 506 213 2.41522
914 0.918239 0.952174 626 68575 624 33.0173 2.28081 39.4861 29.0693 30.2167 477 149 0.123493
915 1 0.387454 272 11016 270 11.9093 29.6184 16.2484 16.2484 5.30747 105 167 0.0205027
916 0.883871 0.96934 623 85053 616 34.2257 2.01895 43.4117 28.9132 31.801 465 158 0.149908
917 0.948827 0.934874 625 57317 0 35.414 1.27674 41.3656 31.7386 31.5035 469 156 1.80478
918 0.932384 0.940754 762 111325 0 35.4268 1.40283 49.0485 35.5774 35.2514 562 200 2.66254
919 0.94605 0.929924 706 75987 0 33.4501 1.82463 42.529 32.4366 32.0264 519 187 2.21882
920 0.920259 0.926247 646 89115 642 36.8708 0.877858 42.595 30.4418 30.0509 464 182 0.152809
921 0.920168 0.946004 614 50550 612 28.5767 6.70321 34.8943 26.1787 26.8345 476 138 0.0948116
922 0.82699 0.971545 751 75014 746 32.5168 4.8177 47.9069 29.7616 35.2228 578 173 0.146601
923 0.780761 0.825059 616 59771 614 33.7941 2.102 39.001 26.0272 27.9157 447 169 0.130165
924 0.945813 0.964824 555 46451 551 37.8566 0.393856 38.9313 27.4519 27.8324 406 149 0.0976074
925 0.937618 0.879433 698 83562 0 35.335 1.72667 46.5275 37.7868 35.1195 529 169 2.29446
926 0.927536 0.984615 609 56473 607 35.1456 1.84407 39.97 29.4639 31.5414 483 126 0.118245
927 0.852292 0.963532 796 125614 0 34.4686 1.93755 50.0388 32.6366 38.018 589 207 2.93486
928 0.961397 0.964945 772 75231 0 36.3787 1.32425 52.7894 36.4797 36.7623 544 228 2.69575
929 0.924152 0.954639 668 70571 0 33.3925 2.12473 43.2591 31.5753 33.0232 501 167 2.03403
930 0.880309 0.934426 697 60063 694 35.5747 1.8349 44.4862 29.8491 31.5438 518 179 0.107323
931 0.967532 0.912245 613 64080 0 34.2024 2.01155 39.127 31.3649 29.4225 462 151 1.718
932 0.962209 0.897019 553 52643 548 36.5807 1.01765 34.6873 23.65 21.9178 344 209 0.0930681
933 0.929078 0.924706 604 69423 600 32.8553 2.53419 37.1523 25.7685 25.409 423 181 0.118223
934 0.956311 0.867841 579 46010 0 36.2026 2.24076 42.0072 33.3825 30.3401 412 167 1.53338
935 0.80292 0.914127 607 56057 605 30.9296 3.81699 35.48 19.7887 22.9414 411 196 0.103911
936 1 0.673469 491 33674 489 26.2205 10.4767 29.1226 29.1226 19.3121 330 161 0.0582094
937 0.914821 0.958929 760 71170 0 33.1205 3.34977 47.2274 35.2364 36.8275 587 173 2.55194
938 0.843284 0.91129 548 41623 546 32.0988 2.28784 32.1784 21.526 23.3034 402 146 0.0789501
939 0.906725 0.983529 608 73332 604 34.4895 0.92269 38.3853 26.1131 28.1461 461 147 0.122431
940 0.851546 0.888172 692 80478 689 34.6869 1.69822 47.0601 30.5432 32.5998 485 207 0.134923
941 0.833333 0.955414 704 58051 702 32.8513 2.7772 40.8793 27.5877 31.7965 540 164 0.109538
942 0.87799 0.903941 594 52925 592 32.403 3.36249 38.2307 25.9411 26.8208 418 176 0.0954561
943 0.958333 0.930636 618 56524 0 34.7459 3.11524 41.6293 35.4642 34.5278 504 114 1.73677
944 0.852998 0.898167 655 57896 651 32.8455 2.87216 37.8987 28.8749 30.0283 517 138 0.107918
945 0.931655 0.966418 690 78839 0 35.6458 1.93528 48.2341 37.5118 39.1423 556 134 2.11073
946 0.809074 0.963964 741 97779 736 34.2573 2.01623 45.2398 26.6503 31.3446 529 212 0.177348
947 0.966535 0.883094 616 75599 0 35.539 0.836118 40.6728 36.9436 33.5218 508 108 1.74352
948 0.91195 0.935484 623 73029 619 34.5648 2.06755 40.7315 29.9924 30.6157 477 146 0.127051
949 0.811009 0.907598 724 61889 716 33.7581 3.98201 44.9536 30.4244 34.5473 545 179 0.135081
950 0.900356 0.935305 774 110137 0 36.6459 1.35914 50.9221 35.9556 36.925 562 212 2.76895
951 0.851103 0.94683 736 66209 733 34.4237 1.41216 45.9326 29.9744 32.5578 544 192 0.123006
952 0.84153 0.952577 791 67115 0 36.0835 1.34927 51.0481 31.5306 35.0099 549 242 2.82664
953 0.832898 0.921965 562 73430 559 35.8509 1.11907 35.7626 21.7647 24.1977 383 179 0.129075
954 0.822811 0.950588 646 52688 644 32.8441 2.25138 39.7907 25.6413 29.9555 491 155 0.101351
955 0.889961 0.902153 676 72266 0 32.1598 3.84504 41.0327 31.0691 31.1804 518 158 2.09427
956 0.968379 0.978044 691 63133 0 36.6655 1.8494 46.9744 34.22 34.6645 506 185 2.19205
957 0.778761 0.960699 783 61290 780 33.8624 2.2782 44.5261 27.2126 33.0245 565 218 0.13231
958 0.982759 0.924949 644 82398 0 37.3473 0.692389 44.5052 33.789 31.5949 464 180 1.96626
959 0.831304 0.935421 740 69406 737 32.9302 2.76309 44.303 30.3567 34.1467 575 165 0.129962
960 0.959459 0.946667 681 76153 0 35.2298 1.46052 44.236 34.2924 34.1576 518 163 2.15118
961 0.760204 0.93125 771 72817 764 33.8432 1.99941 47.8286 30.0093 36.9228 588 183 0.151767
962 0.772556 0.951389 666 61003 653 32.7664 2.87573 41.0243 27.0174 33.171 532 134 0.115079
963 0.883827 0.926014 596 39300 594 25.8373 10.3806 36.7645 25.4666 26.7563 439 157 0.0798223
964 0.930337 0.888412 616 79899 0 35.1968 1.44203 41.4563 30.8534 29.7089 445 171 1.76493
965 0.830149 0.92435 650 69716 648 34.5262 1.96322 42.6012 25.9926 29.3865 471 179 0.125427
966 0.84696 0.885965 634 51285 632 31.8532 3.93961 37.0384 26.6595 28.203 477 157 0.0998216
967 1 0.495146 413 19797 411 20.2805 18.8502 27.3266 27.3266 11.4654 204 209 0.0381187
968 0.831915 0.868889 659 64449 657 32.6719 4.11548 41.8614 28.3705 29.5734 470 189 0.11874
969 0.921053 0.997963 628 59930 625 27.9231 8.53074 38.1062 30.1933 32.9247 532 96 0.108416
970 0.862595 0.935818 667 68583 662 33.2471 4.05642 42.1003 30.4417 32.9811 524 143 0.128134
971 1 0.641079 483 43816 440 28.7588 6.83682 29.0118 29.0118 17.9309 309 174 0.0732165
972 1 0.686801 448 24127 446 18.7405 19.7326 25.7204 25.7204 17.6956 307 141 0.0451865
973 0.851324 0.96092 687 54341 685 30.3451 5.49153 40.0773 25.3092 28.3446 491 196 0.107998
974 0.858423 0.969636 705 59751 703 32.4004 2.78499 41.358 28.2553 31.8513 558 147 0.116259
975 0.836466 0.956989 628 39920 626 30.3361 3.33354 36.864 27.2523 31.3101 532 96 0.0829099
976 0.872659 0.987288 611 40325 609 28.6905 8.94572 36.488 28.2719 32.2877 534 77 0.0824698
977 0.943601 0.935484 687 108185 0 39.1791 0.16463 48.44 32.1118 31.798 461 226 2.17396
978 0.838583 0.970387 620 49491 618 31.7152 2.96638 34.6364 24.8951 28.5984 508 112 0.110985
979 0.93662 0.943262 636 80469 633 35.7433 1.41812 39.732 27.0216 27.1482 426 210 0.13921
980 0.891393 0.997706 591 51757 589 29.6947 8.72424 39.2738 29.374 32.8161 488 103 0.0948119
981 0.91828 0.938462 626 80017 624 33.616 2.02901 38.2289 27.9153 28.615 465 161 0.13404
982 0.879386 0.945755 625 54601 621 36.5696 1.40932 42.2635 27.6612 29.4681 456 169 0.0998211
983 0.470588 0.678363 722 84365 717 34.3132 1.65978 47.3685 19.9898 31.5196 493 229 0.156556
984 0.97931 0.957303 644 69926 0 37.7189 1.02722 46.5822 32.8404 31.7208 435 209 1.92065
985 0.869318 0.966316 693 69234 691 33.5202 2.21909 40.2057 27.6728 31.0204 528 165 0.13041
986 0.91 0.947917 629 48011 0 34.2523 3.17284 42.8765 33.405 34.5796 500 129 1.8147
987 0.896266 0.925054 637 55271 635 32.5286 3.9534 38.826 28.8899 29.5388 482 155 0.10548
988 0.830827 0.973568 650 45887 648 33.6931 1.93506 39.216 27.4044 32.5352 532 118 0.0926472
989 0.961722 0.909502 587 43012 585 26.7279 9.77947 36.5937 26.7433 25.288 418 169 0.0912414
990 0.895075 0.947846 638 53994 635 32.6065 2.02424 38.98 26.4342 27.9052 467 171 0.117721
991 0.85426 0.967005 544 41661 542 34.8388 2.59954 35.5754 25.7758 29.2306 446 98 0.080841
992 0.87384 0.951515 736 88849 0 35.8659 1.09977 49.4093 32.3244 36.2495 539 197 2.51032
993 0.917671 0.989177 638 54134 636 32.5951 2.66502 38.1884 26.7851 28.9173 498 140 0.105458
994 0.841463 0.926174 655 43577 653 31.7609 3.01609 39.7842 26.7689 30.012 492 163 0.0910796
995 0.821799 0.92955 756 76682 752 34.0286 1.59045 45.3384 30.1659 33.8613 578 178 0.144034
996 0.880077 0.906375 742 72491 0 34.6486 1.70683 44.5089 30.6839 31.1321 517 225 2.45234
997 0.953684 0.80605 644 63479 0 35.1788 1.84407 42.4646 37.4677 32.2704 475 169 1.85166
998 0.945419 0.977823 675 74411 0 33.831 3.09654 43.566 32.2406 33.1729 513 162 2.14136
999 0.821355 0.917431 642 66366 632 32.9524 1.95749 37.0292 25.192 28.1751 487 155 0.12085
