0 0.962963 0.761171 850 152820 0 44.7359 1.50532 56.4237 43.7361 34.6016 513 337 3.18416
1 0.814361 0.724299 935 117591 0 45.6138 1.33493 60.8724 41.2864 35.8566 571 364 3.69161
2 0.626984 0.750594 801 67912 795 42.1304 2.9929 50.9851 24.6894 32.3153 504 297 0.135057
3 0.844607 0.728707 906 143244 0 43.0876 1.69917 55.6714 39.1612 32.5079 547 359 3.53531
4 0.733333 0.694946 856 111402 0 43.8235 2.29702 55.0286 35.9068 32.7669 525 331 3.14895
5 0.950931 0.777317 910 90092 0 45.7031 1.45016 62.7275 50.975 40.5047 591 319 3.50818
6 0.96347 0.727586 787 118543 0 46.4326 1.79427 56.7912 39.0617 30.33 438 349 2.70657
7 0.854015 0.688235 934 106763 0 44.1028 2.24263 59.1729 44.0436 34.3089 548 386 3.74283
8 0.899642 0.582367 634 38864 631 28.8119 18.8883 39.1319 25.5111 15.6725 279 355 0.0777415
9 0.891501 0.75963 832 104022 0 45.5635 1.42117 54.5597 43.7836 36.8615 553 279 2.98122
10 0.809981 0.681745 945 123593 0 42.5907 2.25486 54.9071 37.7822 31.016 521 424 3.81164
11 0.950617 0.629857 724 50106 721 28.7149 19.759 44.1819 28.6358 18.0042 324 400 0.0979441
12 0.936605 0.699237 838 140674 0 44.3369 1.82879 57.8542 45.5742 31.3765 489 349 3.11644
13 0.182039 0.232198 800 88973 791 42.1258 2.39229 49.8223 17.4721 25.9714 412 388 0.18157
14 0.997549 0.698113 737 67925 0 45.86 1.77748 51.867 41.1842 27.9169 408 329 2.36447
15 0.739958 0.644567 804 123166 0 44.5765 1.54342 55.4909 37.8495 31.219 473 331 2.83005
16 0.933468 0.723437 798 77346 0 34.8185 10.445 44.7823 36.6069 28.4001 496 302 2.74248
17 0.865759 0.728314 809 123545 0 45.0085 1.46433 56.2251 41.9344 36.2557 514 295 2.8744
18 0.721311 0.583333 847 101444 0 37.106 9.96575 54.1039 31.7764 25.3042 427 420 3.1154
19 0.917895 0.725458 849 80275 0 37.0296 9.88838 51.61 37.4282 28.5652 475 374 3.08556
20 0.914237 0.835423 868 78691 0 41.3734 5.38017 55.0609 38.4148 35.4998 583 285 3.26378
21 0.900881 0.700342 772 75662 0 42.0179 3.40388 50.0254 38.3561 29.5211 454 318 2.59505
22 0.963028 0.744218 862 108825 0 42.198 4.53598 55.3405 47.7335 36.3339 568 290 3.2037
23 0.803435 0.704013 876 92439 0 38.5744 6.10949 49.2601 34.2438 29.4233 524 352 3.26729
24 0.88225 0.69337 965 154424 0 45.4252 1.27604 67.0169 51.9496 38.461 569 396 4.01683
25 0.894094 0.84749 750 103231 0 39.2029 6.66283 50.4245 34.7791 33.1652 491 259 2.16067
26 0.890661 0.700717 828 58165 0 32.2091 15.6001 51.5857 33.042 26.4051 439 389 2.87748
27 0.914179 0.665761 925 114203 0 42.1739 3.16371 57.1969 46.0871 33.0759 536 389 3.6639
28 0.699234 0.728543 810 61579 801 39.0064 5.60074 48.2649 30.2322 28.4072 522 284 0.134163
29 0.685817 0.638796 952 95726 0 41.5456 2.99699 56.6536 36.9175 32.0024 557 395 3.8234
30 0.936842 0.703557 724 84941 0 44.6963 2.69861 50.2477 34.7016 25.1843 380 344 2.26402
31 0.768053 0.644037 807 72672 0 42.708 2.27164 51.6091 35.8491 27.8875 457 350 2.77004
32 0.810924 0.72693 753 64413 0 41.713 2.96562 45.9599 33.6318 29.6842 476 277 2.40324
33 0.889524 0.746006 911 95138 0 42.0763 4.10779 54.7833 38.8644 31.8394 525 386 3.53284
34 0.909091 0.710824 776 99165 0 45.8061 1.25038 55.9834 44.9067 32.3915 484 292 2.56079
35 0.803204 0.656075 775 79651 768 40.9536 3.45476 44.9536 30.4718 24.7574 437 338 0.148259
36 0.810268 0.630208 825 105750 0 44.7986 1.18966 53.9473 38.7016 29.7465 448 377 2.93298
37 0.901869 0.742308 765 79674 0 44.0362 1.16453 50.5325 33.1788 26.9113 428 337 2.49424
38 0.965885 0.685325 935 132605 0 40.9308 6.06736 60.717 43.5009 30.2872 469 466 3.75181
39 0.594828 0.69697 836 74253 0 40.883 5.15044 53.3708 31.3147 37.0374 580 256 2.94594
40 0.929236 0.778471 943 122507 0 43.7596 2.65924 57.5671 40.77 32.4514 537 406 3.78949
41 0.791469 0.672032 700 59349 695 34.4507 11.3958 42.7067 30.4036 25.0438 422 278 0.107881
42 0.86533 0.668142 631 66047 626 44.473 2.24914 42.0278 30.3299 23.8574 349 282 0.113288
43 0.990584 0.705094 939 87506 0 42.0701 5.29836 60.7073 49.2978 35.685 531 408 3.72366
44 0.925773 0.79469 808 113933 0 45.833 1.37581 59.2865 40.6932 35.1404 485 323 2.82467
45 0.434698 0.55335 851 94130 834 44.7394 2.27688 56.9139 24.9618 32.3392 513 338 0.248238
46 0.977819 0.730663 949 114704 0 44.6217 1.6289 63.5565 50.8845 38.4668 541 408 3.82395
47 0.831461 0.682028 938 126242 0 43.0084 3.26752 58.8874 42.1368 34.3867 534 404 3.75053
48 0.945283 0.735683 931 97490 0 43.3485 3.01109 59.934 44.248 34.928 530 401 3.64467
49 0.502836 0.527778 885 96032 864 41.6635 3.66184 54.0702 29.7479 32.1646 529 356 0.239867
50 0.971861 0.697205 879 85901 0 42.0853 5.88624 57.0565 40.2142 28.8247 462 417 3.25804
51 0.888889 0.698752 800 61562 0 34.2044 9.32343 46.1341 31.6798 24.0763 441 359 2.7223
52 0.797753 0.70297 940 139682 0 45.6257 2.10224 64.4095 41.509 36.002 534 406 3.74398
53 0.335968 0.431472 847 109816 839 40.9427 6.46192 55.723 23.4592 32.0912 506 341 0.204333
54 0.897778 0.669983 777 130126 0 45.6258 0.846778 52.5536 41.225 29.9396 450 327 2.67912
55 0.969512 0.705621 849 145152 0 43.0834 2.46461 54.3251 43.6451 31.7216 492 357 3.17367
56 0.827083 0.721818 762 91030 0 40.9994 5.52359 51.0393 37.2141 32.1248 480 282 2.50902
57 0.914339 0.73503 888 105241 0 43.3227 2.05227 53.7631 41.6098 34.1698 537 351 3.32028
58 0.795229 0.699301 800 72517 0 41.5647 2.46537 48.1409 34.7642 27.4699 503 297 2.75279
59 0.842007 0.705607 897 147358 0 45.0359 1.82636 59.2583 43.7588 35.4783 538 359 3.48449
60 1 0.265033 451 23274 448 17.7865 30.6698 25.3668 25.3668 6.07916 119 332 0.0407018
61 0.930272 0.784792 924 132091 0 42.4437 2.44873 56.8764 43.6748 36.553 588 336 3.68069
62 0.906459 0.647059 806 88260 0 42.9584 4.43556 55.5812 43.5571 30.0556 449 357 2.72506
63 0.88 0.703196 928 143297 0 42.3791 2.72171 58.5131 41.1806 33.4189 525 403 3.70632
64 0.939759 0.773371 886 93533 0 38.798 7.71963 54.9454 44.093 36.612 581 305 3.31429
65 0.867063 0.678571 919 98038 0 42.7669 2.7394 58.1248 42.3382 33.4444 504 415 3.59694
66 0.910646 0.749609 846 85336 0 42.9572 3.7298 57.7262 43.824 36.0431 526 320 3.00533
67 0.958814 0.777036 928 106625 0 42.5445 4.85666 59.9464 48.9339 39.8539 607 321 3.67683
68 0.937385 0.765414 844 79567 0 41.4133 4.96393 50.4951 40.842 33.6605 543 301 3.05003
69 0.88743 0.640054 977 139778 0 41.4585 3.10834 59.6179 46.4371 32.9355 533 444 4.07433
70 0.883827 0.598765 889 123396 0 42.3153 4.55484 53.6337 39.7884 27.937 439 450 3.43002
71 0.820565 0.80754 757 92230 750 40.4195 4.3727 45.3802 30.3825 29.6107 496 261 0.158268
72 0.643911 0.691089 892 121781 883 42.9646 1.99338 51.5548 29.6333 31.9227 542 350 0.222668
73 0.385289 0.540541 929 122443 921 43.1917 3.16358 58.8994 23.2945 35.6565 571 358 0.235931
74 0.724203 0.703097 848 102130 0 40.8124 2.80634 51.1072 32.8862 32.1237 533 315 3.07768
75 0.778626 0.643533 910 119263 0 42.0726 3.00162 53.7213 38.8767 32.1089 524 386 3.53019
76 0.791045 0.698517 885 93293 0 42.2046 3.03087 53.4435 36.6721 31.654 536 349 3.32257
77 0.716698 0.629325 968 151402 0 42.4684 2.98622 57.7379 36.8715 31.5871 533 435 4.04611
78 0.895595 0.768908 992 160124 0 43.4178 1.70943 59.8796 45.2595 39.3493 613 379 4.26248
79 0.8125 0.679505 988 145945 0 44.3684 2.17421 62.2803 46.841 38.567 608 380 4.18595
80 0.872531 0.739726 895 107963 0 42.9846 2.82787 57.1356 41.1806 33.8955 557 338 3.43933
81 0.951172 0.750385 822 90934 0 43.5633 3.27784 53.6129 41.9902 33.6203 512 310 2.89299
82 0.945578 0.695 790 70121 0 42.8602 3.87155 50.8635 39.6111 28.5387 441 349 2.66209
83 0.811494 0.676245 844 79346 835 38.8058 4.99138 48.4257 30.2958 25.0763 435 409 0.158217
84 0.907757 0.653092 824 114157 0 45.0529 1.89354 55.6244 45.9394 33.032 477 343 2.9469
85 0.910233 0.757848 876 108517 0 39.3383 5.63274 51.6011 40.2345 32.9883 557 319 3.24411
86 0.883895 0.753994 844 85280 0 40.5003 4.67739 53.5631 40.5427 34.8451 534 310 3.0236
87 0.887833 0.787521 847 100233 0 42.7401 2.77384 53.608 37.9105 33.6189 526 321 3.04781
88 0.903141 0.646067 726 78508 0 41.4086 2.02295 42.475 31.1832 22.4641 382 344 2.28939
89 0.96 0.536913 578 28220 575 26.0672 20.9705 31.9127 24.1042 13.6042 250 328 0.0603051
90 0.849188 0.724752 676 60429 543 39.6383 4.96661 40.2779 30.4335 25.0873 431 245 0.105668
91 0.969697 0.771084 835 84242 0 45.1558 1.96719 55.2107 44.0364 35.4749 528 307 2.98966
92 0.779698 0.673507 856 81252 0 40.7984 4.84255 49.1055 31.1105 26.8348 463 393 3.10172
93 0.922049 0.704082 777 111213 0 43.0758 1.87218 50.587 38.4242 27.579 449 328 2.61757
94 0.846325 0.71028 810 110643 0 40.2377 7.08167 52.8874 36.1238 29.2059 449 361 2.81633
95 0.912371 0.753191 905 129907 0 43.9497 1.63989 59.5577 47.4511 38.7156 582 323 3.54716
96 0.890351 0.688136 813 111690 0 43.8718 2.62898 55.6355 40.1287 30.9387 456 357 2.84133
97 0.957404 0.735202 822 92296 0 46.7141 2.23559 57.7672 46.0531 33.1224 493 329 2.91772
98 0.923913 0.758929 887 116216 0 43.8485 1.85275 60.3892 45.1838 37.2123 552 335 3.33227
99 0.926471 0.61165 843 116381 0 45.7543 1.66813 58.0134 42.5957 27.4567 408 435 2.99315
