0 0.970339 0.970339 646 73142 0 36.665 0.604547 44.2316 32.556 32.4421 472 174 2.04855
1 0.97166 1 657 58378 0 36.3261 1.48627 44.5703 31.8996 32.8989 494 163 2.04462
2 0.961089 0.928571 694 80101 0 35.1396 1.82745 46.9836 36.6066 35.3766 514 179 2.28799
3 0.988189 0.984314 635 46632 633 28.8076 6.54703 37.7005 30.3782 30.279 508 127 0.180461
4 1 0.549505 405 18247 404 20.6295 17.744 25.0538 25.0538 13.1366 222 183 0.0629412
5 0.863139 0.965306 752 82418 0 34.4873 2.69561 48.7322 31.43 34.7832 548 204 2.66073
6 0.969838 0.963134 673 69349 672 35.3756 1.82431 44.1279 27.6261 27.3151 431 242 0.243474
7 0.935652 0.978182 797 81299 0 34.9701 1.63192 52.4631 35.8734 37.364 575 222 2.89938
8 0.909774 0.971888 792 56453 0 35.7852 1.90726 48.9992 31.832 34.0066 532 260 2.77894
9 0.948767 0.986193 672 66094 671 31.9808 2.59537 37.6566 28.5041 29.8489 527 145 0.228403
10 0.976695 0.976695 610 98466 0 33.8543 3.01485 40.0868 30.9025 30.5452 472 137 1.81972
11 0.923729 0.962472 619 65539 618 31.8254 3.06546 35.4883 26.0207 27.447 472 147 0.22351
12 0.950758 0.982387 702 78770 0 32.8989 3.78077 45.5116 32.1624 33.7177 528 174 2.29571
13 0.91215 0.976 770 75638 768 33.4501 2.76319 45.5076 29.4145 31.5013 535 235 0.275521
14 0.912281 0.989429 648 38871 647 29.8254 5.33553 37.8638 27.3396 29.8366 513 135 0.152543
15 0.87796 0.964 718 73353 0 34.6126 1.5494 45.55 31.705 34.6901 549 169 2.31286
16 0.945175 0.984018 615 70387 614 32.753 1.98795 37.2969 25.7264 26.4857 456 159 0.24989
17 0.95 0.979742 723 52536 0 33.394 4.51212 44.7461 33.7533 34.7547 560 163 2.32089
18 0.948661 0.981524 620 71413 619 33.5587 2.1285 36.5776 26.089 27.0026 448 172 0.242346
19 0.994667 0.966321 569 69350 568 36.6824 1.5213 37.4459 25.7864 24.9842 375 194 0.231815
20 0.937751 0.972917 711 86321 707 35.0781 1.15853 46.4884 30.3006 31.3884 498 212 0.295791
21 0.959649 0.966431 725 70217 0 32.4428 2.92572 41.1365 32.8581 33.0444 570 155 2.40732
22 0.941839 1 694 71735 693 35.2439 1.18959 42.9589 29.2056 30.9685 533 161 0.245899
23 0.83908 0.993197 692 92740 690 35.2071 1.86446 44.5054 28.4629 33.8696 522 170 0.316491
24 0.932673 0.96319 613 46782 612 28.8911 6.95001 36.2782 28.4504 29.4225 505 108 0.160406
25 0.937046 1 583 53051 582 37.1733 0.961874 41.9265 27.3891 29.6891 413 170 0.215821
26 1 0.628571 421 23227 420 20.2678 19.187 25.7733 25.7733 14.8271 264 157 0.0749814
27 0.967677 0.985597 627 58975 0 33.6187 3.22408 43.8023 32.9389 33.7438 495 132 1.77761
28 0.936567 0.978558 706 77631 703 30.8684 5.75922 42.6366 30.3612 31.8845 536 170 0.264825
29 1 0.478469 419 17539 418 14.7599 24.1798 23.8836 23.8836 10.3263 200 219 0.057487
30 0.991543 0.985294 644 46085 642 29.6602 6.70278 42.0814 29.9288 29.7284 473 171 0.169524
31 0.976344 0.959831 637 77722 634 37.2682 0.882096 42.1892 30.2477 29.7947 465 172 0.293656
32 0.978516 0.976608 642 55811 0 35.1584 1.46139 40.9147 32.673 32.8348 512 130 1.88165
33 0.967687 0.996497 761 116467 0 33.8861 3.33776 48.4338 36.1334 37.0703 588 173 2.76396
34 0.998016 0.982422 673 56460 0 32.4432 3.69022 41.7245 32.5475 32.0345 504 169 2.02341
35 1 0.767033 456 25065 455 22.655 13.9055 26.1184 26.1184 19.8875 349 107 0.081052
36 0.937238 0.978166 692 57756 691 34.1964 1.14242 40.7885 27.7947 29.1603 478 214 0.199434
37 0.96092 0.985849 582 66877 580 33.181 1.82156 35.9954 25.4852 26.2928 435 147 0.248848
38 0.89339 0.947964 632 65627 631 35.2515 1.14682 39.5386 27.5476 29.5072 469 163 0.222471
39 0.971264 0.992172 672 85241 0 34.1586 2.20306 43.9482 32.2587 33.0244 522 150 2.14433
40 0.960954 1 580 36420 579 33.525 3.92612 38.6584 28.3439 29.4025 461 119 0.139933
41 0.92402 1 547 43347 546 38.0132 1.07839 39.2152 24.8563 26.9966 408 139 0.148379
42 0.978824 0.902386 649 50585 648 29.2462 9.06037 39.865 28.1461 25.5112 425 224 0.174782
43 0.969639 0.978927 776 75746 0 33.6939 2.71085 47.8364 31.4785 31.727 527 249 2.66886
44 0.991209 0.993392 638 44542 0 34.9223 3.68299 45.2966 31.8944 32.0854 455 183 1.85301
45 0.974359 0.987013 718 65400 0 33.4622 2.38365 44.9454 34.3705 34.809 546 172 2.29417
46 0.931694 0.96875 506 43884 505 22.1009 16.4016 30.8367 20.858 22.1198 366 140 0.146023
47 0.960334 0.946502 644 43927 641 31.5143 4.91087 40.1178 30.4618 29.9567 479 165 0.166656
48 0.926667 0.965278 811 73012 0 31.5719 4.25294 47.4882 35.5716 36.4993 600 211 2.92805
49 0.943841 1 553 66231 0 25.5929 11.8631 34.8173 32.5859 34.8173 552 1 1.45959
50 0.98731 0.970075 617 78955 615 35.8508 1.50639 42.4012 26.2017 25.8745 394 223 0.260501
51 0.938144 0.942029 649 69772 0 34.0375 1.67474 40.9217 30.943 30.9346 485 164 2.0153
52 0.943601 0.925532 648 94973 645 34.4986 1.87646 41.543 30.1505 29.4862 461 187 0.312349
53 0.910134 0.983471 697 70307 695 33.5955 2.28427 46.395 29.7316 32.016 523 174 0.239723
54 0.912046 0.997908 741 120366 0 36.3065 1.67254 49.0964 31.2428 34.4285 523 218 2.64845
55 0.922921 0.991285 672 112966 670 33.0983 1.64835 43.162 27.9211 30.152 493 178 0.388221
56 1 0.973958 584 39403 583 27.9629 8.37578 35.0037 23.3844 22.6984 374 210 0.136793
57 0.981092 0.979036 659 87658 0 37.726 0.592566 47.8928 33.6498 33.5258 476 183 2.04305
58 0.854617 0.977528 673 61971 671 32.3127 2.48854 39.2573 25.5006 29.2857 509 164 0.209989
59 0.967185 0.939597 755 91416 0 34.029 2.46139 47.0872 36.8233 35.5417 579 176 2.64928
60 0.958412 1 743 81317 0 36.2586 1.10363 51.3522 35.0748 36.92 529 214 2.48621
61 0.961864 0.986957 709 61053 708 32.4685 2.61841 41.067 26.073 26.905 472 237 0.211641
62 0.964135 0.987041 681 89082 680 33.3673 2.50577 44.3851 28.2767 29.0732 474 207 0.364754
63 0.917108 0.981132 804 90799 0 34.7768 1.21217 49.1178 33.293 35.4297 567 237 2.91151
64 0.989437 0.965636 777 71451 0 34.3615 1.86703 51.7678 38.2288 37.2075 568 209 2.71717
65 0.969203 0.998134 744 78778 0 35.8964 1.96522 50.943 35.4003 36.6836 552 192 2.49219
66 0.934211 0.986111 826 114222 0 34.1448 1.97815 49.6459 34.6345 36.2806 608 218 3.18544
67 0.93032 1 724 62123 722 35.9911 1.17217 48.2991 30.4594 32.6845 531 193 0.211693
68 0.997126 0.971989 504 57077 503 37.3122 1.16655 35.3882 25.3607 24.5265 348 156 0.184006
69 0.962121 0.935543 741 71725 0 34.3025 2.29186 47.199 35.0323 33.9709 528 213 2.51294
70 0.935685 0.971983 642 58202 641 35.5551 0.835406 38.8556 28.0339 28.8608 482 160 0.19565
71 0.982721 0.991285 614 54366 612 38.7357 0.358815 43.1378 30.2805 30.5451 463 151 0.178958
72 0.977273 0.940625 522 26810 521 23.3349 12.9175 30.7721 18.5897 18.0137 308 214 0.101492
73 0.960986 0.943548 645 75658 0 33.4168 1.80325 39.8286 30.6566 30.3985 487 158 1.93743
74 0.983213 0.957944 622 43203 621 34.3346 2.30462 40.3466 27.7642 26.9458 417 205 0.148491
75 0.99169 0.952128 535 42429 534 27.2872 10.3036 33.7849 24.2784 23.3951 361 174 0.140677
76 0.95098 1 706 100972 0 36.1141 1.82023 49.8313 31.5269 33.1321 510 196 2.40709
77 0.90303 0.959227 664 79471 662 33.6214 2.02573 40.2741 27.6911 29.1896 495 169 0.271585
78 0.929924 0.926415 691 49893 689 30.9043 3.53369 39.8921 30.4115 30.1708 528 163 0.178493
79 0.905904 0.997967 704 78709 0 34.5571 1.71609 44.0343 30.9123 33.8813 542 162 2.26029
80 0.971491 0.975771 658 70650 657 35.8517 1.95339 42.2099 28.0155 28.1417 456 202 0.28471
81 1 0.982318 637 66884 0 35.6323 1.83707 41.4218 33.7893 33.1337 500 137 1.8445
82 0.951852 0.979048 694 86875 0 34.7412 1.87454 45.3964 35.0723 35.7627 540 154 2.21882
83 0.985106 0.974737 658 55706 655 35.2326 1.95169 43.3705 30.4532 30.0496 470 188 0.210503
84 0.958874 0.938559 610 42286 609 32.9334 2.07529 36.6132 28.2288 27.6791 462 148 0.15898
85 0.958182 0.996219 749 96927 0 38.5644 0.665 54.003 35.1413 36.7726 550 199 2.60548
86 0.952607 0.913636 663 87759 661 36.9762 0.919178 45.6568 29.8874 28.6529 422 241 0.316144
87 0.962049 0.986381 710 75373 0 35.2695 1.52899 46.7876 32.8918 33.7672 527 183 2.31378
88 0.986193 0.94162 695 78720 693 32.5972 1.92115 39.8695 30.0883 28.7402 507 188 0.291799
89 0.941053 0.953092 672 62811 668 35.2632 1.81473 43.2598 29.7409 29.9471 475 197 0.210057
90 0.938776 0.94403 711 58286 0 31.3629 6.27651 43.6231 33.378 33.5556 539 172 2.24429
91 0.993304 0.993304 576 47197 574 34.2729 1.78871 37.0307 29.0407 29.0407 448 128 0.15916
92 0.979127 0.957328 697 78512 0 35.5155 1.11615 44.4712 35.2319 34.4949 527 170 2.27842
93 1 0.938596 596 70587 0 38.147 0.293974 43.2943 32.7982 30.7212 428 168 1.66468
94 0.917895 0.973214 668 112662 664 37.768 1.02935 47.4094 29.9166 31.7426 475 193 0.368885
95 0.964151 0.967803 743 76152 0 34.9212 1.53502 52.1467 36.2311 36.1963 530 212 2.50302
96 0.899452 0.98994 671 77268 665 33.2245 1.75547 41.266 30.196 33.9391 547 124 0.27933
97 0.993007 0.910256 629 54060 0 36.6881 1.44636 43.3084 32.1065 29.0726 429 200 1.78223
98 0.940741 0.986408 626 61761 0 33.7428 2.34338 40.2318 32.9194 34.8365 540 86 1.83947
99 0.98063 0.99022 564 39480 563 33.2553 3.70556 35.2025 25.415 25.6673 413 151 0.159235
100 0.955752 0.984055 579 68369 577 33.378 1.74127 37.0178 28.1057 29.0262 452 127 0.227975
101 0.899761 0.986911 540 42035 539 26.8457 8.61577 32.3691 21.9424 24.4399 419 121 0.14506
102 0.938865 0.979499 612 43367 611 32.6722 2.90685 36.8635 26.349 27.4198 458 154 0.147013
103 1 0.997778 632 53364 630 34.1645 3.8064 42.8225 30.4351 30.3781 449 183 0.178118
104 0.971678 0.955032 637 87833 632 35.2924 1.7544 43.1943 30.2927 29.8725 459 178 0.298222
105 0.845714 0.925 704 55207 702 33.2803 1.39858 40.9433 28.2604 31.1923 525 179 0.212044
106 0.996604 1 742 58486 0 35.7305 2.14696 48.7663 37.5661 37.6668 589 153 2.47516
107 0.979716 1 665 72152 0 37.7176 0.490462 47.0954 32.5401 33.305 493 172 2.01476
108 0.799523 0.988201 586 41727 585 32.5734 2.4785 34.8495 19.6922 24.6742 419 167 0.144549
109 0.966173 0.997817 645 50892 644 33.506 4.07239 41.9863 27.9778 29.0167 473 172 0.199352
110 0.985948 0.866255 650 96668 648 35.1957 2.03745 40.9512 30.2755 26.7519 427 223 0.317879
111 0.991952 0.972387 687 77364 685 34.1856 2.50274 41.0563 30.3474 29.776 497 190 0.25924
112 0.990453 0.960648 652 68966 649 36.331 1.93237 45.004 30.5001 29.5275 419 233 0.245179
113 0.950719 0.985106 681 93288 0 35.2344 1.12584 46.0554 31.2658 32.4264 487 193 2.23548
114 0.917476 0.979275 555 73287 553 35.7342 1.05627 35.0958 24.5262 26.0953 412 143 0.24094
115 0.97561 0.948905 757 73079 0 35.696 2.85748 52.5778 38.9124 37.9289 533 224 2.58076
116 0.944915 0.984547 644 53829 642 32.8734 1.98455 40.5077 27.6984 28.9313 472 171 0.186702
117 0.896282 0.976546 690 103132 687 35.2233 1.97445 43.5587 29.8182 32.3765 511 179 0.348134
118 0.92029 1 711 56001 0 33.9646 2.85618 46.8032 32.5513 35.1438 552 159 2.22552
119 0.920879 0.995249 619 62975 617 34.7816 2.0637 41.5945 27.7097 30.158 455 164 0.208627
120 0.92926 0.903125 523 31033 522 22.1346 15.0661 31.8166 19.3449 18.7399 311 212 0.106656
121 0.842991 0.969892 691 80562 690 32.9659 3.6228 44.557 28.4246 32.8535 535 156 0.273664
122 0.962227 0.98374 649 56681 0 33.5799 2.50142 40.8129 30.7985 31.2993 503 146 1.9538
123 0.982646 0.991247 618 64136 615 36.0358 1.81771 42.1071 30.3816 30.955 461 157 0.211444
124 0.948104 0.993724 663 78955 660 36.134 1.30665 44.0851 30.2479 31.5714 501 162 0.265782
125 0.876866 0.93254 686 66991 680 32.4053 3.16558 41.4797 30.5273 33.0332 536 150 0.267809
126 0.932318 0.996383 818 72382 0 36.8268 1.35631 57.0475 36.5144 39.5118 591 227 2.97765
127 0.948052 0.971175 663 51330 662 31.1516 3.64977 38.7062 26.4073 27.312 462 201 0.177647
128 0.992188 1 534 44692 532 38.1264 0.563945 38.1541 27.0584 27.2399 384 150 0.149543
129 0.959335 0.896373 793 100325 0 36.1381 1.6772 52.4803 39.7736 37.5689 541 252 2.88417
130 0.946996 1 748 59396 0 34.6305 1.47743 49.4575 35.4895 37.7996 566 182 2.49603
131 0.99 0.99 702 44406 699 32.7139 3.53018 43.5425 30.3935 30.5573 500 202 0.166916
132 0.87782 0.989407 685 62107 682 33.2781 3.90369 44.2442 30.5668 34.2064 532 153 0.210689
133 0.874251 0.995455 681 77390 680 33.7129 2.33469 44.7051 27.2711 31.5693 501 180 0.263546
134 1 0.755299 520 43810 517 31.4932 2.92832 30.437 30.437 23.049 392 128 0.140118
135 0.864261 1 768 81679 766 34.5294 1.31371 45.1542 28.4553 32.7087 582 186 0.287225
136 0.897533 0.991614 692 66412 690 33.8534 1.86066 41.7968 28.7165 32.0922 527 165 0.253314
137 0.961039 0.977974 585 64849 583 35.8108 1.16253 38.9308 30.2155 30.665 462 123 0.211808
138 0.871074 0.990602 784 116015 0 37.2086 0.777528 51.1811 32.1208 36.5497 605 179 2.90202
139 0.904459 0.968182 719 77551 718 32.2171 2.81784 44.9364 27.0043 29.0853 471 248 0.265486
140 0.928702 1 744 90151 741 34.3014 1.10495 43.5057 30.137 32.3843 547 197 0.324837
141 0.971947 0.967159 796 76396 0 34.2181 4.01651 53.8559 41.7042 41.5727 606 190 2.8611
142 0.958015 0.95619 631 54969 0 33.1577 2.34331 37.5773 31.3128 31.094 524 107 1.7931
143 0.927165 0.97921 661 97760 659 36.0531 0.942963 42.747 30.4908 32.1016 508 153 0.340676
144 0.941834 1 626 57898 625 31.4106 3.75813 38.445 25.9031 27.3914 447 179 0.193013
145 0.969957 0.976242 650 88873 649 34.424 2.05957 40.9393 28.7015 28.9221 466 184 0.295775
146 0.944444 1 545 61491 544 32.4256 3.71475 35.1919 27.3411 28.9571 450 95 0.202536
147 0.948919 0.966 645 48082 642 33.1662 3.20684 39.0836 29.9743 30.3996 509 136 0.190517
148 0.913223 0.975717 636 44053 635 28.4075 7.97101 36.5097 25.6641 27.5932 484 152 0.174781
149 0.955157 0.926087 689 103133 0 37.2171 0.79415 48.7458 31.5281 30.7102 446 243 2.28389
150 0.967742 0.973631 655 66753 652 33.8318 1.839 41.4202 30.5037 30.6584 496 159 0.238777
151 0.937729 0.957009 780 78534 0 33.9386 3.28494 50.609 34.3816 35.4054 546 234 2.74505
152 0.981557 0.995842 694 85668 0 39.8376 0.432041 52.9788 33.9274 34.38 488 206 2.20286
153 0.970037 1 739 73145 0 35.753 1.4112 46.5823 31.7346 32.8107 534 205 2.49264
154 0.995037 0.98044 546 70073 545 37.3331 0.895857 37.4221 28.2743 27.8865 403 143 0.232891
155 0.968215 0.992481 567 65156 566 34.3453 1.77445 38.5323 26.8296 27.4749 409 158 0.213325
156 0.9725 0.953431 569 52880 568 33.4092 2.64207 36.3801 26.4402 25.9374 400 169 0.175256
157 0.96008 0.995859 692 64523 0 36.0676 2.01938 46.2297 30.7166 31.7355 501 191 2.14435
158 0.927894 0.981928 695 67482 0 35.8722 1.36129 44.9486 32.3466 34.061 527 168 2.22135
159 0.979821 0.977629 644 65542 641 36.1056 1.59525 44.109 30.2839 30.0957 446 198 0.222978
160 0.958246 0.978678 682 61483 679 34.9368 1.61361 43.3541 30.2807 31.1826 479 203 0.208254
161 0.95679 0.987261 619 53552 617 33.3744 3.89646 39.6521 30.38 31.1105 486 133 0.176901
162 0.943182 0.997996 733 74076 0 33.6431 3.15878 43.825 30.5797 32.4309 528 205 2.45347
163 0.97463 0.985043 695 88468 693 34.0125 3.21288 45.7581 30.3611 30.877 473 222 0.296556
164 0.898032 0.992095 722 108470 0 34.1123 1.9431 46.458 33.1301 36.3588 559 163 2.46851
165 0.95585 1 596 71007 595 33.8404 2.66005 40.1421 27.2674 28.5834 453 143 0.264424
166 0.926126 0.979048 733 89195 731 34.4042 1.59529 44.6801 30.4124 32.3879 555 178 0.301015
167 0.983755 0.95614 724 65033 0 34.6785 1.70325 45.6486 36.3675 35.0697 554 170 2.38384
168 0.898374 0.997743 656 73264 655 34.6531 1.97088 41.2061 28.2333 31.3726 492 164 0.24712
169 0.938967 0.923788 625 56923 624 31.0985 4.06953 36.9735 25.4512 24.7275 426 199 0.19044
170 0.910134 1 676 97194 673 34.3784 2.12062 43.047 29.0138 31.9605 523 153 0.322838
171 0.990315 0.927438 598 45571 597 27.2531 10.4645 36.8428 26.061 24.5067 413 185 0.184052
172 0.934037 0.986072 595 41839 594 33.5369 2.34104 35.8598 21.0242 22.1832 379 216 0.146117
173 0.959759 0.979466 732 118217 0 36.822 0.955804 52.0385 33.3354 34.1094 497 234 2.58502
174 0.961039 0.98855 713 63983 0 33.531 1.54941 40.7822 30.8777 31.7061 539 174 2.27542
175 0.989669 0.971602 658 42435 656 30.0201 7.52775 41.9725 30.3188 29.6501 484 174 0.147612
176 0.978495 0.972222 639 43093 638 30.5524 4.25378 38.383 27.6151 27.1953 465 174 0.151345
177 0.976654 0.926199 694 57098 0 33.1474 2.53434 42.8439 33.3899 32.1051 514 180 2.17806
178 0.959911 0.951435 594 65468 0 37.996 0.587932 43.9524 32.8637 32.4894 449 145 1.64545
179 0.988889 0.983425 723 74685 0 34.1959 2.1042 45.7662 34.8536 34.6464 540 183 2.3937
180 0.987847 0.993019 675 60693 0 31.1339 6.88243 42.4643 36.2845 36.2804 576 99 2.03223
181 0.979817 0.994413 663 47634 0 33.0073 4.06461 41.8989 34.3597 34.8244 545 118 1.98084
182 0.988235 0.974478 686 62900 685 30.3047 7.92985 43.4788 27.3911 26.8793 425 261 0.21834
183 0.99537 0.99537 610 45165 609 23.3749 14.1471 36.5195 24.5149 24.4958 432 178 0.160826
184 0.961679 0.985047 670 61055 0 34.8775 1.59417 44.8166 36.3219 37.0823 548 121 2.01763
185 0.984509 0.993056 739 113837 0 33.5122 4.16837 45.5767 34.5853 35.0077 581 158 2.65624
186 0.996124 0.958955 728 93547 0 35.8792 1.69343 47.2582 34.8716 33.5457 516 212 2.44897
187 0.971042 1 730 67646 0 34.9287 2.65639 46.9239 32.5451 33.414 518 212 2.43428
188 0.967146 0.975155 631 79665 0 33.9859 1.47269 40.8324 31.1027 31.2468 487 144 1.86473
189 0.977867 0.943689 713 55843 0 34.6161 1.78671 43.8615 31.7729 30.7791 497 216 2.2809
190 0.971275 0.981851 733 87564 0 34.7664 2.28346 49.8685 37.4841 37.9628 557 176 2.46043
191 0.868709 0.97066 642 85470 641 33.5371 2.60485 43.0881 27.1189 30.4966 457 185 0.283387
192 0.949561 0.945415 615 68532 613 32.0204 3.59719 37.2607 27.6738 27.4373 456 159 0.230569
193 0.878613 0.968153 718 104821 0 35.5436 2.08225 48.0748 31.5577 34.2114 519 199 2.52815
194 0.980044 0.950538 594 58073 592 32.0265 4.51659 38.6493 30.4374 29.5089 451 143 0.19748
195 0.844398 1 644 49496 643 28.1101 8.60835 38.8512 23.7845 28.5154 482 162 0.185218
196 0.981439 0.944196 582 63688 581 29.5193 7.39839 35.6243 27.3762 26.5742 431 151 0.210938
197 0.935305 0.982524 735 102480 0 33.1267 2.84044 46.2598 31.3921 32.9161 541 194 2.5841
198 0.949438 0.990234 698 61329 0 33.4999 2.40771 43.3822 30.74 32.1517 534 164 2.18312
199 0.96 0.987893 550 61425 549 35.7279 1.70324 36.9977 27.5619 28.4461 425 125 0.201802
200 0.976534 0.983636 710 71992 0 33.06 4.18608 46.1571 35.9252 36.0837 554 156 2.33565
201 0.95471 0.996219 730 68924 0 32.3214 3.10254 43.6862 32.5119 33.7656 552 178 2.38159
202 0.94822 0.996599 777 73262 0 33.4466 3.10334 47.8782 35.7768 37.7822 618 159 2.7161
203 0.96603 0.91 691 51954 690 33.4296 2.87318 41.0218 29.1322 27.1603 471 220 0.182243
204 0.939641 0.998267 763 87232 0 33.5032 1.75417 47.1794 35.1283 37.4482 613 150 2.65426
205 0.928287 0.937626 659 61012 0 32.6388 4.23013 41.7568 31.9154 32.1837 502 157 1.96024
206 0.946463 0.980198 733 58475 725 33.5638 1.94949 43.4392 30.4358 31.5305 523 210 0.22137
207 0.947273 0.998084 734 99882 0 33.9866 1.76868 46.9628 33.6272 35.3925 550 184 2.55413
208 0.941712 0.977316 703 77005 697 33.1874 2.25441 40.0728 30.504 31.8506 549 154 0.310849
209 0.930417 0.977035 629 62046 625 32.5441 1.62469 39.5367 30.2742 32.004 503 126 0.211802
210 0.979003 0.953964 559 36349 558 24.2514 11.8941 32.0226 22.3007 21.7243 381 178 0.127067
211 0.944196 0.995294 580 34610 579 31.4432 4.11149 33.8154 24.2389 25.6594 448 132 0.120272
212 0.881057 0.987654 642 48045 641 30.2478 4.22264 36.0413 22.8927 25.784 454 188 0.165651
213 0.873767 0.991051 703 76815 702 34.837 1.73466 45.4451 26.6069 30.3238 507 196 0.261132
214 0.956522 0.998185 764 75786 0 33.17 2.64802 44.8603 32.1523 33.8756 575 189 2.62751
215 0.945892 0.921875 676 83162 0 35.1642 1.19219 43.9181 32.8354 32.0706 499 177 2.14758
216 0.962422 0.929435 677 65469 0 35.6032 1.46846 44.5865 33.3803 32.1619 479 198 2.08552
217 0.970356 0.976143 736 91786 0 34.7995 1.88934 46.4258 31.8863 32.2093 506 230 2.53774
218 0.95183 0.993964 749 84359 0 36.6227 1.20344 50.2404 33.2036 34.5481 519 230 2.58841
219 0.971739 0.967532 683 97912 682 35.765 0.985621 43.225 28.8509 28.8568 460 223 0.331644
220 0.961609 0.983178 738 78918 0 33.4629 2.70584 43.7353 32.5418 32.9867 547 191 2.45597
221 0.958333 0.979821 610 60314 609 35.2803 2.22229 40.1642 28.4076 28.7934 456 154 0.200348
222 0.991228 0.993407 634 83095 0 36.5595 0.802866 44.272 30.7607 30.8176 456 177 1.94711
223 0.946984 0.986667 691 49109 688 33.0621 2.67786 40.9704 30.5378 31.8901 547 144 0.173378
224 0.995327 0.942478 609 85422 607 34.9858 2.23069 40.1986 30.1428 28.5608 428 181 0.277411
225 0.918794 0.945107 690 61139 689 28.7309 8.16353 39.9526 24.0966 24.9257 431 259 0.237209
226 0.957143 0.97989 738 87645 0 34.2604 1.56988 46.0965 34.1862 35.045 560 178 2.48935
227 0.96129 1 639 67974 637 34.4576 2.12685 43.2748 28.4617 29.6889 465 174 0.260562
228 0.978155 0.98533 600 46902 599 33.7977 4.18747 39.9212 27.9534 28.1641 412 188 0.179083
229 0.943396 0.978261 646 74940 645 34.5805 1.6017 40.3691 28.9567 29.8783 477 169 0.266109
230 0.944554 0.977459 667 65260 665 33.0339 2.28737 40.9766 30.0776 31.2132 505 162 0.225782
231 0.997792 0.957627 625 65209 0 37.6392 1.02417 45.0895 34.0775 32.6091 453 172 1.80793
232 0.961474 0.982877 815 78513 0 33.7801 2.98501 51.131 34.8861 35.6364 597 218 2.9376
233 0.922034 0.996337 686 69612 0 31.0441 5.75441 42.7481 34.5314 37.5687 590 96 2.11809
234 0.854651 0.991011 737 64312 736 31.9339 3.68492 42.3418 25.5431 29.452 516 221 0.231287
235 0.861224 0.985981 634 71298 631 33.2786 2.52097 35.0275 24.191 27.5059 490 144 0.237307
236 0.978456 0.992714 706 60274 704 32.6585 2.36512 40.324 30.0696 30.478 557 149 0.202361
237 0.978992 0.939516 651 60546 0 30.0506 7.97462 41.9683 32.7328 31.5746 476 175 1.9759
238 0.908602 0.978764 703 64418 0 31.7827 4.80658 43.9249 32.6448 35.4709 558 145 2.18986
239 0.98301 0.98301 582 60007 581 38.2304 0.942759 39.6337 27.0766 27.0766 412 170 0.218084
240 0.964637 0.962745 686 59710 684 32.6311 3.94281 41.9665 30.5203 30.2573 509 177 0.202993
241 0.884774 1 669 69170 668 34.9235 1.51641 43.2458 25.3728 28.8989 486 183 0.241391
242 0.965665 0.991189 638 39169 636 31.8129 4.59259 40.5893 28.932 30.0468 466 172 0.153836
243 0.957055 0.926733 660 55838 0 34.0667 2.38266 43.9523 32.8168 31.6566 489 171 2.00372
244 0.969388 0.987526 618 79627 0 34.0614 2.18842 40.648 31.6762 32.3304 490 127 1.79752
245 0.876522 0.976744 777 96232 0 34.852 1.59633 47.973 32.6148 35.9291 575 202 2.79954
246 0.953191 0.941176 620 53468 613 32.6688 4.76794 39.2989 30.4849 30.0281 470 150 0.226217
247 0.947162 0.987755 684 107993 680 35.0104 2.14477 43.1503 30.5325 31.8067 511 172 0.365511
248 0.956822 0.989286 726 66848 0 35.2428 1.24249 47.5344 35.7641 37.0769 579 147 2.4013
249 0.972015 1 731 89021 0 38.5116 0.350381 51.5228 33.9364 34.8328 536 195 2.43842
250 0.945092 0.941957 812 111395 0 34.7856 1.93006 49.5101 37.4542 37.2255 601 211 3.0937
251 0.946392 0.972458 634 62404 633 32.7631 2.81478 39.0132 28.8942 29.9995 485 149 0.212037
252 0.914773 0.954545 691 52857 689 31.7078 4.7403 41.8908 29.8963 30.8746 528 163 0.208951
253 0.869637 0.979554 748 62687 0 32.3799 4.38355 44.5266 32.143 36.1797 606 142 2.51566
254 1 0.984733 562 76370 560 37.2694 0.931016 39.8061 27.4566 26.963 387 175 0.260139
255 0.955319 0.963519 624 71795 623 31.9673 4.2771 37.5076 27.5779 27.6236 470 154 0.247373
256 0.881481 0.977413 692 70281 690 32.7578 2.384 40.6143 28.7245 32.1432 540 152 0.242497
257 0.974359 0.978923 644 82808 643 35.2268 2.67957 41.4925 27.7538 28.1394 429 215 0.286797
258 0.965831 0.992974 552 42965 550 35.7882 1.57289 36.0277 27.8932 28.5325 439 113 0.154063
259 1 0.347403 309 9376 308 9.53773 30.0486 17.4742 17.4742 5.66354 107 202 0.0309468
260 0.969574 0.971545 658 64674 0 33.2153 2.40283 41.6426 31.3979 31.4739 493 165 1.9487
261 0.985163 0.994012 554 34667 553 23.0315 13.3072 32.1371 18.7864 18.9527 337 217 0.120237
262 0.966068 1 642 55957 0 37.9367 0.790631 44.7415 30.8996 32.2254 501 140 1.91088
263 0.864177 0.967681 760 85801 0 33.174 3.02565 44.0808 30.8274 34.3253 589 171 2.58186
264 0.94386 0.998145 711 59108 0 31.7782 5.07189 46.2558 33.0489 35.0885 570 141 2.26617
265 0.97891 1 746 82202 0 38.0975 0.55707 53.5212 37.0556 37.774 569 177 2.52574
266 0.93083 0.995772 671 63711 670 33.8385 2.2557 38.7255 27.7366 29.9675 506 165 0.260754
267 0.959847 0.988189 685 63458 682 33.5424 2.77046 41.2902 30.492 31.6753 523 162 0.244038
268 0.877159 0.997817 664 52888 662 34.0116 2.16949 41.3191 28.2231 32.3664 521 143 0.209388
269 0.944972 0.997996 689 79708 0 34.6684 1.13198 43.993 31.1398 32.8419 527 162 2.19756
270 0.959184 0.972414 632 38074 631 30.4141 4.12609 35.5531 24.5161 25.1117 441 191 0.136189
271 0.97619 1 599 53755 598 26.0685 11.781 37.8654 26.0909 26.6789 420 179 0.181853
272 0.966981 0.946882 623 85528 622 35.7734 1.2871 40.644 27.5716 27.1874 424 199 0.284871
273 0.922428 0.954625 750 88393 0 33.0894 2.31561 47.6145 36.8901 38.0726 593 157 2.62501
274 0.964151 0.992233 746 73864 0 37.2654 1.0844 52.0534 33.9257 34.8814 530 216 2.50295
275 0.983122 0.983122 687 56673 686 33.9589 3.27933 41.8388 28.5468 28.5902 474 213 0.219561
276 0.925319 0.990253 730 71949 728 32.3422 2.60198 43.5123 30.2639 32.3255 549 181 0.292189
277 0.97561 0.981132 682 69002 0 34.783 1.82292 44.472 34.5612 34.9422 533 149 2.16592
278 0.990971 0.969095 587 83958 584 36.6888 0.496061 40.4293 30.432 29.8884 443 144 0.292658
279 0.995475 1 629 64686 0 36.1695 2.60401 46.7025 31.9667 32.1075 442 187 1.83975
280 0.893428 0.998016 743 65760 0 32.3207 4.71144 45.1171 31.7508 35.0698 563 180 2.64897
281 0.979079 1 646 80453 643 38.3621 0.808628 44.9292 30.5386 31.1063 478 168 0.339377
282 0.997442 0.962963 591 42843 590 36.951 1.64937 39.3296 27.1581 26.1961 391 200 0.152615
283 0.977226 0.987448 668 72659 0 38.6377 0.3067 47.7621 34.4568 34.7537 483 185 2.23092
284 0.947368 0.981818 689 58821 686 33.9656 2.37574 44.1704 30.4922 31.6462 513 176 0.232858
285 0.926499 0.983573 705 92017 0 36.5638 0.67241 49.3781 32.4197 34.2729 517 187 2.56592
286 0.915547 0.997908 707 86294 0 36.3412 1.29235 48.0719 31.4672 34.6097 521 186 2.45375
287 0.911071 0.984314 683 66013 679 32.7821 2.68808 40.5985 30.1644 32.3486 551 132 0.235322
288 0.992203 0.990272 715 77869 0 37.0929 1.27417 49.4671 34.7284 34.8403 513 202 2.58224
289 0.932515 0.957983 606 54268 603 33.6098 2.10889 37.7402 29.7881 30.1747 489 117 0.211752
290 0.862786 0.956221 683 90005 681 33.5185 1.68667 43.3264 26.2615 29.3984 481 202 0.325115
291 0.868327 0.977956 703 89319 0 33.7148 2.6564 44.4364 30.8332 35.1787 562 141 2.47426
292 1 0.528736 262 7514 261 10.5129 27.3711 13.9268 13.9268 7.12587 138 124 0.0267268
293 0.947791 0.997886 680 60191 679 33.6805 2.18383 43.7551 28.4682 30.2699 498 182 0.237326
294 0.994987 0.980247 578 65505 577 35.7595 2.25177 39.9859 28.1141 27.728 399 179 0.282699
295 0.935407 0.972637 584 60818 583 32.6678 2.58894 33.5242 23.3885 24.19 418 166 0.260276
296 0.983395 0.981584 690 68957 0 31.3355 4.46079 42.1068 32.8365 32.8847 542 148 2.50751
297 0.954092 0.957916 651 79313 0 35.87 1.05482 40.6232 30.81 31.1006 501 150 2.23813
298 1 0.667421 443 22699 442 22.4824 14.3145 25.2324 25.2324 16.7844 295 148 0.0831606
299 0.945368 0.973105 619 53506 618 25.5967 13.0947 37.6372 25.345 26.1895 421 198 0.209292
300 0.948655 0.941748 606 44547 605 28.9229 7.14102 35.3489 23.936 23.7637 409 197 0.184356
301 0.939203 0.993348 635 62475 634 34.0361 2.31539 40.8465 28.5764 30.4844 477 158 0.241922
302 0.971698 0.895652 756 49266 0 32.7575 3.37037 44.5549 34.8035 32.3853 530 226 2.66944
303 0.887734 1 726 108248 725 34.2584 1.78705 45.4442 25.2889 28.8057 481 245 0.368424
304 0.997738 0.97351 590 76225 588 37.2067 0.643548 39.1477 29.9347 29.1098 442 148 0.281271
305 0.989083 0.995604 633 87628 630 35.6689 1.7071 41.968 29.5069 29.6721 458 175 0.35774
306 0.962637 0.986486 643 86648 0 37.9091 0.460568 46.5387 30.9464 31.841 455 188 2.12628
307 0.983784 0.938144 550 51856 548 38.3979 0.651362 38.236 26.1525 24.7685 370 180 0.206313
308 0.940154 0.972056 662 64788 657 33.7443 1.94279 39.1881 30.3048 31.0865 518 143 0.227735
309 1 0.723312 460 22632 459 19.5584 18.6128 27.5678 27.5678 19.2895 332 128 0.076809
310 1 0.328767 293 10518 292 9.76457 29.5061 15.8625 15.8625 4.96514 96 197 0.0357643
311 0.974522 0.964286 638 64690 635 35.1048 2.35099 40.7975 30.3434 29.8049 471 167 0.221555
312 0.992048 0.978431 705 70400 0 37.8364 0.884559 46.3144 33.1796 32.7322 503 202 2.47977
313 0.905063 0.959732 603 43564 602 32.6384 2.45416 36.661 26.6688 28.5524 474 129 0.155433
314 0.977578 0.977578 658 80370 654 37.9566 0.994389 45.8606 30.5195 30.5394 446 212 0.283288
315 0.930283 0.970455 591 44537 0 34.3134 2.22366 40.8772 30.8106 32.0657 459 132 1.68019
316 0.983254 0.96028 570 33896 569 25.6363 10.5801 34.0068 25.4873 24.8028 418 152 0.136583
317 0.86385 0.946015 608 47176 607 32.2124 2.83594 36.2287 21.0193 23.6523 426 182 0.173184
318 0.958167 0.997925 670 55130 0 33.2962 4.29619 42.1233 30.5663 31.7394 502 168 2.11249
319 0.984655 0.987179 567 62203 566 37.7256 0.405206 37.9453 26.8175 26.8761 391 176 0.206262
320 0.979675 1 632 74812 0 35.6278 1.51013 42.3188 32.6393 33.5476 492 140 1.89693
321 0.936019 0.977723 589 61130 588 34.6909 1.56164 38.4758 26.7848 27.8027 422 167 0.215944
322 0.907621 0.97037 605 74623 604 34.7676 2.18795 40.2948 26.4152 28.0912 433 172 0.261681
323 0.91921 0.986513 692 53877 0 32.638 2.18514 41.8402 31.7836 34.0792 557 135 2.17904
324 0.913295 0.983402 631 51596 630 30.2786 6.05258 37.5002 28.8344 31.2576 519 112 0.192469
325 0.898367 0.984095 717 89110 713 34.6648 1.37445 43.0035 30.3116 33.5084 551 166 0.310614
326 0.963947 0.935543 722 52915 0 31.1164 5.05287 46.0462 35.0182 33.9842 527 195 2.33599
327 0.927966 0.993197 643 59491 642 32.7737 2.38774 39.2127 25.8477 27.9673 472 171 0.224283
328 0.936768 1 658 67324 657 33.1864 3.06374 42.2654 23.565 25.3229 427 231 0.255857
329 0.980507 0.959924 727 71677 0 32.9543 2.65491 43.3531 31.6985 30.9323 513 214 2.41436
330 0.957143 0.987368 660 54404 658 30.8478 7.56758 42.9493 29.7948 30.6713 490 170 0.18683
331 0.925788 0.996008 666 61343 0 33.5463 2.14761 40.623 30.7492 33.0404 539 127 2.05733
332 0.971537 0.948148 713 54418 0 31.4806 3.50262 41.2748 31.5723 30.7523 527 186 2.26539
333 0.953704 0.971698 759 94797 0 35.1995 1.41368 49.7085 35.8761 36.4475 540 219 2.70139
334 0.94523 0.960503 752 100459 0 35.1438 1.25372 49.2623 36.0047 36.7025 566 186 2.64879
335 0.995868 0.985685 632 47989 0 33.832 2.81266 40.1899 30.8931 30.4683 484 148 1.84954
336 0.908184 0.98913 642 61346 639 34.5383 2.31129 40.9094 29.7777 32.1809 501 141 0.20655
337 0.930894 0.987069 710 66647 709 33.5035 1.62485 43.3537 27.3078 28.927 492 218 0.23067
338 0.973621 0.997543 589 39497 588 32.4242 5.89644 39.2243 27.0046 27.6467 417 172 0.141836
339 0.967181 0.982353 639 48192 637 32.268 2.84124 37.9115 30.1644 30.7488 518 121 0.191818
340 0.958333 0.932432 601 62010 598 34.6518 5.31094 39.6077 30.0409 29.2728 432 169 0.208278
341 0.992823 0.971897 615 41729 614 29.0603 9.22914 39.5005 27.7843 27.143 418 197 0.148766
342 0.954128 0.983452 598 34425 597 22.7611 14.636 33.6169 24.2624 25.0303 436 162 0.120622
343 0.953545 0.977444 578 59278 577 35.5013 1.93692 38.6804 26.7237 27.4749 409 169 0.198282
344 0.96124 0.976378 685 76108 0 34.0648 2.07123 44.5388 32.4093 32.9777 516 169 2.21837
345 0.939076 0.988938 682 84835 681 33.8631 1.45692 42.564 27.7063 28.9919 476 206 0.293318
346 0.95112 0.995736 590 48296 589 31.0616 5.44298 35.6029 28.7879 30.0089 491 99 0.163316
347 0.951402 0.982625 739 63816 0 31.0308 6.01998 47.2254 32.8114 34.1303 535 204 2.44612
348 0.918561 0.99182 680 60067 678 33.6757 2.48702 42.2962 30.5482 33.0166 528 152 0.222427
349 0.876858 0.949425 671 70651 669 33.478 2.06941 40.6644 24.4257 26.2346 471 200 0.248162
350 0.908163 0.939314 579 54375 578 36.5778 0.589942 39.0084 25.5429 26.4481 392 187 0.189658
351 0.8112 0.998031 768 77052 765 34.1007 1.85753 45.9499 28.3143 36.2691 625 143 0.304552
352 0.991525 0.997868 662 91982 0 38.6627 0.830356 47.8858 31.3044 31.472 472 190 2.14382
353 0.957711 0.964912 606 78627 605 32.7858 2.7808 37.7504 23.1562 23.1207 402 204 0.263389
354 0.97006 0.983806 694 71839 692 34.862 1.4177 44.7309 30.4409 30.7757 501 193 0.239094
355 0.982063 0.99095 670 105579 667 37.6364 0.832052 49.251 29.9423 30.2089 446 223 0.383843
356 0.951493 0.89317 720 91453 0 33.1847 1.87208 41.9311 33.4448 31.8225 536 184 2.46595
357 0.889117 0.962222 631 61639 630 32.1876 2.45489 37.2396 26.994 29.1998 487 144 0.2078
358 0.977358 0.998073 755 71423 0 37.0047 1.9326 55.4763 35.0806 35.932 530 225 2.55344
359 0.995536 1 605 71802 0 38.9575 0.445789 44.6269 31.1405 31.2584 448 157 1.777
360 0.93617 1 726 73696 0 36.8036 1.22946 49.0818 33.7919 35.7425 564 162 2.3705
361 0.966549 1 769 81504 0 35.4436 2.14705 48.462 33.973 35.054 568 201 2.68359
362 0.983299 0.995772 625 82198 0 36.9701 0.826022 41.2125 31.9448 32.4651 479 146 1.9116
363 0.962877 0.988095 623 68430 622 34.262 2.09429 39.2929 26.2984 26.9113 431 192 0.254438
364 0.913793 0.959276 613 42989 612 31.8977 3.36792 37.5082 27.3703 28.9226 464 149 0.150907
365 0.907725 0.952703 619 80879 618 34.9904 1.37486 39.0976 27.8482 29.297 466 153 0.29712
366 0.979048 0.966165 693 58542 0 32.4792 4.28085 43.08 32.8065 32.2576 525 168 2.22718
367 0.958855 0.962298 715 95798 0 33.2702 2.19521 42.0998 33.172 33.2945 559 156 2.48123
368 0.89539 0.990196 720 72429 715 32.7205 3.26087 42.8504 30.5678 33.6001 564 156 0.270879
369 0.931559 1 527 31784 523 24.7888 13.8177 32.1849 30.2324 32.1849 526 1 0.115245
370 0.991803 0.923664 512 54423 511 36.9261 1.01733 33.7316 26.0187 24.4184 366 146 0.19186
371 0.940351 0.998138 710 60357 0 33.1267 1.96091 44.4024 33.7953 35.8795 570 140 2.25989
372 0.891111 0.963942 612 59086 611 32.4857 4.03163 39.4007 26.6198 28.5933 450 162 0.20106
373 0.975518 0.948718 704 52963 0 33.8908 2.55949 45.2452 34.9787 33.78 531 173 2.26467
374 0.935167 0.987552 679 86037 677 34.0801 2.15499 42.2423 28.5682 29.9728 509 169 0.291761
375 0.978764 0.984466 670 79711 0 35.3289 1.82645 43.3816 34.0418 34.2273 518 152 2.13612
376 0.874763 0.980851 682 105011 0 35.0302 1.872 43.8221 31.0964 34.7173 527 154 2.30513
377 1 0.320346 232 6404 231 9.58969 29.2412 12.1514 12.1514 3.66543 74 158 0.0205908
378 0.923445 0.901869 597 50825 595 32.7648 2.64657 35.8517 24.6606 24.064 418 179 0.174222
379 0.934122 0.973592 743 80947 0 34.7277 2.61916 49.7096 38.2003 39.7688 592 151 2.53827
380 0.982759 0.97555 522 54783 520 36.6184 1.09074 37.3632 29.1943 28.9943 406 116 0.203055
381 1 0.658777 508 31713 507 22.1707 14.225 29.8513 29.8513 19.1301 334 174 0.113033
382 0.931111 0.929047 592 48890 591 32.2401 1.82632 36.1248 27.35 27.753 450 142 0.194823
383 0.973856 0.953092 655 54653 651 33.4585 2.75891 43.0443 30.2593 29.7148 459 196 0.212401
384 0.985567 0.987603 591 54638 589 34.9885 1.15448 36.6884 30.1523 30.3423 485 106 0.187601
385 0.951076 0.991837 684 88173 0 34.3905 2.57406 46.9395 31.699 33.2342 511 173 2.22517
386 0.984375 0.995485 620 77724 617 37.9961 0.704107 43.6457 29.7068 29.9889 448 172 0.260745
387 0.906643 0.965583 773 100349 0 33.71 2.43116 46.5991 31.3345 33.4744 557 216 2.81185
388 0.909556 0.96558 745 129047 0 34.6561 1.00307 47.4394 35.2737 37.6902 586 159 2.75004
389 0.921507 0.994915 816 85206 0 34.3693 1.95277 47.4798 33.2315 36.2338 637 179 3.05468
390 0.926573 1 751 74671 0 36.2706 2.23961 51.0818 34.2442 36.6578 572 179 2.6332
391 0.990868 0.966592 594 78291 591 35.8506 1.29533 40.0726 30.3483 29.6242 438 156 0.274448
392 0.97314 0.945783 660 93857 657 32.2378 2.9255 40.4282 30.082 29.3933 484 176 0.32378
393 0.916376 0.998102 693 45374 0 28.7253 7.19914 40.7719 31.1202 33.7824 574 119 2.13901
394 0.933092 0.953789 741 118772 0 34.9967 1.13229 44.4245 32.9116 33.5808 553 188 2.75581
395 0.946257 0.987976 709 85043 707 36.6664 0.430228 46.7076 29.807 31.1398 521 188 0.284448
396 0.989201 0.987069 635 65135 634 36.9637 0.896891 41.8507 28.3517 28.4758 463 172 0.221927
397 1 0.831349 505 28451 504 26.019 9.01694 28.0563 28.0563 22.8325 419 86 0.0955942
398 0.961165 0.980198 521 36918 520 30.567 5.03835 33.3042 25.5348 26.0964 412 109 0.124765
399 0.960159 0.969819 648 50222 646 32.445 4.38655 39.7701 30.4743 30.613 502 146 0.172682
400 0.976654 0.994059 695 100251 0 35.1512 1.76379 46.8214 34.1362 34.8263 514 181 2.35422
401 0.948718 1 646 92534 0 35.3259 1.59847 41.7289 30.9331 32.6168 507 139 2.05682
402 0.936759 0.97732 662 80286 659 30.7121 6.1932 40.367 30.3646 31.4544 506 156 0.274072
403 0.908451 0.996139 754 76825 0 33.092 3.23082 50.2275 33.4368 36.9592 568 186 2.64539
404 0.902153 0.936992 701 77453 696 33.8169 1.71878 42.668 30.1991 31.2355 511 190 0.292977
405 0.932406 0.938 718 108110 0 36.0888 1.01794 47.2763 32.5031 32.7103 503 215 2.57014
406 0.930018 0.986328 686 72668 0 34.6276 1.86015 43.0549 31.4299 33.0409 543 143 2.23725
407 0.942029 0.970149 747 84775 0 34.5142 1.49125 46.4242 32.8356 33.9564 552 195 2.70882
408 0.951644 0.985972 701 96336 699 32.366 3.84864 42.7549 29.9937 31.0367 517 184 0.356228
409 0.953878 0.995624 627 59356 0 35.3767 1.83284 41.3866 30.842 32.0503 477 150 1.80179
410 0.97557 0.970827 764 80687 0 34.4063 2.35364 47.6522 39.161 39.0425 614 150 2.71994
411 0.916832 0.989316 651 91662 650 33.882 1.55329 40.6177 29.1336 31.497 505 146 0.334999
412 0.958984 0.92467 739 81184 0 34.0765 2.5148 45.534 32.1894 30.7388 512 227 2.54937
413 0.972277 0.991919 667 63603 0 34.8075 2.07652 42.8222 31.2572 31.8035 505 162 2.06679
414 0.925182 0.982558 748 94651 0 34.3257 2.316 47.6915 32.4954 34.5411 548 200 2.57732
415 0.953358 1 706 65831 0 36.5351 1.4879 48.0543 32.7813 34.3621 536 170 2.29653
416 0.949904 0.99596 718 80935 715 34.8657 2.43822 43.9311 30.0942 31.8095 519 199 0.279713
417 0.948775 0.993007 630 78219 629 36.5781 1.96965 45.2201 29.2086 30.5699 449 181 0.265457
418 0.903879 0.985294 771 71153 0 34.4108 2.13417 47.5255 33.6501 36.3233 593 178 2.70144
419 0.917969 0.945674 649 58976 647 32.5467 2.76942 39.2188 29.8007 31.0243 512 137 0.204677
420 0.970339 0.984946 677 51116 676 29.5753 7.20019 39.9422 26.9838 27.3511 472 205 0.176712
421 0.967213 0.988827 738 73123 0 35.3454 1.62851 48.8331 36.1154 37.0181 549 189 2.48504
422 0.937864 0.981707 679 70502 0 35.4761 1.26099 48.0624 33.3655 35.0962 515 164 2.26036
423 0.984479 0.940678 548 46147 546 32.8287 2.96379 34.5568 29.815 28.5257 451 97 0.154117
424 0.997821 0.976546 612 44081 611 27.8472 9.80093 38.0317 29.3788 28.8033 459 153 0.159364
425 0.934426 0.980645 671 88203 669 35.1408 1.05291 41.8728 29.2293 30.792 488 183 0.30242
426 0.969697 0.97166 680 69010 678 34.0785 1.89761 40.5608 29.371 29.4439 495 185 0.242145
427 0.995526 0.991091 621 89551 0 35.1087 2.34414 44.2668 31.905 31.7874 447 174 1.96847
428 1 0.289199 288 10200 287 9.86799 30.0406 16.1376 16.1376 4.32583 83 205 0.0458206
429 0.992278 0.998058 659 53810 0 32.0775 4.85414 41.0242 32.6108 32.8158 518 141 2.06381
430 0.880325 0.962306 621 59788 620 32.4714 3.2912 37.9057 27.2283 29.8986 493 128 0.204658
431 0.94898 0.995413 847 98812 0 36.3784 1.55291 53.9997 40.6174 43.0773 686 161 3.37338
432 0.963462 1 741 56258 740 30.3802 6.08603 41.5605 29.017 30.0041 520 221 0.202723
433 0.978632 0.980728 686 114274 0 35.7031 1.59191 45.1321 30.7317 30.7868 468 218 2.31678
434 0.983092 0.97136 601 53436 600 30.6976 6.84727 38.0295 26.35 25.9552 414 187 0.186408
435 0.946296 0.99031 631 109181 0 31.9341 5.56689 42.5936 34.7202 36.3713 540 91 2.12374
436 0.927273 1 698 86968 697 34.3122 2.00284 45.712 27.7841 29.9336 495 203 0.323602
437 0.940928 0.971678 696 65626 695 34.2596 1.76823 42.7034 27.6548 28.3345 474 222 0.240857
438 0.946396 0.982726 730 56239 0 33.2956 2.80695 45.1518 31.9332 33.3815 541 189 2.46608
439 0.98022 0.965368 609 57973 0 32.8642 3.87389 42.4485 31.5092 30.9137 455 154 1.77823
440 0.956175 0.97561 699 78387 0 36.7754 1.11804 49.0797 34.3341 35.1188 502 197 2.30182
441 0.992958 0.954853 630 60631 629 35.5252 1.20935 40.4294 28.6639 27.5367 426 204 0.229819
442 0.958904 0.92511 606 76294 603 35.1286 1.97974 40.5642 30.4596 29.3591 438 168 0.293007
443 0.97931 0.993007 603 85123 602 35.8271 0.484409 40.6704 27.9967 28.3312 435 168 0.345194
444 0.935294 1 694 63745 0 37.7662 0.609105 47.2834 30.7134 32.7994 510 184 2.24373
445 0.866785 0.974052 722 91165 719 33.5906 1.47911 42.0246 29.9069 33.2014 563 159 0.361537
446 0.914661 0.958716 596 59281 594 33.6845 1.45062 36.9981 27.1219 28.1827 457 139 0.215402
447 0.973306 0.911538 695 105730 0 33.9093 2.35405 45.3058 33.2799 30.5592 487 208 2.42561
448 0.950108 0.977679 624 85497 623 32.2028 4.38194 40.5998 28.1114 28.9102 461 163 0.292459
449 0.963602 0.971042 714 90947 0 36.2484 0.778955 48.0428 35.0964 35.2933 522 192 2.49146
450 0.967677 0.997917 663 58050 660 32.2074 2.41174 38.7237 27.823 28.7686 495 168 0.229494
451 0.921162 0.973684 693 76071 692 32.8176 2.50849 39.6594 26.2204 28.0856 482 211 0.304265
452 0.982922 0.953959 709 76882 0 37.4167 1.51002 47.861 37.4553 36.2688 527 182 2.34916
453 0.948478 0.992647 572 50976 571 35.5242 1.47011 38.8148 28.0609 29.3561 427 145 0.203792
454 0.954167 0.962185 651 58075 648 36.0237 0.831492 41.1867 30.0056 30.1949 480 171 0.204649
455 0.982885 0.937063 541 75339 538 35.6347 1.32878 37.0901 30.0098 28.5778 409 132 0.263573
456 0.955947 0.960177 617 50866 616 31.5173 3.39358 38.7577 27.5232 27.6266 454 163 0.182108
457 0.982183 0.997738 661 71586 660 34.8512 2.23247 44.6154 28.5694 29.297 449 212 0.259391
458 0.958333 0.911894 581 42985 579 32.28 2.52443 32.6003 25.3572 23.9391 432 149 0.176803
459 0.970149 0.93047 653 84453 0 36.9415 0.867758 45.026 34.006 32.5404 469 184 2.14867
460 0.993421 0.976293 610 82290 0 37.8914 0.774805 42.9945 32.9852 32.359 456 154 1.91159
461 0.992147 0.885514 582 65764 579 37.4487 0.623738 40.5807 30.3042 27.4488 382 199 0.233495
462 0.936057 0.992467 729 50614 726 29.4635 6.5518 41.4815 29.7459 31.565 563 166 0.196335
463 0.950935 0.933486 565 39840 564 33.5213 2.25204 36.8185 28.5738 27.8506 428 137 0.153351
464 0.943798 0.98583 699 80904 697 33.9044 2.10565 42.403 30.2742 31.4415 516 183 0.321376
465 0.951128 0.988281 715 84252 0 36.8178 1.15144 50.9304 36.9288 38.2894 532 183 2.37426
466 0.937833 0.992481 713 52831 0 33.4693 2.59775 46.0723 32.735 34.5862 563 150 2.32128
467 0.9279 0.962602 816 73246 0 34.8353 2.29848 50.1092 37.8677 39.493 638 178 2.99315
468 0.973737 1 682 66089 681 33.1537 4.74129 44.2961 28.6833 29.5626 495 187 0.24698
469 0.924843 0.919087 665 85218 0 34.9106 1.56203 42.6765 31.0933 31.3146 479 186 2.14711
470 0.920518 0.948571 726 74124 0 33.5749 3.03966 45.826 33.0302 34.0715 541 185 2.38824
471 0.936992 0.99568 631 40119 630 28.1754 8.73841 37.1874 27.5386 29.5239 492 139 0.144943
472 1 0.652941 511 30375 510 25.6363 10.065 28.9305 28.9305 18.5941 333 178 0.100705
473 0.818493 1 801 69224 799 33.0792 2.82039 45.9997 26.7169 32.3752 584 217 0.296869
474 1 0.836186 606 43949 605 37.5145 1.49094 39.7881 27.4399 23.1393 342 264 0.170072
475 0.928571 0.983193 660 78426 0 32.1654 4.36775 42.7594 30.6271 32.6213 504 156 2.08422
476 0.998051 0.998051 702 93852 0 36.815 1.39718 47.4602 34.6016 34.6255 513 189 2.4201
477 0.920177 0.997596 556 38354 555 26.1702 9.66311 32.1586 24.0878 26.5187 451 105 0.164163
478 0.971645 0.994197 685 102642 0 35.1755 1.23848 44.8051 34.3695 35.2406 529 156 2.29754
479 0.90287 0.978469 608 72105 606 34.0477 2.61032 38.7459 26.334 28.6436 453 155 0.289827
480 0.937644 0.997543 631 38213 630 29.1158 5.37203 36.5436 22.9181 24.7698 433 198 0.142215
481 0.975556 0.984305 611 42535 610 29.1178 6.31966 35.2898 26.287 26.357 450 161 0.1511
482 0.953358 0.998047 678 49437 677 31.5906 4.13995 39.7462 29.1458 31.0477 536 142 0.183422
483 0.939609 0.976015 757 71781 0 34.6759 1.65557 45.3881 32.1429 33.5592 563 194 2.6813
484 0.903955 0.912548 722 92952 0 34.14 1.17671 43.4662 31.266 31.6074 531 191 2.53945
485 1 0.454545 287 9717 286 12.0604 27.7225 15.9962 15.9962 7.00489 130 157 0.0378036
486 0.98249 0.978682 718 90254 0 35.1863 1.35298 44.7401 32.5171 32.2944 514 204 2.52679
487 0.981383 0.943734 573 80061 571 37.5915 0.678481 38.6144 26.5604 25.6216 376 197 0.282334
488 0.955844 0.92 550 29478 549 25.6922 11.1187 34.3595 24.5994 23.5486 385 165 0.118103
489 0.942116 0.963265 711 92134 708 35.1775 1.2239 46.3652 30.0682 30.8434 501 210 0.332093
490 0.917939 1 685 80055 0 36.2808 1.30256 46.6405 31.0437 33.9714 524 161 2.27156
491 0.884091 0.921801 643 69817 642 31.949 2.80384 37.2826 24.2691 25.2577 440 203 0.245492
492 0.894273 0.973621 621 56669 620 31.7241 3.28769 37.1937 25.2184 27.343 454 167 0.200014
493 0.876692 1 851 98032 0 35.8609 2.02052 54.8731 35.3609 40.0811 665 186 3.3784
494 0.925843 0.992771 628 44683 627 32.4054 3.1397 36.5275 23.9111 25.6199 445 183 0.163846
495 0.996016 0.956023 672 72321 0 30.2052 7.01759 41.6525 32.4482 31.1057 502 170 2.13923
496 0.977974 0.95279 661 91574 659 34.5311 1.93383 42.1656 29.7851 28.9006 454 207 0.316857
497 0.985537 0.937132 684 50464 681 32.585 2.4496 41.1682 30.5425 28.7904 484 200 0.187403
498 0.958029 0.956284 727 87659 0 35.4075 0.925959 47.2548 35.4902 35.9638 548 179 2.55272
499 0.963964 1 742 78237 0 35.3506 1.30298 50.9449 35.5942 37.0732 555 187 2.54549
500 0.956364 0.983178 734 68931 0 34.0749 1.62761 44.6549 32.7177 33.6459 550 184 2.51648
501 0.95068 0.992895 771 100818 0 35.6382 1.87158 52.198 34.944 36.553 588 183 2.84168
502 0.978417 0.942263 639 60725 636 35.7369 2.07016 43.9003 29.7215 28.3126 417 222 0.226652
503 0.986301 0.950943 656 41429 654 28.6874 6.38773 37.2969 30.1659 29.2867 511 145 0.154493
504 0.943867 0.989107 640 58187 639 33.8815 2.83795 39.6646 27.2345 28.5536 481 159 0.203709
505 0.952675 0.952675 706 58835 702 33.3497 2.57066 43.8801 30.0254 30.0737 486 220 0.212528
506 0.947699 0.909639 684 79905 0 33.798 3.86675 44.576 32.6285 31.3575 478 206 2.21212
507 0.957565 0.977401 756 77415 0 34.334 1.4497 46.0211 31.6942 32.6252 542 214 2.6785
508 0.913732 1 748 111396 0 35.7297 1.57175 47.4833 31.4939 34.4382 568 180 2.68947
509 0.997647 0.905983 628 68017 626 36.2166 0.980306 41.0015 30.3398 27.6427 425 203 0.259781
510 1 0.547468 317 10463 316 17.0947 21.5641 18.4208 18.4208 10.1413 173 144 0.0373592
511 0.99211 0.984344 706 92653 0 34.9381 2.04676 46.7332 34.279 34.0347 507 199 2.42102
512 0.980132 0.973684 577 50923 575 31.5937 2.85871 31.7006 24.9237 24.6072 453 124 0.17691
513 0.935417 0.984649 658 63309 655 35.3135 1.71917 42.8272 29.7837 31.0605 480 178 0.246001
514 0.934233 0.975352 817 84937 0 35.7033 1.329 54.5699 37.8596 39.6261 593 224 3.11175
515 0.994208 0.979087 671 74072 0 36.2647 1.0568 44.0368 34.3703 33.7986 518 153 2.20498
516 0.965909 0.956848 660 93382 0 33.713 2.7232 43.1139 35.214 34.9443 528 131 2.22099
517 0.889098 0.934783 732 83734 0 35.0234 2.01108 51.3666 36.0092 37.9748 532 200 2.51585
518 0.973913 0.985915 745 78104 0 31.4792 4.00257 44.8327 34.2193 34.8466 575 170 2.6093
519 0.934183 0.942184 694 76311 693 33.0084 3.0235 43.379 28.8048 29.0145 471 223 0.265656
520 0.974052 0.985859 728 68799 725 34.8207 1.06201 47.2255 30.5381 31.1503 501 227 0.242472
521 0.939891 1 632 40771 0 32.0138 4.32052 38.6237 31.7261 33.6725 549 83 1.84461
522 0.953908 0.97541 668 64728 0 35.9682 0.68248 43.9752 32.1468 32.8188 499 169 2.07039
523 0.859073 0.988889 672 58355 671 31.5911 3.52299 37.2712 25.5366 29.4071 518 154 0.208284
524 0.97973 0.96882 591 42520 590 32.8902 2.7173 35.9006 26.9937 26.827 444 147 0.150411
525 0.95302 0.974828 596 64007 0 37.2311 0.851749 42.79 31.2223 32.2297 447 149 1.68219
526 0.942056 0.933333 726 59482 0 33.6235 2.70382 45.4326 32.9259 32.5995 535 191 2.42583
527 1 0.981073 496 27040 495 22.1923 15.924 32.1409 18.7775 18.4321 311 185 0.0984861
528 0.809449 0.946593 775 71290 0 34.0025 1.91696 46.1001 32.6255 38.5535 635 140 2.75692
529 0.986517 0.993213 584 44984 583 33.8507 1.33022 37.0964 27.9382 28.1205 445 139 0.155749
530 0.998043 0.998043 657 92436 0 35.6269 3.14582 46.2037 35.9193 35.8954 511 146 2.12494
531 0.893189 0.993115 794 92684 0 35.4253 1.45575 50.7253 36.7763 40.35 646 148 2.93806
532 0.995261 0.988235 608 48385 607 36.0688 1.17267 40.0719 28.3532 28.1644 422 186 0.173488
533 0.977819 0.996234 665 42088 0 31.877 2.18961 39.0327 30.6799 31.2564 541 124 1.9944
534 0.981982 0.993166 612 46546 609 34.0076 4.20022 42.1025 30.3099 30.6374 444 168 0.16437
535 1 0.549528 425 15549 424 16.352 22.0067 24.6199 24.6199 13.0289 233 192 0.0542916
536 0.908425 0.988048 726 107824 0 34.1456 3.2435 46.8265 31.7385 34.3718 546 180 2.59073
537 0.971154 0.954631 710 94832 0 35.3993 1.35773 45.2676 33.844 33.0609 520 190 2.45412
538 0.931442 0.97284 604 36567 603 31.7864 3.87149 38.0013 25.0738 26.3179 423 181 0.143813
539 0.934959 1 603 39395 602 25.6585 11.0901 35.8231 27.0855 29.1344 492 111 0.185842
540 0.9783 0.962633 695 73761 0 32.4887 3.99472 43.6315 35.9721 35.5364 553 142 2.24373
541 0.976744 0.988235 705 70638 0 36.5704 0.701813 47.7713 33.4644 33.8363 516 189 2.32597
542 0.980149 0.992462 576 89894 574 38.854 0.357879 42.6077 27.6025 27.8997 403 173 0.323559
543 0.957983 0.978541 637 76239 633 33.9219 2.55655 41.5225 30.4501 31.0628 476 161 0.278154
544 0.992063 0.945537 795 101339 0 30.1684 5.96099 45.5784 38.8092 36.7975 630 165 2.95254
545 0.983486 0.990758 711 74964 0 34.4078 2.83107 48.7852 36.8326 37.1548 545 166 2.41482
546 0.941176 0.979592 650 83162 647 33.169 1.93009 41.5616 30.2975 31.8978 510 140 0.280652
547 0.880716 0.975771 717 78301 716 34.3181 2.02987 44.167 27.4943 30.3847 503 214 0.281667
548 0.902676 0.994638 601 45527 600 33.1546 2.76798 38.3415 23.3585 25.6822 411 190 0.165354
549 0.958188 0.978648 782 86955 0 32.0643 5.36188 51.1198 34.7617 35.381 574 208 2.82197
550 0.99422 0.977273 738 80218 0 33.5327 3.48532 45.6223 33.3081 32.5298 519 219 2.52975
551 0.98 1 540 47588 537 35.663 1.26004 36.4311 26.19 26.7041 400 140 0.171644
552 0.98227 0.991055 744 99854 0 32.4331 4.42501 47.4133 36.0095 36.3204 564 180 2.7055
553 0.97037 0.953883 544 77364 543 35.0036 1.93427 37.1724 28.611 27.9149 405 139 0.263269
554 0.985714 0.992806 577 71293 576 36.7234 1.06167 39.4095 28.096 28.3049 420 157 0.245187
555 0.927856 0.97065 621 44274 620 32.5197 3.24916 36.4454 28.144 29.5003 499 122 0.15647
556 0.947566 0.986355 748 98960 745 33.3548 2.73845 45.5846 30.0963 31.6251 534 214 0.371971
557 0.954183 1 677 65582 675 28.1774 9.32542 42.6059 30.3794 31.8328 502 175 0.235983
558 0.982222 1 615 62996 614 37.625 0.297425 42.6116 28.5257 29.0079 450 165 0.218578
559 0.866126 0.963883 692 61500 690 32.9849 2.58843 41.8204 26.3212 29.6452 493 199 0.226515
560 0.962094 0.96036 649 48610 0 31.5377 5.99999 42.6364 36.661 36.3328 554 95 1.9911
561 0.986577 0.962882 636 83046 0 37.5616 1.24682 43.2445 31.7499 31.0302 447 189 1.95669
562 0.951583 0.925725 723 93504 0 36.516 1.36696 45.9725 34.8578 34.385 537 186 2.54869
563 0.934066 0.990291 672 62000 0 33.2271 2.36535 40.0642 30.8649 32.66 546 126 2.08591
564 0.977099 0.979592 560 73649 559 35.5701 1.57094 37.6832 26.4644 26.6768 393 167 0.263462
565 0.941696 0.958633 727 72405 0 29.2602 6.48327 43.0255 32.5661 33.2974 566 161 2.50511
566 0.913043 0.975758 690 83421 687 31.8959 4.51192 40.2051 29.025 30.9973 529 161 0.296472
567 0.991247 1 672 81377 0 37.62 1.21297 47.9579 31.8981 32.1553 457 215 2.17237
568 1 0.976134 556 44430 555 34.1643 5.18328 37.3165 27.8131 27.0509 409 147 0.168767
569 0.954212 0.970205 669 62499 0 33.6423 2.65354 41.0508 32.2416 32.8812 546 123 2.08522
570 0.970339 0.917836 641 85658 0 32.3091 4.21117 41.3633 32.0284 30.4062 472 169 2.03049
571 0.878049 0.993103 594 47338 593 32.1276 2.01298 35.4767 25.6576 29.2735 492 102 0.184659
572 0.99345 0.98913 624 65916 0 38.0507 0.518436 44.0272 33.0158 32.8761 458 166 1.90685
573 0.96888 1 678 74991 0 35.5033 1.54027 46.0408 31.8653 32.7808 482 196 2.15973
574 0.887789 0.947183 521 48498 520 24.5587 11.9072 30.6558 16.4832 17.6665 303 218 0.177176
575 0.976834 1 726 79800 0 35.9363 1.85988 48.8957 31.8788 32.5508 518 208 2.4685
576 0.967593 0.904762 634 88676 631 36.2216 1.14353 39.9613 29.1726 27.2552 432 201 0.309818
577 0.991837 0.920455 690 77377 0 37.2845 0.850609 47.8987 36.6902 34.1311 490 200 2.26316
578 0.916988 0.987526 652 88724 649 32.8489 2.43487 40.1796 30.0751 32.2404 518 134 0.30325
579 0.988024 0.997984 631 74412 0 33.1947 1.77144 39.8871 31.3078 31.7344 501 130 1.92248
580 0.952381 0.988764 641 71409 639 34.2674 1.28186 39.138 27.1061 28.2112 462 179 0.249113
581 1 0.333333 310 11608 309 11.4928 28.4267 18.2144 18.2144 5.51767 103 207 0.0383328
582 0.967105 0.967105 588 61820 587 33.002 2.93763 37.3904 28.9787 28.9787 456 132 0.213548
583 0.982524 0.988281 731 76679 0 35.2168 0.755681 46.5113 32.7858 33.0156 515 216 2.51362
584 0.982716 0.995 574 50806 573 36.9137 1.20848 39.5743 26.5957 26.9137 405 169 0.1791
585 0.993088 0.988532 606 64495 605 33.5101 2.85818 38.5894 26.9541 26.8287 434 172 0.226634
586 0.914894 1 640 73943 639 33.3792 3.17365 39.5751 23.5585 25.6466 423 217 0.28204
587 0.98783 0.997951 657 58168 0 33.8053 5.06422 43.5828 32.2464 32.7503 493 164 1.96957
588 0.983505 0.977459 614 83439 612 32.7304 2.98825 36.9726 29.3921 29.262 485 128 0.303232
589 0.973934 0.995157 611 64087 610 35.1348 2.13755 40.416 25.2377 26.0287 422 189 0.254348
590 0.834728 0.892617 683 57824 679 36.5263 2.09623 46.1871 29.8215 30.7015 478 205 0.221768
591 0.987421 0.98125 679 62552 677 34.4602 2.0974 42.7495 29.8898 29.6661 477 202 0.215622
592 0.964029 0.971014 587 46886 586 32.0042 2.01671 35.1916 25.0056 25.2184 417 170 0.167665
593 0.961945 0.99345 595 71448 594 34.1127 1.68471 37.6665 28.6047 29.4828 473 122 0.245888
594 0.945355 0.97191 706 125784 0 34.4545 1.62078 45.3936 34.0141 34.969 549 157 2.49309
595 0.909314 0.956186 587 75194 586 31.2495 4.37387 36.0583 23.9843 25.2213 408 179 0.284415
596 0.981439 0.981439 653 54388 650 37.1958 1.21612 46.3302 29.8421 29.6948 431 222 0.191582
597 0.986381 0.992172 663 54650 661 30.5222 5.17311 38.7555 30.1412 30.2631 514 149 0.205136
598 0.969466 0.978805 669 50634 0 34.7569 1.93481 40.6924 30.9889 31.2344 524 145 2.06459
599 0.954106 0.96577 631 52369 630 27.4742 10.0426 36.4143 23.0402 23.3596 414 217 0.184207
600 0.93499 1 679 66670 0 36.1225 2.5334 48.0575 33.4804 35.4867 523 156 2.16559
601 0.963883 0.993023 621 66190 620 34.2253 2.39209 39.5443 27.3451 28.0992 443 178 0.265019
602 0.876686 0.980603 710 87307 707 33.5903 1.83445 45.5041 29.254 33.059 519 191 0.32642
603 0.94877 0.997845 655 100064 0 36.1451 1.19909 43.5304 30.6218 32.2401 488 167 2.14433
604 0.985263 0.981132 604 67113 600 32.4202 3.1609 39.2295 29.9272 29.7785 475 128 0.233531
605 0.976987 1 633 68167 631 33.1116 2.41433 38.6103 28.4718 29.1066 478 154 0.235109
606 0.981443 0.997904 641 57793 639 33.0924 3.54102 39.8793 30.2065 30.6776 485 156 0.195677
607 0.943089 0.989339 670 77339 669 34.2519 1.55998 43.0898 28.867 30.2876 492 178 0.298858
608 0.987037 0.926957 727 57816 0 32.5772 2.73729 42.72 33.8565 31.6529 540 187 2.48506
609 0.887588 0.989556 562 33485 561 27.7897 8.84076 31.7981 21.3362 23.7442 427 135 0.122227
610 0.967213 0.927308 719 115079 0 36.7135 0.959459 49.8628 33.671 32.771 488 231 2.5534
611 0.979362 0.988636 696 71824 0 33.5824 2.11835 40.9003 30.7784 31.0435 533 163 2.28152
612 0.880859 1 711 67094 710 34.301 1.83559 45.8081 26.5999 30.3118 512 199 0.23659
613 0.965116 0.997996 680 74048 677 33.6851 2.08092 42.1952 29.8996 30.8434 516 164 0.261061
614 0.889845 0.990421 706 65468 0 33.5922 1.9643 42.4719 31.7596 35.4326 581 125 2.27245
615 0.971487 0.985537 655 51197 653 30.5911 5.49468 39.9361 28.7312 29.2209 491 164 0.199016
616 0.979638 0.96868 553 30400 552 29.9567 4.55867 31.252 24.874 24.5696 442 111 0.111346
617 0.987469 0.968059 526 59278 524 36.553 0.618751 35.6086 27.4612 27.2213 399 127 0.202242
618 0.917939 1 738 78585 736 30.92 7.22691 49.4489 28.965 31.6049 524 214 0.28356
619 0.910233 1 727 82219 0 35.0518 1.23496 47.4192 32.8767 35.801 557 170 2.47898
620 1 0.298932 282 10709 281 10.7698 28.8392 15.9261 15.9261 4.23455 84 198 0.0348151
621 0.997895 0.995798 677 72326 0 35.9772 1.51896 45.4224 31.3571 31.302 475 202 2.18917
622 0.927039 0.915254 704 73758 698 32.0741 3.90181 43.8949 29.7503 29.0778 466 238 0.271799
623 0.987469 0.938095 605 43160 604 24.6009 13.6457 37.5677 25.1022 23.9084 399 206 0.15215
624 0.985816 0.952055 590 48222 589 32.9 5.9156 38.5828 28.7439 27.5522 423 167 0.167147
625 1 0.511468 437 20064 436 17.1694 21.5479 26.3796 26.3796 12.9835 223 214 0.0674875
626 0.930649 1 625 57512 624 32.759 2.2055 37.4189 23.7465 25.5802 447 178 0.225291
627 0.907489 0.955916 629 65122 628 31.0182 3.68864 38.3699 25.9185 26.9052 454 175 0.227684
628 0.957746 0.948837 604 52723 603 32.8582 2.2794 35.8229 26.0278 25.6908 426 178 0.18325
629 1 0.398907 367 16103 366 15.0956 23.7248 22.0353 22.0353 8.18471 146 221 0.0531546
630 0.966957 0.987567 767 106028 0 31.4034 6.66526 48.0733 35.7057 36.3388 575 192 2.84142
631 0.942529 0.964706 629 69212 0 34.3979 1.56391 39.7763 32.207 32.6903 522 107 1.9067
632 1 0.997881 601 56984 0 36.6103 1.2149 41.3059 32.2142 32.1573 471 130 1.73114
633 0.951904 0.987526 658 78166 0 34.9196 1.55192 41.4107 30.6102 31.7476 499 159 2.08964
634 0.942857 0.99784 664 63605 663 36.0073 1.36914 44.4355 28.6517 30.2324 490 174 0.220095
635 0.989496 0.971134 643 74122 0 36.1526 1.26463 41.8989 30.9346 30.4525 476 167 2.02242
636 0.939203 1 625 59224 623 35.8942 1.21688 43.2129 28.0511 29.8951 477 148 0.20688
637 0.95679 0.991471 639 69435 638 33.1213 2.34285 38.168 28.021 29.1525 486 153 0.242446
638 0.954825 0.96875 657 78033 656 32.8807 2.66758 41.4427 28.6712 29.2964 487 170 0.267992
639 0.974806 0.986275 683 93001 0 35.4296 1.90841 42.9355 31.8978 32.2566 516 167 2.25834
640 0.962891 0.993952 634 65004 0 35.3055 2.64839 42.7423 34.0527 35.0007 512 122 1.94379
641 0.980645 0.991304 606 58763 0 32.9099 3.97541 39.7698 30.7654 31.0452 465 141 1.71366
642 0.969697 0.982456 564 28347 563 31.4634 3.98704 33.6919 27.3755 27.7052 462 102 0.10319
643 0.938247 0.965164 629 61640 626 32.6094 3.22603 38.9759 29.7783 30.7296 502 127 0.214278
644 0.914234 0.980431 694 60167 693 30.9392 4.27182 38.5792 28.4785 30.6023 548 146 0.214177
645 0.947162 0.884826 733 60777 0 35.1747 2.87032 49.0235 36.4154 34.2318 511 222 2.49996
646 0.880165 0.990698 678 55801 675 31.8033 2.69254 38.237 24.0903 27.6116 484 193 0.210759
647 0.924 0.976744 668 63207 667 33.1505 3.01166 39.782 27.8015 29.4598 500 168 0.217701
648 0.921329 1 730 61745 0 32.6201 3.2005 42.6822 31.5761 34.0347 572 158 2.4116
649 0.997821 0.987069 619 69295 0 37.443 0.70371 41.4495 31.4759 31.192 459 160 1.86396
650 0.859002 0.958838 666 59694 665 33.6656 2.79677 43.5995 27.2945 30.4418 461 205 0.213154
651 0.97053 0.99798 686 68014 684 35.9548 1.67035 44.7711 30.4173 31.2296 509 177 0.238167
652 0.968932 1 689 76057 687 35.2037 2.03926 46.0383 30.5088 31.3419 515 174 0.267648
653 0.968037 0.979215 643 91385 641 37.3323 1.24734 43.5649 28.02 28.3166 438 205 0.316129
654 0.967093 1 749 69877 0 33.897 3.24616 49.6369 35.3091 36.3278 547 202 2.59531
655 0.951076 0.981818 690 67222 689 31.7856 3.46108 38.8242 27.866 28.9534 511 179 0.250163
656 0.900844 0.997664 674 85481 673 33.4282 3.49442 44.9738 26.3627 29.2043 474 200 0.325365
657 0.816208 0.982578 861 97307 0 36.8441 1.07641 52.5583 36.6595 43.9795 691 170 3.4666
658 0.993697 0.965306 630 56578 0 30.7484 6.43314 39.4559 30.9742 30.0108 476 154 1.85618
659 0.903537 0.985965 797 65128 0 35.8436 1.2757 50.0719 36.1987 39.1943 622 175 2.90265
660 0.977113 0.992844 705 68086 0 33.3631 2.21018 42.5702 32.2732 32.7713 568 137 2.28488
661 0.862989 0.981781 702 70807 696 33.071 3.08106 43.1389 30.1119 34.689 562 140 0.262408
662 0.990512 0.988636 718 84549 0 35.6292 1.23097 47.2228 33.8995 33.8468 527 191 2.47111
663 0.990584 0.900685 712 62237 0 30.3592 6.12569 42.1553 35.2352 32.068 531 181 2.33717
664 0.919847 0.989733 687 64484 685 32.9351 2.58967 42.4836 29.9132 32.7893 524 163 0.225434
665 0.941712 0.984762 718 78023 715 32.6024 2.5459 41.503 30.5354 31.7784 549 169 0.321499
666 0.919588 0.984547 621 53791 620 33.049 2.74932 36.6852 26.5083 28.5318 485 136 0.223192
667 0.944762 0.976378 716 58247 0 29.6755 7.79475 46.6209 32.3146 33.1262 525 191 2.34305
668 0.988701 0.961538 521 58801 520 38.463 0.382144 38.4082 26.9725 26.3299 354 167 0.200835
669 0.988484 0.971698 681 93581 0 37.6811 1.12354 47.3355 35.8233 34.7503 521 160 2.27719
670 0.961066 1 665 62817 663 37.1033 1.197 45.3663 30.2445 31.4194 488 177 0.222969
671 0.92809 0.995181 655 58852 654 34.1233 2.29232 42.9651 26.1343 27.8904 445 210 0.20658
672 0.989051 1 696 57762 0 33.1709 3.30484 41.5554 32.1985 32.4893 548 148 2.22979
673 0.886282 1 717 73305 712 36.4235 1.18251 49.6759 30.5619 35.5476 554 163 0.265939
674 0.904673 0.985743 726 103879 0 33.7755 2.22884 45.8135 31.0441 33.8474 535 191 2.59112
675 0.91684 0.993243 546 33005 545 27.3752 9.34638 33.782 27.2947 29.5399 481 65 0.116365
676 0.976581 0.992857 583 50745 582 36.0109 1.3642 37.0648 26.0457 26.5682 427 156 0.176543
677 0.808929 1 561 62147 559 26.1549 11.3665 33.8969 26.8843 33.8969 560 1 0.216662
678 0.94831 0.931641 670 64605 0 29.4282 7.39552 42.5078 32.5481 31.7928 503 167 2.11938
679 0.939394 0.981013 673 52729 672 33.6426 1.92324 41.1146 27.7911 29.2085 495 178 0.211461
680 0.98364 0.96008 691 66170 0 28.1031 10.5818 42.4675 30.9842 30.2937 489 202 2.24546
681 0.98081 0.964361 593 62297 591 34.0042 1.93647 37.4459 29.7857 29.229 469 124 0.240681
682 0.942755 0.931095 705 83200 0 33.926 2.19486 44.5486 36.4305 35.9106 559 146 2.38809
683 0.973485 0.990366 678 54574 0 33.9048 2.86998 45.3094 34.574 35.211 528 150 2.11959
684 0.983636 1 759 70702 0 35.5825 2.65963 53.4032 35.2059 35.7533 550 209 2.67949
685 0.961039 0.993289 638 63212 637 35.8843 1.25429 42.5736 28.9642 29.9625 462 176 0.225126
686 0.968064 0.995893 733 113975 730 35.6613 0.64396 47.1798 29.9323 30.7016 501 232 0.410325
687 0.978304 0.988048 665 46052 0 36.4074 1.35404 45.1512 33.9941 34.4367 507 158 2.00835
688 0.982726 0.988417 711 83301 0 35.5568 1.10326 45.4861 33.0067 33.188 521 190 2.46546
689 0.995402 0.981859 626 80311 625 37.4374 0.788362 42.1443 29.3533 28.976 435 191 0.301493
690 0.912892 1 704 62229 0 32.4208 2.75333 41.1122 31.1876 33.921 574 130 2.29811
691 0.95155 0.985944 706 66117 705 30.0043 5.76902 41.7391 28.1024 28.9491 516 190 0.274686
692 0.959276 0.990654 617 74952 616 34.0777 2.77622 39.1732 26.6182 27.5715 442 175 0.278817
693 0.977477 0.977477 600 73993 597 37.2936 1.16362 41.4777 29.7914 29.9616 444 156 0.256611
694 0.931985 0.998031 711 48544 710 30.8935 5.04132 40.6362 29.4032 31.7727 544 167 0.189044
695 0.960133 0.988034 817 83545 0 32.5102 2.64381 49.8789 35.7427 36.7559 602 215 3.10843
696 0.935268 0.972158 614 47182 613 34.3208 1.87367 39.7386 27.2772 28.2533 448 166 0.18043
697 0.969136 0.955375 635 49919 0 33.8795 2.72293 40.8712 31.1773 30.9018 486 149 1.95416
698 0.967517 0.988152 618 39484 617 29.8702 6.14859 37.934 25.5526 26.2274 431 187 0.14762
699 0.981855 0.977912 650 56475 0 34.8073 0.580356 41.6769 32.0215 31.869 496 154 1.96449
700 0.938034 0.997727 666 63299 665 31.7043 5.65026 44.3393 26.4777 28.289 468 198 0.219735
701 0.930728 0.996198 733 71185 0 33.7606 1.89212 45.0635 31.7514 34.255 563 170 2.52845
702 0.955769 0.994 677 77487 675 33.3504 2.01582 41.7147 30.1149 31.4969 520 157 0.292594
703 0.996071 0.998031 742 81254 0 36.996 1.37156 49.5625 34.1846 34.2396 509 232 2.59178
704 0.955102 1 678 50750 677 34.6423 1.53641 43.4534 28.9988 30.3938 490 188 0.184066
705 0.918317 0.997312 509 49556 507 28.4792 7.92133 31.9596 23.1396 25.0159 404 105 0.16603
706 0.943609 0.961686 713 78402 0 33.2692 2.77586 47.0822 34.9837 35.5314 532 181 2.35045
707 0.939216 0.977551 676 65392 0 33.506 4.06983 44.6809 32.5173 34.0336 510 166 2.1507
708 0.911488 0.977778 713 87938 0 34.1196 3.28341 45.9011 31.9514 34.2502 531 182 2.41067
709 0.934109 1 563 60728 0 27.5113 9.97667 36.5616 31.5231 33.6457 516 47 1.55151
710 0.868421 0.872596 573 32174 572 31.377 2.934 32.8369 23.6928 24.1002 418 155 0.119612
711 0.976991 1 736 47209 0 31.6495 6.85692 50.3129 34.6873 35.3952 565 171 2.41815
712 0.936283 0.97963 722 65548 718 32.6184 3.29445 41.1247 30.4691 32.3141 565 157 0.242802
713 0.981707 0.979716 678 125988 0 37.4046 0.722313 47.2229 33.7732 33.717 492 186 2.38562
714 0.92845 0.93482 750 88144 0 32.6933 3.5351 46.52 36.6191 36.1436 587 162 2.63203
715 0.933071 0.983402 676 92939 675 33.3086 2.18224 42.236 28.564 30.3263 508 168 0.355711
716 0.96 0.983133 572 48026 571 32.855 2.96552 35.7566 25.8116 26.4047 425 147 0.182913
717 0.997525 0.997525 531 62289 529 35.5597 1.60988 36.2709 27.6295 27.6295 404 127 0.236465
718 0.974537 0.843687 636 79223 0 38.1879 0.592072 45.0988 35.2064 30.8282 432 204 1.97485
719 0.958515 0.962719 634 47336 633 31.5068 2.96146 38.9951 27.4051 27.3957 458 176 0.172631
720 0.986239 0.907173 661 69299 0 36.3618 1.3623 48.0584 34.0883 31.2206 436 225 2.04984
721 0.963376 0.991803 764 123486 0 35.3911 0.904577 47.944 38.5432 39.5367 628 136 2.92131
722 0.980306 0.993348 597 69650 0 36.4621 1.01262 42.2305 32.1545 32.5538 457 140 1.74132
723 0.976744 0.978814 627 72247 624 34.1863 2.01435 41.4677 30.2862 30.4758 473 154 0.256026
724 0.915385 0.938856 695 116192 693 32.0875 4.03967 42.0242 30.513 31.0155 520 175 0.435172
725 0.967568 0.990775 745 73179 0 34.8437 1.57288 43.9765 31.677 32.3477 555 190 2.55908
726 0.970803 0.990074 606 48227 605 28.2349 7.09577 37.277 22.9462 23.3688 411 195 0.169465
727 0.973568 1 615 52452 614 33.0745 5.79076 43.2575 28.4511 29.277 454 161 0.184291
728 0.985841 0.980634 754 90200 0 35.2247 1.35548 47.4425 35.5065 35.1501 565 189 2.69808
729 0.966667 0.953425 547 62762 546 34.0159 2.4389 35.3385 23.3492 23.0506 360 187 0.213335
730 0.992021 0.95641 567 37254 566 28.4492 10.2221 37.3285 25.9201 24.8019 376 191 0.132443
731 0.975258 0.947896 694 76969 0 35.0203 2.20019 44.5444 32.1442 31.5082 485 209 2.28271
732 0.947146 0.99115 673 86059 672 32.2475 3.70718 41.3885 27.9911 29.591 473 200 0.298842
733 0.972167 0.989879 603 82778 0 35.42 2.00126 40.6721 32.5927 33.3426 503 100 1.77555
734 0.959746 0.972103 631 50343 630 31.5374 4.03895 36.5958 26.9695 27.5117 472 159 0.182584
735 0.970199 0.978297 774 94448 0 34.8758 1.55447 49.1621 38.29 38.7 604 170 2.85168
736 0.973025 0.976789 697 61523 0 35.0243 1.84216 44.7372 33.2416 33.5397 519 178 2.21664
737 0.980907 0.987981 565 42281 564 35.4728 1.25448 36.971 27.1409 27.3105 419 146 0.173527
738 0.971861 0.99117 644 61945 642 32.7438 2.8776 40.8319 29.0099 29.5823 462 182 0.220206
739 0.980132 0.976898 772 89789 0 34.5586 1.85138 48.0039 37.5588 37.2167 604 168 2.8045
740 1 0.872727 496 27189 495 21.4706 16.0677 31.0906 20.355 17.5395 288 208 0.0963367
741 0.955375 0.983299 717 129573 0 36.9838 0.824098 48.8673 31.9496 32.7251 493 224 2.60685
742 0.974026 0.980392 634 45143 633 31.0062 5.13506 38.1647 27.8588 28.0146 462 172 0.166775
743 0.894481 0.992793 727 83459 0 33.1015 1.47086 42.2409 32.5448 36.5669 616 111 2.489
744 0.970037 0.992337 710 78588 0 34.5527 1.89828 46.3694 34.0835 34.7698 534 176 2.40259
745 0.896497 0.992945 812 74060 0 31.3201 6.49087 49.4069 32.4115 35.7537 628 184 2.97177
746 0.96 0.964539 660 61944 659 34.0045 1.8398 38.9964 25.0099 24.9122 425 235 0.220515
747 0.938017 0.957806 610 46297 608 32.2971 3.72379 38.4576 29.7798 30.3752 484 126 0.160227
748 0.94721 0.985871 869 169194 0 36.9976 1.07877 59.7977 42.8247 44.5902 663 206 3.81462
749 0.959259 0.984791 668 54497 0 30.8285 5.36839 41.2276 32.7909 33.5257 540 128 2.07746
750 0.923858 0.994536 811 116611 0 35.7127 2.19002 56.4096 35.2113 38.0364 591 220 3.10635
751 0.995423 0.935484 625 45478 624 29.8674 5.07214 36.1883 26.6942 25.2229 437 188 0.176127
752 0.9375 0.946197 681 89722 0 33.3894 1.70215 45.8603 35.5528 36.193 544 137 2.25788
753 0.959427 0.987715 541 52090 540 36.8542 0.679734 36.5156 27.4438 28.5201 419 122 0.17682
754 0.98289 0.975472 702 100762 0 35.3877 1.51604 45.1311 34.44 34.2275 526 176 2.40607
755 0.993318 0.993318 664 83653 661 36.4332 1.0198 46.28 29.9032 29.9032 449 215 0.310898
756 0.956204 0.997462 594 44074 593 33.6184 3.37107 39.2727 23.2352 24.4014 411 183 0.155382
757 0.968468 0.959821 578 59719 575 36.0075 1.07729 39.0177 30.2513 30.0244 444 134 0.19865
758 0.966736 0.991471 600 48751 0 35.9645 1.47519 40.9053 32.1569 32.9057 481 119 1.66827
759 0.948529 0.98977 581 62758 580 32.907 2.21162 35.3992 23.0138 24.0478 408 173 0.241165
760 0.920086 0.972603 617 46568 616 30.7017 5.58097 38.7322 25.9271 27.4545 463 154 0.168502
761 0.961969 0.947137 586 48065 585 31.5365 2.29109 36.9391 28.658 28.2179 447 139 0.165676
762 0.971857 0.986667 740 59878 0 34.4205 3.05414 49.6758 33.7633 34.4306 533 207 2.49705
763 0.981383 1 543 34966 542 28.0727 8.35845 33.733 20.8692 21.3783 376 167 0.123896
764 0.968379 0.949612 663 63913 0 34.7163 1.85552 40.5299 31.128 30.5338 506 157 2.05288
765 0.925806 0.959866 743 110756 0 33.6692 2.14017 50.3281 41.0122 41.6913 620 123 2.68509
766 0.95572 0.984791 724 65626 0 36.4268 1.48172 47.028 33.6435 34.6995 542 182 2.38798
767 1 0.635535 440 19478 439 19.1114 17.7237 24.8756 24.8756 15.6357 279 161 0.0703756
768 0.954545 0.992908 574 74797 573 30.9294 2.57851 36.3541 26.7724 27.7976 440 134 0.27479
769 0.929982 0.994242 727 52900 0 32.1855 3.89646 44.3661 31.7663 34.1379 557 170 2.38553
770 0.960499 1 607 52565 604 33.4837 2.44085 40.702 30.4684 31.6054 481 126 0.18206
771 0.944976 0.96577 576 76384 575 35.6658 1.74886 36.9925 26.481 27.4509 418 158 0.25657
772 0.986275 0.988212 669 76899 0 34.6623 1.50918 44.1856 33.6949 33.9157 510 159 2.18963
773 1 0.738386 410 26344 409 19.0166 18.7315 23.2832 23.2832 16.9796 302 108 0.0841911
774 0.99006 0.986139 715 90172 0 36.64 1.10179 48.9446 33.4058 33.2732 503 211 2.41635
775 0.994024 0.968932 681 67362 0 30.2065 6.81768 43.8534 32.5135 31.7879 502 179 2.21742
776 0.942675 0.938689 671 73729 669 33.4041 2.12867 42.7529 30.5191 30.5029 471 200 0.252154
777 0.90991 0.951036 665 68307 0 34.8221 1.52777 43.04 34.882 36.0255 555 110 2.07585
778 0.971491 0.920998 713 85153 710 34.4444 1.65173 43.6568 29.9998 28.2925 456 257 0.29835
779 0.958084 1 621 57529 617 33.0293 3.54785 38.9737 30.4421 31.6878 501 120 0.202454
780 0.93617 0.973843 697 67700 695 33.2378 2.70318 41.6506 29.1237 30.2687 517 180 0.237824
781 0.95302 0.942478 577 52941 576 35.4156 1.14095 36.9974 29.4935 29.2554 447 130 0.220328
782 0.918969 0.990079 716 69627 0 32.0422 4.52397 44.7797 31.8932 33.8716 543 173 2.37716
783 0.982796 0.978587 593 46124 0 35.4306 1.76147 39.4714 30.8876 30.7978 465 128 1.61566
784 0.95 0.990347 772 89350 0 34.0651 1.96383 49.3714 31.8785 33.4583 540 232 2.78516
785 0.988528 0.969981 683 85108 0 37.473 0.260332 45.0799 35.5539 34.8161 523 160 2.24956
786 0.930131 0.993007 659 67600 657 36.5324 1.91232 44.6847 29.0012 30.9399 458 201 0.27585
787 0.966427 0.982927 559 34647 558 32.8145 3.15684 35.7928 25.6994 26.136 417 142 0.125324
788 0.917749 0.979215 612 52767 609 32.0953 2.56868 37.5466 25.5276 27.4378 462 150 0.18664
789 0.970075 0.965261 519 48672 518 35.2653 2.18836 34.5422 26.6425 26.6186 401 118 0.162623
790 0.946593 0.977186 678 81922 0 33.9248 1.98425 42.6717 32.7961 33.9879 543 135 2.18788
791 0.961798 0.944812 620 93403 618 34.6073 1.76617 42.1401 30.505 30.0585 445 175 0.319477
792 0.967177 0.991031 689 62124 688 34.5321 2.14011 42.7083 26.3956 26.9962 457 232 0.24667
793 1 0.628788 397 16266 396 20.5642 18.1765 23.0287 23.0287 14.2929 249 148 0.054785
794 0.991896 1 856 99905 0 36.8957 1.99275 57.2097 39.7851 40.0368 617 239 3.38595
795 0.959906 0.904444 649 46383 648 34.3242 2.34369 40.227 27.824 26.1524 424 225 0.174286
796 0.960674 1 728 84804 725 35.4557 1.61387 47.662 30.5259 31.7719 534 194 0.312709
797 0.943015 0.988439 773 94174 771 33.2815 2.56748 45.8445 30.4629 32.0189 544 229 0.32911
798 0.938731 0.955457 628 58477 627 33.8023 1.62902 38.0294 27.5597 27.7105 457 171 0.203644
799 0.920518 1 686 70292 682 33.2928 3.51014 42.8424 30.2252 32.9071 541 145 0.251743
800 0.977011 0.986733 779 76701 0 34.2472 1.82602 46.9444 34.844 35.2006 609 170 2.85261
801 0.978495 0.98645 513 33731 512 24.9403 12.0299 31.3582 21.5759 21.8517 372 141 0.11742
802 0.905812 0.991228 716 74554 715 33.2841 2.76964 42.2933 27.1514 29.9691 499 217 0.261826
803 0.837728 1 664 83950 663 33.0223 4.21603 41.5527 22.7373 28.2115 493 171 0.289806
804 0.994643 0.991103 707 81224 0 35.6104 1.22276 45.9362 36.9453 36.8133 560 146 2.41068
805 0.968254 0.945736 570 42808 569 25.5474 12.3637 36.5237 23.9299 23.0044 378 192 0.149654
806 0.958963 0.969432 596 76387 594 36.3836 1.33879 39.4691 30.4961 30.9909 463 133 0.290785
807 0.954545 0.932432 723 83950 721 33.6941 2.6151 42.131 30.5323 29.7552 506 217 0.294646
808 0.955108 0.990369 817 98454 0 34.7488 2.81952 54.501 40.0562 41.7296 646 171 3.13819
809 0.967677 0.97955 621 52325 619 32.8935 1.60339 38.4833 29.7907 30.3984 495 126 0.207772
810 0.985714 0.940909 619 87052 617 36.6593 1.39255 42.7469 30.4015 29.1726 420 199 0.293215
811 0.968811 0.997992 674 77351 0 34.9151 0.684289 43.9836 30.9678 31.8393 513 161 2.1404
812 0.921533 0.974903 697 56353 0 33.2697 1.59476 43.536 31.9981 33.5357 548 149 2.24564
813 1 0.484615 391 14922 390 14.9463 23.7633 21.6998 21.6998 10.2134 189 202 0.0503068
814 0.92735 0.995413 644 64787 643 33.9809 1.9628 39.4208 26.1395 28.1486 468 176 0.242362
815 0.965831 0.868852 650 56296 0 36.4108 1.44869 41.913 31.9729 28.8572 439 211 1.9422
816 0.947566 0.92844 700 93937 0 36.179 0.610363 45.7514 36.359 35.737 534 165 2.37537
817 0.888672 0.968085 668 71884 667 33.2763 2.58328 40.2943 28.7626 31.2394 512 156 0.2504
818 0.961969 0.979499 542 36162 541 27.8001 7.40582 31.1457 25.4333 25.5111 447 95 0.127179
819 0.995455 0.997722 644 97502 0 39.7803 0.271995 48.5768 30.9594 31.0187 440 203 2.00304
820 0.919847 0.985685 723 76622 0 37.0114 0.960837 46.9271 31.6988 33.9023 524 199 2.46194
821 1 0.762357 527 41785 526 22.2369 16.3003 29.5141 29.5141 22.7597 401 126 0.137969
822 0.949749 0.992126 598 35262 597 26.7986 12.072 39.2189 23.0971 24.0796 398 200 0.128843
823 0.852159 0.944751 736 76165 0 32.7517 3.74371 44.4344 32.4373 36.6327 602 134 2.53796
824 0.947573 0.989858 644 51421 0 34.2433 2.83986 40.8084 31.6864 32.8242 515 129 1.9465
825 0.985437 0.978313 559 47933 558 37.4059 0.971469 37.623 28.5368 28.112 412 147 0.166905
826 0.994737 1 537 39199 536 27.6834 9.91582 35.6192 22.2429 22.3636 380 157 0.136777
827 0.90676 0.977387 606 44489 605 30.7509 4.41658 36.4155 23.4997 25.4786 429 177 0.159205
828 0.994194 0.978571 857 114339 0 33.9359 3.13418 54.4407 44.9043 44.3557 689 168 3.49453
829 0.988558 0.957871 623 52003 621 36.0254 1.58056 41.6454 29.8737 28.7527 437 186 0.178348
830 0.994898 0.970149 619 78582 618 37.8888 0.700077 41.8989 26.7603 25.8964 392 227 0.282309
831 0.944444 0.97541 713 71291 710 33.6441 1.60448 43.9694 30.3768 31.3029 504 209 0.261445
832 0.937276 0.961397 740 65876 0 31.1457 5.20819 44.8713 32.7018 33.8392 558 182 2.53374
833 0.942688 0.987578 706 68451 705 33.8446 2.31147 42.2954 27.3729 28.7628 506 200 0.246874
834 0.959364 0.969643 756 75140 0 32.9936 3.49936 42.6807 31.8646 32.346 566 190 2.63218
835 0.974093 0.99823 763 82158 0 35.6557 2.31931 50.3604 37.7339 38.4757 579 184 2.71238
836 0.965844 0.94085 713 73189 0 33.7183 2.64574 41.6085 32.1454 31.6309 527 186 2.35399
837 0.913223 1 606 55870 605 34.8048 0.853176 40.3286 28.7784 31.4725 484 122 0.193903
838 0.943396 0.93633 765 99597 0 35.4756 1.66675 49.6287 35.5578 35.1953 530 235 2.8361
839 0.986696 0.954936 592 57478 0 34.3706 1.72449 38.9125 30.5717 29.6711 451 140 1.64847
840 1 1 511 37899 510 35.3943 2.59195 34.6986 25.9957 25.9957 378 133 0.131383
841 0.997449 0.892694 600 63568 599 34.8304 1.67451 37.6993 28.0315 25.3373 392 208 0.239323
842 0.976623 0.926108 541 27279 540 24.2411 13.3418 31.877 23.946 22.4014 385 156 0.107277
843 0.951362 0.987879 722 76771 720 36.1072 1.20091 47.0652 30.4194 31.2445 514 208 0.284051
844 0.927869 0.979239 774 120240 0 33.9372 2.18226 45.3853 34.3187 36.6026 610 164 2.90944
845 0.960552 0.972056 727 67885 0 34.9449 2.17647 46.6125 33.1418 33.1367 507 220 2.44239
846 0.962151 0.993827 644 59010 0 35.5605 2.05784 43.9592 32.2972 33.689 502 142 1.90632
847 0.942755 0.988743 721 62788 0 33.4171 2.10845 44.452 32.7284 34.4743 559 162 2.39744
848 0.919014 0.988636 708 71014 706 30.6463 4.24643 40.1925 30.4346 32.3309 568 140 0.244461
849 0.951027 0.949527 800 95394 0 35.4486 1.85619 51.7442 41.3404 41.0652 633 167 3.03657
850 0.885645 0.943005 575 37252 574 29.4745 5.37766 33.4081 21.5999 23.1341 411 164 0.144631
851 0.975986 0.996497 775 71340 0 33.1435 2.82592 45.6207 33.9872 34.6089 583 192 2.7354
852 0.96347 0.956916 670 63703 668 34.484 3.42245 47.5657 30.1922 30.0777 438 232 0.221366
853 0.954262 0.980769 654 48701 653 32.9811 4.04113 42.1679 29.2549 30.2609 481 173 0.172561
854 0.970982 0.97973 646 66382 643 35.2447 2.36304 43.8345 30.2144 30.2915 448 198 0.270582
855 0.978814 0.980892 658 80288 0 35.9857 1.32638 42.4123 30.6937 30.5908 472 186 2.08905
856 0.896703 0.962264 581 65593 580 33.296 2.30934 36.314 26.5362 28.365 455 126 0.241867
857 0.944341 0.984526 681 62940 679 32.9745 2.23455 40.2727 30.3157 31.7948 539 142 0.223608
858 0.944882 0.997921 698 57240 697 30.5861 5.19132 40.6272 27.293 28.693 508 190 0.202056
859 0.955117 0.963768 721 87323 0 34.0121 1.54359 42.1565 32.376 32.7646 557 164 2.44637
860 0.931034 0.961995 600 41835 599 30.0511 4.85604 36.1613 25.3003 26.0445 435 165 0.16289
861 0.895161 0.991071 654 60895 653 34.3919 2.55675 42.6479 27.7378 30.6317 496 158 0.221344
862 0.955882 0.918728 685 71875 0 34.7756 1.32647 42.3102 35.4596 34.0388 544 141 2.2004
863 0.931559 0.974155 708 72556 0 33.5876 2.63688 43.4241 30.9484 32.399 526 182 2.3423
864 0.949248 0.990196 747 93835 744 33.5172 2.34876 44.6933 30.4736 32.2956 532 215 0.329973
865 0.920886 1 805 61340 0 32.4108 3.05725 45.9191 33.5985 36.5733 632 173 2.85557
866 0.941704 0.995261 603 89585 602 37.0525 0.374593 40.5205 26.8605 28.2457 446 157 0.332826
867 0.981043 0.992806 647 102049 646 39.0437 0.356362 44.5062 28.1682 28.4566 422 225 0.387285
868 0.994911 0.972637 597 36520 596 31.3012 7.46239 38.5597 26.0205 25.3607 393 204 0.147457
869 0.929515 0.997636 596 54544 593 33.8581 2.24398 39.8088 27.949 30.214 454 141 0.202346
870 0.963415 0.975309 654 51204 653 31.6873 3.91724 40.7407 28.466 29.0155 492 162 0.190596
871 0.990431 0.92 620 47712 619 24.14 14.2343 38.751 28.5025 26.3332 418 202 0.179913
872 0.97995 0.972637 555 72946 553 36.4386 1.5075 39.5279 28.5333 28.4428 399 156 0.249107
873 0.993976 1 645 67892 643 33.4356 2.76104 40.5607 29.9505 30.29 498 147 0.233162
874 0.931153 0.996317 739 92963 0 34.7132 1.70002 47.3401 34.5914 36.8292 581 158 2.54785
875 0.918651 0.974737 624 65255 620 35.1154 1.30782 39.3304 30.2736 32.3634 504 120 0.22886
876 0.921875 0.992788 643 68512 642 35.0111 1.70883 44.3444 27.9308 29.8871 448 195 0.290515
877 0.958937 0.994987 524 44356 523 31.566 5.68467 33.3681 25.0601 25.8825 414 110 0.164143
878 0.995249 0.988208 571 54699 570 36.8496 1.26219 40.0784 29.3685 29.1566 421 150 0.204432
879 0.901354 0.952965 682 52408 679 32.073 2.5519 42.2509 29.9548 31.9928 517 165 0.185248
880 0.943038 0.978118 605 44550 604 34.4629 2.16929 39.1525 29.4813 30.4647 474 131 0.164367
881 0.957407 0.943431 726 75173 0 35.1845 1.20556 46.2174 34.51 34.473 540 186 2.42689
882 0.996183 0.984906 731 80750 0 33.3007 2.5095 43.5094 31.0207 30.5364 524 207 2.53453
883 0.89662 0.995585 662 83293 660 32.6896 3.55328 40.7039 28.0442 30.8986 503 159 0.289986
884 0.975096 0.984526 733 75203 0 35.9727 2.19535 47.2704 33.1208 33.3115 522 211 2.4836
885 0.966135 1 669 77047 667 35.5354 2.53621 44.8098 29.832 30.8006 502 167 0.298557
886 0.989796 1 587 53070 586 36.7067 1.0165 38.7137 24.6283 24.8671 392 195 0.200616
887 1 0.617706 498 29578 497 19.5998 17.8118 28.7976 28.7976 17.1271 307 191 0.10738
888 0.933619 0.995434 635 103384 634 34.8783 1.47396 43.2451 28.53 30.6184 467 168 0.388179
889 0.949782 0.960265 638 88068 635 34.5477 1.72837 40.7254 28.9449 29.4442 458 179 0.305206
890 0.937255 0.98152 671 65735 669 33.5952 2.14179 41.5083 29.7592 31.1374 510 161 0.226438
891 0.966216 0.968397 633 52257 630 36.4144 1.20962 43.313 30.4574 30.3053 444 189 0.18701
892 0.975694 1 782 76693 0 37.6599 1.54479 56.8663 38.0301 39.0184 576 206 2.8045
893 0.897849 0.897849 576 46786 575 31.6331 3.81362 34.5022 22.3105 22.1625 372 204 0.189933
894 0.933735 0.972803 716 74856 715 34.2509 2.10151 42.7563 28.5433 29.8031 498 218 0.294839
895 0.952278 0.948164 679 98372 0 35.399 1.41525 45.8729 30.9888 30.8134 461 218 2.24572
896 0.918095 0.985685 656 79359 0 34.7007 1.5471 45.6758 34.396 37.0554 525 131 2.0739
897 0.967089 0.962217 616 51769 615 36.1305 2.46333 39.1313 25.462 25.4727 395 221 0.215446
898 0.859375 0.930233 702 69090 697 34.0391 2.96269 44.8144 30.3068 32.8115 512 190 0.256565
899 0.958498 0.981781 613 63589 0 32.5388 3.26955 39.7669 31.7603 32.6106 506 107 1.76323
900 0.953917 0.988067 531 41503 530 31.7474 4.69813 34.1696 27.272 28.3276 434 97 0.145766
901 0.948665 1 682 96109 679 35.1348 1.22167 44.6239 27.1653 28.702 487 195 0.356344
902 0.974308 0.942639 670 62112 0 33.8443 3.02941 42.161 32.642 31.6662 506 164 2.10281
903 0.967803 0.894921 739 78588 0 35.3546 2.52879 49.1535 38.5837 36.0663 528 211 2.53532
904 0.997835 0.960417 649 76287 648 29.6411 6.34628 38.8084 29.3292 28.3318 462 187 0.296786
905 0.875 0.987835 621 54774 620 34.6093 2.51201 40.2343 26.3267 29.614 464 157 0.190219
906 0.972678 1 735 58073 0 32.4246 3.79755 46.0071 33.7241 34.5975 549 186 2.46035
907 1 0.987203 724 80431 0 36.4786 1.58939 48.549 36.5595 36.1051 540 184 2.46936
908 0.906977 0.988176 846 108581 0 34.2818 2.26436 53.466 35.4111 39.0512 645 201 3.36612
909 0.922053 0.966135 740 74007 738 34.37 1.84311 45.4222 30.1911 31.5788 526 214 0.273204
910 0.917339 0.99345 668 61074 667 33.0248 2.75335 40.4552 27.8863 30.0072 496 172 0.214832
911 0.977083 0.926877 714 64050 0 34.5848 1.29174 44.8832 30.9824 29.5148 480 234 2.34881
912 0.956217 0.983784 692 53644 0 32.2968 3.44133 45.0907 36.3915 37.7453 571 121 2.16204
913 1 0.951654 591 58314 589 36.237 1.1228 37.9394 25.8478 24.5691 374 217 0.204943
914 0.975143 0.982659 670 73340 0 35.0491 1.30263 42.7053 33.3018 33.6577 523 147 2.14159
915 0.98622 0.969052 640 53072 0 32.8295 2.03447 38.5001 31.3738 31.0128 508 132 1.88813
916 0.920168 0.99095 646 68908 645 32.8433 2.40174 40.044 26.7707 29.0521 476 170 0.238418
917 0.977778 0.89613 656 73893 653 34.4576 1.42818 40.3535 30.1906 27.5509 450 206 0.25039
918 0.965461 1 776 72659 0 34.6474 2.19343 49.6341 38.0183 39.2217 608 168 2.80668
919 0.940217 0.990458 729 84847 0 34.0669 2.6131 47.862 34.2859 36.366 552 177 2.52065
920 0.881743 0.957207 658 93122 655 37.1446 0.656994 45.4512 30.1632 33.3923 482 176 0.330209
921 0.90676 1 568 45490 566 30.5048 4.16159 32.3191 22.061 24.5872 429 139 0.157442
922 0.933962 0.993976 737 55978 736 30.6779 5.88662 43.8945 28.1733 29.8178 530 207 0.207249
923 0.902256 1 695 79640 0 35.7131 1.50678 47.8095 31.5017 35.1385 532 163 2.27269
924 0.940325 0.966543 742 78421 0 33.4862 2.51494 48.3891 35.2589 36.3321 553 189 2.60231
925 1 0.917505 684 78459 0 34.1417 1.74255 43.46 32.6402 30.0835 456 228 2.21409
926 0.976526 0.974239 578 60968 577 36.2311 2.05895 39.6215 28.9207 28.8636 426 152 0.206963
927 0.963115 0.963115 607 71002 605 33.5201 1.74101 37.4106 30.4219 30.3994 488 119 0.245849
928 0.978041 0.991438 785 76542 0 37.0085 0.866792 53.4315 39.1073 39.6107 592 193 2.88246
929 0.906114 0.997596 616 51253 615 30.3486 6.26657 37.1205 24.7876 27.6878 458 158 0.182503
930 1 0.391941 274 7127 273 10.254 28.4965 14.2778 14.2778 5.5615 107 167 0.0250966
931 0.983264 0.983264 614 59396 613 32.3391 5.11527 38.1465 29.4285 29.4505 478 136 0.205583
932 0.984615 0.950495 705 63122 0 35.2764 0.965851 47.4396 41.1168 39.73 585 120 2.32615
933 0.94431 0.994898 558 32612 557 29.661 6.22453 34.2104 22.9688 24.1482 413 145 0.114767
934 0.930736 0.986239 687 71132 686 33.0433 2.07301 43.7654 25.7532 27.4877 462 225 0.248951
935 0.983193 1 636 65492 0 37.0695 0.860747 45.7803 33.3621 33.8961 476 159 1.89959
936 0.958743 0.983871 689 75333 0 35.2189 1.35366 44.3477 31.3346 32.1774 509 180 2.25891
937 0.983452 0.976526 607 77331 605 36.7766 1.11703 41.0986 28.7393 28.5673 423 184 0.273426
938 0.861407 0.992629 634 68864 633 34.8255 1.28452 41.7936 26.5627 30.7711 469 165 0.237518
939 0.969027 0.960526 637 69255 636 34.6364 1.12843 40.7304 28.837 28.5799 452 185 0.2395
940 0.924007 0.972727 767 85545 0 33.7295 1.96291 44.4651 32.7302 34.1915 579 188 2.70074
941 0.970472 0.951737 669 82932 0 37.2064 1.47627 44.9213 35.481 34.9894 508 161 2.14969
942 0.909292 0.938356 598 47980 595 31.3881 5.88384 41.1629 29.8121 31.239 452 146 0.167177
943 0.938144 0.992727 753 66825 0 33.8624 4.4833 47.5722 34.5803 36.259 582 171 2.58997
944 0.983178 0.990584 693 52226 0 34.3659 1.85833 41.4132 31.7786 32.0001 535 158 2.18648
945 0.92196 0.975048 680 70422 0 34.5729 1.91557 42.5701 32.1526 34.218 551 129 2.21359
946 0.982796 0.97234 619 57922 615 33.4532 5.0042 39.7789 30.5194 30.2259 465 154 0.212697
947 0.991209 0.982571 565 57547 563 35.4486 0.659662 36.9039 30.1474 29.7513 455 110 0.194462
948 0.947242 0.9875 528 43830 526 36.4198 1.50124 35.5357 27.4733 28.5087 417 111 0.149008
949 0.948998 0.981168 757 102712 0 36.223 1.03484 47.5903 34.1289 35.32 549 208 2.74051
950 0.956627 0.9925 534 43101 533 28.5844 6.92834 31.5301 23.2516 24.1981 415 119 0.169174
951 0.980769 0.99292 726 64749 0 33.3314 2.51155 44.4859 34.6316 35.1364 572 154 2.44116
952 0.937644 0.973621 644 91967 643 34.4555 2.32053 42.9389 27.4843 28.6439 433 211 0.322262
953 0.935484 0.997976 703 74165 0 34.2953 2.40509 43.3317 30.7612 32.5782 527 176 2.32836
954 0.957643 0.988593 671 51509 0 31.2081 4.02023 39.8153 30.8274 32.0428 543 128 2.03496
955 0.98481 0.9725 520 64664 519 37.0299 1.07303 35.6584 27.912 27.734 395 125 0.212542
956 0.944444 0.977737 737 56497 0 33.1944 3.01521 42.0722 31.0179 32.0154 558 179 2.46101
957 0.960648 0.992823 617 45035 616 25.8281 10.9001 36.0608 24.2806 25.0336 432 185 0.194021
958 0.951477 0.984716 681 72172 677 33.4281 1.94461 44.2673 30.192 31.1383 474 207 0.253926
959 0.991957 0.939086 595 90942 594 38.9698 0.447377 42.1379 27.4995 25.8309 373 222 0.310458
960 0.981308 0.972222 695 75386 0 33.8059 3.77018 46.2821 35.8556 35.4145 535 160 2.25492
961 0.968017 0.917172 622 48223 0 34.0245 2.97048 42.8669 34.2315 32.7889 469 153 1.80868
962 0.911765 0.89755 657 83008 653 35.4552 1.38152 44.8019 30.2064 30.3483 442 215 0.312312
963 0.982792 0.986564 679 88316 0 35.3471 1.30337 47.9808 36.2284 36.4621 523 156 2.18506
964 0.958716 0.974359 610 63824 608 35.0476 1.78573 39.4722 27.722 28.3349 436 174 0.235242
965 0.911661 0.984733 698 104640 0 34.4717 1.73556 43.0673 31.8749 34.0906 566 132 2.37162
966 0.992233 0.996101 609 75482 0 36.1255 0.652792 41.7081 35.7481 35.8379 515 94 1.77735
967 0.979667 0.994371 720 69274 0 32.5001 4.16689 44.4404 33.1573 33.7885 541 179 2.41709
968 0.970803 0.967273 724 109115 0 33.9042 2.45985 45.1815 34.5082 34.68 548 176 2.52459
969 0.969388 0.969388 700 89962 697 32.6416 2.59731 43.125 30.0201 29.904 490 210 0.315134
970 0.935268 0.908894 634 65022 632 33.7582 2.00616 41.2181 29.8287 29.2711 448 186 0.24427
971 0.947939 0.962555 629 66275 626 34.7868 2.542 41.3275 29.7478 30.3629 461 168 0.250471
972 0.960854 0.994475 665 75968 0 34.3308 1.57195 41.8093 33.7997 35.0062 562 103 2.11605
973 0.953488 0.990338 602 39726 601 32.2953 3.52275 36.219 23.0723 24.0497 430 172 0.142349
974 0.87395 0.974239 642 63563 641 36.0547 1.37268 43.2687 27.5853 31.0079 476 166 0.220857
975 0.920518 0.994012 707 82831 704 33.4469 2.15237 42.648 30.2329 32.5269 541 166 0.322191
976 0.978417 0.990291 607 65066 606 38.6411 0.484205 43.2833 28.0943 28.4014 417 190 0.222322
977 0.994152 0.971429 499 35532 498 26.474 12.9192 33.8409 22.6247 22.1568 342 157 0.123658
978 0.940774 1 609 65153 607 34.1561 2.59508 41.4327 26.4539 28.0151 439 170 0.220849
979 0.995134 0.978469 581 78155 578 38.0958 0.40454 42.6541 30.4055 29.959 411 170 0.268499
980 0.887352 0.961456 687 81452 0 35.4713 1.47521 45.0982 31.4403 33.72 506 181 2.28567
981 0.989083 0.997797 656 119892 0 36.2748 1.39765 44.9144 30.9998 31.2714 458 198 2.21071
982 0.927083 0.990724 762 108007 0 33.9113 1.78506 47.1193 32.7406 35.0227 576 186 2.82662
983 0.989451 0.963039 655 85468 0 38.6919 0.410556 46.4139 33.223 32.4421 474 181 2.09792
984 0.971047 0.929638 604 66352 603 33.91 1.39338 37.6143 29.4216 28.1143 449 155 0.251792
985 0.990826 0.96861 582 51520 581 29.0502 8.61837 37.5091 27.8442 27.1412 436 146 0.179767
986 0.919588 0.982379 643 67996 642 36.0313 0.863838 40.8018 27.8108 29.4035 485 158 0.270914
987 0.953815 0.965447 667 55484 664 32.7738 2.79428 42.2423 30.0803 30.4332 498 169 0.197998
988 0.937608 0.985428 743 109727 0 33.3505 3.37143 45.9053 34.0548 35.7103 577 166 2.64702
989 0.956204 0.961468 711 60303 0 32.2794 3.58421 41.406 32.206 31.9529 548 163 2.33969
990 0.980998 0.988038 568 63483 567 37.0309 1.18887 38.9924 28.5135 28.5422 421 147 0.212735
991 0.960739 0.922395 627 67049 625 33.6919 2.4278 40.2451 28.6473 27.4621 433 194 0.232928
992 0.881783 0.961945 647 67967 646 32.0252 2.53514 36.6515 27.0583 29.5255 516 131 0.235989
993 0.960159 0.962076 642 72644 0 34.8257 3.18139 43.0049 33.8909 33.9232 502 140 1.98292
994 0.989446 0.976562 506 55176 504 34.4723 1.47125 34.1122 25.4774 25.1728 379 127 0.201385
995 0.935421 0.969574 602 65885 0 32.8625 2.69444 39.573 31.1544 32.8519 511 91 1.75912
996 0.994792 0.98708 547 46602 546 28.8873 8.21305 35.9913 25.0306 24.8603 384 163 0.170368
997 0.904139 0.971897 621 83477 617 34.3439 1.26948 39.6835 27.7725 29.6817 459 161 0.282436
998 0.985112 1 585 57621 584 37.5293 1.23765 42.3426 28.6559 29.0412 403 182 0.201669
999 0.956098 0.992405 571 51522 570 34.9295 2.35671 37.109 25.4892 26.3946 410 161 0.177192
