0 0.692308 0.838356 608 45293 606 31.7176 2.72172 33.9896 20.7248 24.9249 442 166 0.0888781
1 0.765727 0.860976 636 53782 634 32.0438 5.13808 38.1382 24.1348 26.4264 461 175 0.0968129
2 0.77187 0.95339 695 63204 693 32.3779 3.61771 40.0163 27.459 33.8829 583 112 0.113068
3 0.633911 0.90884 655 83308 653 32.4995 3.27444 41.3834 21.7225 32.677 519 136 0.135463
4 0.927711 0.811951 684 78260 0 35.8363 0.701356 47.5072 39.3431 34.7498 498 186 2.07919
5 0.725838 0.874109 630 45473 628 30.149 5.73615 38.3646 26.0429 30.844 507 123 0.0854151
6 0.711656 0.956044 631 63941 629 31.7391 2.80354 39.7987 21.983 30.7124 489 142 0.116743
7 0.792056 0.904 565 72242 563 33.3685 1.81636 36.0615 23.7343 27.4824 428 137 0.117935
8 0.837591 0.901768 700 78159 0 34.1831 2.08897 46.031 33.5047 37.1339 548 152 2.15267
9 0.845987 0.864745 602 34417 600 26.9731 8.79731 35.4205 25.8397 26.9235 461 141 0.0701943
10 0.867257 0.882883 607 57031 604 35.7531 1.64523 42.0992 30.416 31.2692 452 155 0.0975296
11 0.860377 0.96 659 54073 657 33.4275 2.90811 41.9105 29.9744 33.3116 530 129 0.100066
12 0.908616 0.842615 604 51849 602 29.0711 9.95641 38.8567 26.3472 23.7695 383 221 0.0927811
13 0.833735 0.912929 536 35347 534 29.5245 7.54791 34.7975 24.5259 26.7439 415 121 0.0665029
14 0.827506 0.819861 644 59275 638 37.8122 0.614537 45.5554 30.455 30.6346 429 215 0.111153
15 0.727928 0.868817 714 86382 712 31.9427 3.31746 43.1219 28.4596 33.6125 555 159 0.162743
16 0.991323 0.783877 644 83080 1 34.9307 1.50953 45.1711 40.32 32.5668 461 183 1.87655
17 0.749135 0.921277 778 91260 774 35.8838 2.0487 50.7232 30.5924 37.8104 578 200 0.163601
18 0.847191 0.935484 578 51770 576 28.3411 7.76747 34.16 23.6963 26.4526 445 133 0.0922659
19 0.475926 0.764881 719 115295 715 35.7897 1.87189 49.0636 21.1239 36.71 540 179 0.194962
20 0.850799 0.935547 721 68019 0 34.8356 2.36116 46.1519 32.5015 35.3017 563 158 2.27926
21 0.637795 0.764151 812 96096 0 34.1689 2.33817 50.1959 32.8826 39.1898 635 177 2.86513
22 0.798805 1 503 34984 501 26.9509 11.0057 31.5985 25.5059 31.5985 502 1 0.0795759
23 0.844488 0.890041 681 76147 677 35.26 1.42089 42.6815 30.5346 32.5513 508 173 0.149102
24 0.855691 0.967816 573 44798 571 33.2342 2.26254 38.4296 29.0068 33.1758 492 81 0.0836364
25 0.786982 0.875 694 47933 692 33.7611 2.09571 43.2324 28.3361 32.0964 507 187 0.0928175
26 0.315686 0.602996 749 73123 747 32.5611 3.37682 42.7242 14.2303 29.69 510 239 0.129819
27 0.848671 0.871849 708 47373 703 33.0202 4.86723 46.0194 30.1854 31.0316 489 219 0.0967121
28 0.898618 0.866667 594 45719 592 32.9727 4.0678 37.7189 27.7637 26.8807 434 160 0.0833508
29 0.826 0.886266 698 85457 0 37.0666 1.17653 47.5158 31.101 33.5786 500 198 2.14462
30 0.913747 0.946927 553 72295 551 38.0877 1.20308 40.3212 25.3114 26.4947 371 182 0.119634
31 0.901879 0.840467 678 63976 0 36.4184 0.70559 43.7099 33.2501 31.1119 479 199 1.99365
32 0.832418 0.825613 596 42728 594 30.2157 8.52516 39.7397 24.0693 23.8716 364 232 0.0804496
33 0.680328 0.819753 654 54370 652 30.4046 5.15507 39.7871 24.1792 29.2794 488 166 0.100922
34 0.739544 0.812109 750 60330 747 27.6888 9.32309 45.7841 29.8027 32.7909 526 224 0.110379
35 0.752212 0.904255 619 87794 617 36.5206 1.27594 43.102 25.6088 31.0059 452 167 0.141228
36 0.920792 0.84738 558 44371 556 30.9859 5.84418 36.2609 28.404 26.2009 404 154 0.0801598
37 0.935205 0.892784 610 87184 0 37.9653 0.591117 42.1413 33.7471 32.2281 463 147 1.65228
38 0.87472 0.853712 600 36816 598 26.2397 11.3065 35.7777 26.9847 26.7489 447 153 0.0746249
39 0.805668 0.906606 608 68163 605 33.5605 2.48585 40.3857 30.0518 33.2649 494 114 0.109073
40 0.706697 0.807388 669 86723 667 34.9984 1.65311 42.9853 24.5141 27.834 433 236 0.140755
41 0.839286 0.754587 600 59821 589 34.9368 1.92788 37.5964 26.9927 24.8909 392 208 0.102448
42 0.694656 0.786177 701 60882 698 33.9652 2.36353 45.9834 29.7284 34.1186 524 177 0.106479
43 0.677725 0.955457 793 75775 790 33.5538 2.97151 49.9078 28.1046 39.2795 633 160 0.1398
44 0.664875 0.80303 708 80568 704 35.1694 2.1163 46.0401 30.2588 36.6159 558 150 0.134191
45 0.899306 0.826156 768 77841 0 32.1669 3.44392 44.4035 36.8166 33.6401 576 192 2.53187
46 0.931567 0.886555 583 46461 581 34.4982 1.59647 37.5602 30.1365 28.5115 453 130 0.0841821
47 0.724832 0.870968 785 82823 783 33.6208 2.68655 46.021 28.5629 35.2352 596 189 0.179166
48 0.629126 0.89011 663 78323 660 34.427 1.41581 41.1377 22.4651 32.3942 515 148 0.134283
49 1 0.744 501 38345 499 23.9396 12.6016 28.5003 28.5003 21.2008 372 129 0.0636546
50 0.80863 0.949339 609 56878 607 34.7585 2.03319 37.1172 27.7604 32.7103 533 76 0.100508
51 0.807203 0.940741 633 66684 631 33.8396 2.47505 39.3502 25.6724 29.9385 472 161 0.111788
52 0.843564 0.955157 662 50590 660 33.7167 3.17857 42.6917 26.7994 30.6726 505 157 0.0924152
53 0.770093 0.85124 705 100684 0 36.6756 0.895504 46.9936 32.1346 35.515 535 170 2.21493
54 0.702247 0.930521 642 52728 640 32.2297 3.80273 40.4363 24.764 33.4912 534 108 0.0987813
55 0.827957 0.810526 692 74476 0 36.5524 1.2198 45.8856 31.9549 31.2144 465 227 2.12171
56 0.852747 0.881818 670 45421 668 27.3804 8.70177 38.8989 25.028 25.4952 455 215 0.0897306
57 0.811787 0.898947 708 71632 702 34.8531 2.39982 44.5574 29.7404 33.1828 526 182 0.12923
58 0.783673 0.874715 692 59767 690 34.6386 1.40154 43.6038 26.5108 29.7879 490 202 0.109535
59 0.857143 0.84375 645 63099 643 33.7548 2.59433 41.7269 28.9885 28.4507 441 204 0.110749
60 0.567164 0.79403 605 68070 603 32.994 1.61104 36.267 19.5515 28.1642 469 136 0.115873
61 0.944056 0.904018 565 47788 563 34.0316 2.48104 37.3153 29.1412 27.353 429 136 0.0849743
62 0.905213 0.854586 596 45576 594 29.106 7.86847 38.5001 27.9466 26.3517 422 174 0.0843168
63 0.761745 0.871401 789 95467 0 34.4956 1.15551 49.749 30.9973 35.7771 596 193 2.69355
64 0.676301 0.9 695 87482 685 33.2815 1.93621 43.6785 23.8017 32.3873 519 176 0.162059
65 0.831486 0.771605 606 63948 604 32.8503 2.389 37.0231 30.108 27.7858 451 155 0.112723
66 0.924771 0.757895 713 89486 0 34.12 1.84405 47.7137 44.746 36.8935 545 168 2.22691
67 0.742342 0.899563 708 70742 704 32.8764 3.59304 45.2714 29.7396 36.2548 555 153 0.145385
68 0.877722 0.793939 810 113305 0 34.0838 2.24864 50.081 41.9319 37.3206 597 213 2.89199
69 0.826336 0.883673 782 102491 0 37.3492 0.535866 51.9309 33.2364 34.964 524 258 2.65184
70 0.760141 0.936957 692 88002 688 33.4756 1.92898 42.975 28.4567 34.9509 567 125 0.144665
71 0.827977 0.890244 710 70824 707 33.417 3.01409 43.3119 30.2193 32.7045 529 181 0.12294
72 0.811538 0.90364 700 54951 698 29.4913 6.44736 39.6104 26.6577 29.7869 520 180 0.107357
73 0.931116 0.865342 603 46358 601 35.3866 2.19097 37.4805 28.2064 26.371 421 182 0.0917578
74 0.885312 0.956522 646 61400 637 35.2103 1.99016 42.7689 28.686 31.077 497 149 0.117895
75 0.757937 0.945545 645 40338 639 32.3563 3.16372 38.3022 23.0863 28.9978 504 141 0.0959044
76 0.692177 0.959906 688 86725 686 35.2671 1.67713 44.3555 26.8829 37.9766 588 100 0.15192
77 0.843137 0.895833 691 78911 689 32.9257 1.44107 40.3226 27.8185 28.4085 510 181 0.136647
78 0.906149 0.759837 871 101353 0 34.6643 2.1863 54.8336 47.3314 38.3222 618 253 3.3043
79 0.805068 0.856846 656 62133 653 32.4292 2.73711 39.7811 29.0424 31.9104 513 143 0.123458
80 0.762887 0.816777 712 110740 694 35.2889 1.60976 46.4347 29.621 30.7931 485 227 0.188409
81 0.850211 0.957245 552 51955 550 34.8647 1.70868 37.597 28.8302 32.0458 474 78 0.0907876
82 0.753131 0.890063 678 113732 0 36.5032 0.61685 46.6857 32.7547 38.7905 559 119 2.06623
83 0.973105 0.89842 558 73243 556 36.9174 1.06367 37.9365 29.8767 27.7064 409 149 0.130936
84 0.835189 0.971503 608 81309 606 37.5375 0.774264 41.7482 25.2563 29.8323 449 159 0.132332
85 0.848684 0.816456 667 99865 654 34.8128 1.76312 42.9454 30.1874 29.3561 456 211 0.157576
86 0.936842 0.815018 637 73065 0 37.5039 0.470472 44.6828 37.904 33.1736 475 162 1.82663
87 0.617261 0.814356 726 55712 724 34.2008 1.68617 46.413 23.5222 33.5257 533 193 0.112418
88 0.838776 0.917411 639 62436 633 33.6739 2.29381 39.5525 27.8194 30.9261 490 149 0.12035
89 0.595376 0.839674 683 67944 681 32.9913 1.89324 38.5288 20.6126 29.6471 519 164 0.133872
90 0.822757 0.923833 662 85956 660 35.6936 0.935654 42.0473 25.0434 27.979 457 205 0.145305
91 0.798077 0.873684 677 77732 674 36.5645 0.837957 46.0093 30.2899 32.941 520 157 0.133086
92 0.934461 0.853282 639 65524 1 34.9652 1.60307 40.2739 32.357 29.3588 473 166 1.84281
93 0.723485 0.933985 661 61944 646 33.4855 2.50278 41.8586 25.7165 33.0166 528 133 0.11122
94 0.739806 0.821121 736 92240 0 36.0675 1.52345 51.1377 32.0046 35.9571 515 221 2.35835
95 0.568548 0.895238 668 58351 666 32.2663 3.66914 38.5403 18.0612 28.6835 496 172 0.104576
96 0.85177 0.875 596 73672 594 34.1888 1.3161 40.1599 29.6864 30.2038 452 144 0.127156
97 0.804082 0.933649 676 102882 672 36.3743 1.06575 47.1619 27.6944 32.6758 490 186 0.18148
98 0.748134 0.934732 683 89330 681 33.7806 1.88097 45.2366 27.5941 35.7161 536 147 0.151029
99 0.772643 0.853061 735 79483 732 34.2707 1.9047 44.8974 29.9323 33.1361 541 194 0.138498
100 0.725926 0.773684 608 67668 606 34.7691 1.80542 38.1491 23.8183 25.6412 405 203 0.113974
101 0.633136 0.833766 726 83479 724 30.2505 6.17953 43.5285 22.2591 30.4657 507 219 0.143688
102 0.806324 0.809524 694 62930 0 34.8655 2.77311 45.4997 32.7632 33.1773 506 188 2.09014
103 0.700397 0.873762 646 62150 644 32.1151 2.79032 35.2489 22.4545 28.0563 504 142 0.108985
104 0.857827 0.940455 827 105547 0 34.721 2.83628 54.5265 36.8413 40.5564 626 201 2.94381
105 0.568627 0.83121 632 42012 630 31.6318 4.29979 38.717 17.7905 27.7757 459 173 0.0805559
106 0.786642 0.923747 690 85485 682 35.2812 1.57682 43.4483 29.082 34.2776 539 151 0.142965
107 0.93424 0.936364 600 69293 597 36.7249 1.2411 42.0684 30.1223 29.92 441 159 0.131977
108 0.851324 0.849593 663 81909 0 35.0934 1.86691 43.9252 32.5334 32.9154 491 172 1.92044
109 0.861702 0.924658 715 73355 713 33.0081 3.81974 43.5298 26.9112 29.1315 470 245 0.129056
110 0.687764 0.956012 606 64770 604 31.4172 4.82778 35.4729 19.7984 27.7534 474 132 0.110118
111 0.443396 0.903846 685 65435 683 33.5282 1.94508 40.0308 13.7629 30.4581 530 155 0.116016
112 0.81741 0.836957 660 62936 658 34.0859 2.31001 43.7264 29.4819 30.589 471 189 0.118169
113 0.53229 0.894737 673 47404 671 32.9328 3.74169 41.5315 18.472 31.2593 511 162 0.106922
114 0.778261 0.856459 616 58992 614 32.0546 2.81058 36.7989 25.2533 27.6107 460 156 0.106257
115 0.722353 0.838798 594 44414 591 31.4738 3.39285 35.5143 21.3584 24.4405 425 169 0.0818845
116 0.821622 0.957983 738 73661 736 33.8708 2.48702 44.3874 29.2756 33.699 555 183 0.132196
117 0.754386 0.966292 694 63211 692 33.2573 2.59015 40.0696 25.6597 33.2057 570 124 0.112589
118 0.817444 0.872294 660 93234 655 35.1358 1.17612 42.1166 30.1433 32.0468 493 167 0.148855
119 0.820569 0.80819 704 54642 702 32.0219 5.7124 43.7899 28.662 28.0883 457 247 0.102409
120 0.719682 0.89604 669 59614 667 32.8046 3.56799 39.3001 23.2957 28.9013 503 166 0.107923
121 0.718254 0.876513 671 60634 669 31.4297 4.70557 40.5286 24.0423 30.1984 504 167 0.113438
122 0.899281 0.954198 556 64643 554 34.1036 3.84653 37.958 27.0115 28.9058 417 139 0.121022
123 0.479576 0.887955 867 136308 863 35.8447 1.06365 55.5516 20.4299 40.4961 661 206 0.233092
124 0.860784 0.954348 657 55379 655 32.4175 2.53885 38.3391 26.8106 30.1175 510 147 0.100187
125 0.765957 0.869215 725 67364 722 30.5583 6.16695 44.3014 29.7068 33.9191 564 161 0.11675
126 1 0.609005 423 17919 421 19.4602 19.4099 25.0865 25.0865 14.4919 257 166 0.0337356
127 0.801869 0.844488 707 81105 705 33.1959 3.02081 40.8348 29.8293 31.0677 535 172 0.137485
128 0.831481 0.967672 675 58486 673 33.8309 1.81788 39.3436 26.8559 31.3061 540 135 0.105317
129 0.739382 0.890698 687 66707 685 34.296 1.54802 41.878 25.4587 31.2289 518 169 0.11745
130 0.784232 0.933333 631 86357 626 35.3937 1.28051 39.7625 25.8479 30.8145 482 149 0.156211
131 0.942559 0.880488 508 66230 504 37.2084 1.19318 37.2492 29.9503 28.3283 383 125 0.105894
132 0.900971 0.793162 682 63964 0 34.2473 1.99502 43.5926 38.2193 33.2562 515 167 1.99029
133 0.713318 0.825065 597 42116 593 32.1493 2.46699 36.5988 23.0384 27.0718 443 154 0.0796179
134 0.808429 0.888421 729 72980 726 35.7753 1.27111 46.4634 29.8873 33.6741 522 207 0.124514
135 1 0.700461 435 17594 433 18.4443 19.4455 24.3323 24.3323 16.5637 304 131 0.0394133
136 0.831461 0.854503 603 86600 601 33.7917 1.53146 38.9397 28.0339 28.1717 445 158 0.15305
137 0.664783 0.884712 710 79152 708 34.4823 2.08217 46.3806 24.7357 34.1506 531 179 0.136234
138 0.701887 0.978947 658 78506 653 36.8807 1.24934 43.376 24.0999 34.4618 530 128 0.128841
139 0.725136 0.973301 699 70204 697 34.8463 1.89485 44.2493 24.2766 33.248 553 146 0.120687
140 0.799235 0.895075 665 75802 663 33.383 3.2483 42.2275 28.8825 33.1189 523 142 0.124573
141 0.868852 0.91974 619 44871 617 31.7387 3.83106 36.1007 27.0941 28.6841 488 131 0.0820154
142 0.852273 0.829646 607 44746 605 31.3729 3.77542 36.6356 27.2605 26.2324 440 167 0.0822482
143 0.653137 0.880597 725 69041 723 34.8176 1.73073 44.8448 23.4013 32.4998 542 183 0.120756
144 0.959135 0.850746 553 65816 0 37.4376 0.768812 40.0264 33.6068 29.9958 416 137 1.365
145 0.84492 0.978328 556 40677 554 23.1794 14.9566 34.5436 18.1962 21.1865 374 182 0.0878566
146 0.793333 0.890274 658 77156 656 36.0155 1.63883 42.7412 26.1893 29.4129 450 208 0.132211
147 0.752981 0.980044 679 70110 677 32.5471 2.75894 40.5288 27.1878 35.5807 587 92 0.121748
148 0.848197 0.906694 727 72103 0 35.4062 2.21245 45.7393 31.684 33.38 527 200 2.30547
149 0.838776 0.885776 642 77070 637 33.2083 2.71006 41.4359 30.1774 31.1299 490 152 0.126837
150 0.793522 0.92891 675 49921 673 35.1293 2.44092 42.8442 27.2203 31.8104 494 181 0.093184
151 0.811765 0.884615 537 50653 525 32.1334 2.92763 34.3369 24.675 27.2052 425 112 0.0866452
152 0.74186 0.768675 657 68904 655 34.8498 1.80496 41.1501 26.0805 27.5926 430 227 0.117913
153 0.900709 0.828711 784 85527 0 33.5749 1.44362 47.7396 37.4694 33.7932 564 220 2.62246
154 0.742 0.772917 724 60843 721 34.2244 2.3654 46.5177 30.2611 31.6365 500 224 0.108542
155 0.908654 0.868966 579 75271 576 37.7559 0.948522 40.1115 30.1617 29.2058 416 163 0.117792
156 0.79235 0.970982 686 65530 679 33.2782 2.90401 43.404 28.1516 35.2371 549 137 0.11569
157 0.792793 0.92827 683 72925 681 32.1994 4.154 42.7908 29.66 34.9498 555 128 0.12887
158 0.878505 0.902111 708 72394 0 35.7634 1.83364 46.6389 33.6475 35.3215 535 173 2.17329
159 0.781588 0.903967 718 55410 0 33.3557 2.59228 48.0104 31.5881 37.2164 554 164 2.21124
160 0.832685 0.857715 677 60605 675 33.1823 2.89158 39.3172 29.176 29.8844 514 163 0.1083
161 0.710317 0.81549 696 73117 694 32.0012 2.71274 42.9857 26.9514 31.5157 504 192 0.125214
162 0.699234 0.765199 778 81478 770 35.9369 1.73048 49.4784 30.2 33.283 522 256 0.155325
163 0.865672 0.863524 586 58909 584 28.5105 9.54821 37.5291 25.4249 25.1446 402 184 0.0993293
164 0.80035 0.862264 829 104871 0 36.1463 1.11907 51.4944 32.7242 35.2066 571 258 2.93814
165 0.766257 0.891616 761 80409 0 36.6196 0.622397 51.2239 32.1882 37.932 569 192 2.45282
166 0.803468 0.983491 677 63968 675 35.654 2.24568 44.2679 25.7686 31.7836 519 158 0.132345
167 0.852126 0.848987 682 70434 1 31.8812 4.02701 41.5161 33.5584 33.4279 541 141 2.01025
168 0.864486 0.813187 589 79504 587 34.7757 1.6079 39.1231 30.2904 28.2489 428 161 0.126691
169 0.727848 0.934959 517 31833 515 21.5985 17.0564 31.4886 14.0196 18.3116 316 201 0.0604819
170 0.703499 0.85078 753 117531 749 35.2761 1.3061 49.8987 29.7613 36.548 543 210 0.197749
171 0.857477 0.88862 617 43570 615 31.2246 5.76835 40.1384 26.5798 27.3471 428 189 0.0860825
172 0.799629 0.883197 715 45335 713 32.057 4.20196 41.4442 27.7348 30.9883 539 176 0.0939395
173 0.968059 0.914153 550 48916 547 34.7315 3.90759 37.6319 29.8662 28.3902 407 143 0.0838236
174 0.578218 0.954248 612 53699 610 31.2784 3.64359 37.5466 17.6418 31.3547 505 107 0.0938278
175 0.618629 0.9437 708 90066 706 34.3433 2.10438 47.3963 22.7344 37.6324 569 139 0.150276
176 0.741935 0.834467 707 90031 705 34.9015 1.75709 44.7251 26.9467 30.8424 496 211 0.149512
177 0.848214 0.929095 613 80542 608 34.9274 1.47851 41.0726 27.2084 29.9072 448 165 0.129105
178 0.752083 0.816742 693 62446 689 33.4259 1.9178 42.3239 26.1121 27.766 480 213 0.111408
179 0.792771 0.808354 612 65732 610 34.4316 1.41347 38.3369 25.4827 25.8292 415 197 0.11955
180 0.92257 0.823529 785 67577 0 33.6763 2.70063 47.0506 41.4951 36.5195 607 178 2.6206
181 0.73064 0.868 794 82053 789 34.619 2.13389 48.0137 29.9034 36.3718 594 200 0.153905
182 0.762864 0.899736 668 101349 664 34.0975 1.33296 42.7335 22.5652 27.4133 447 221 0.162597
183 0.681917 0.864641 641 69091 637 33.6607 2.11686 40.4714 22.7016 29.4815 459 182 0.11783
184 0.985965 0.792666 746 78086 0 35.1208 1.3578 48.8196 46.1876 37.1627 570 176 2.40241
185 0.71371 0.912371 691 58172 689 32.578 2.75317 42.1476 22.1396 28.7065 496 195 0.107455
186 0.635209 0.943396 746 121777 742 37.3577 0.841958 53.2708 25.8156 39.7665 551 195 0.201041
187 0.673423 0.821429 635 63078 633 33.1127 2.01863 38.3952 21.4039 26.8551 444 191 0.109533
188 0.667436 0.979661 587 84700 583 34.9884 1.19227 37.6162 17.198 25.7327 433 154 0.133687
189 0.790287 0.84434 665 68015 663 34.8815 2.26867 44.0368 26.584 28.4299 453 212 0.126379
190 0.88015 0.910853 692 55275 0 34.5456 1.0558 44.6834 34.0533 34.9526 534 158 2.04115
191 0.738189 0.782881 697 92921 685 34.6777 1.39548 43.0826 29.1409 31.3678 508 189 0.151539
192 0.799136 0.889423 631 78386 629 35.3755 2.4818 43.9991 26.3686 29.9331 463 168 0.125476
193 0.909524 0.864253 614 53739 612 38.0447 0.902558 42.7455 30.0288 28.6658 420 194 0.0990434
194 0.801619 0.813142 712 80177 705 33.3955 3.23367 43.0339 29.8525 29.7458 494 218 0.155588
195 0.711198 0.918782 782 88217 777 33.32 2.85179 49.4856 24.3521 32.723 509 273 0.154389
196 0.716628 0.983923 568 53868 566 35.3716 1.67294 37.4881 18.4347 26.1515 427 141 0.092772
197 0.736111 0.986702 693 94992 689 38.8479 0.640515 52.5502 25.7838 35.8709 504 189 0.162003
198 0.807339 0.901639 670 64572 668 34.0695 2.28839 40.1233 29.1798 32.8008 545 125 0.113653
199 0.750439 0.934354 790 104746 783 36.3544 1.5978 52.7199 30.2399 38.3879 569 221 0.18778
200 0.840263 0.824034 652 79368 647 34.7388 1.34751 42.1372 30.1529 29.679 457 195 0.127821
201 0.928412 0.757299 619 70437 0 36.8717 1.32286 43.439 38.8919 31.3214 447 172 1.72077
202 1 0.718519 541 38925 539 24.5792 12.8191 30.0208 30.0208 21.5422 388 153 0.0654926
203 0.892683 0.863208 603 85213 600 39.1021 0.132731 44.5748 30.5676 29.6324 410 193 0.131634
204 0.832298 0.895323 636 43823 634 28.9864 7.493 39.8441 28.4384 30.3042 483 153 0.0839524
205 0.755789 0.94723 600 63922 594 33.9232 2.36381 38.5903 24.1096 30.7578 475 125 0.107064
206 0.765351 0.758696 649 70454 647 34.0514 1.61549 40.6621 28.9567 28.5075 456 193 0.118744
207 0.712803 0.863732 760 70839 758 35.4126 1.94405 45.5367 27.1222 35.0213 578 182 0.12845
208 0.716157 0.921348 619 71999 617 33.2178 3.81682 38.8404 21.2906 27.3249 458 161 0.129715
209 0.821826 0.816372 622 46587 620 33.5336 2.45687 37.7601 27.3204 27.7918 449 173 0.105359
210 0.828629 0.976247 648 64171 646 34.9335 1.79812 41.9174 27.4566 33.1697 496 152 0.11511
211 0.677936 0.987047 752 117883 747 34.8843 1.57291 49.5019 21.9901 33.5242 562 190 0.189637
212 0.787611 0.812785 645 69257 642 33.7743 2.61044 40.9584 27.6625 28.3259 452 193 0.117173
213 1 0.281818 331 10529 329 10.301 29.1851 17.9996 17.9996 4.77439 93 238 0.0209344
214 0.792308 0.899563 634 86726 632 33.2986 2.64168 39.3979 28.5753 32.5587 520 114 0.140627
215 0.910995 0.899225 526 56515 524 37.4959 1.00531 37.882 27.1316 26.8323 382 144 0.0940617
216 0.662857 0.830549 720 84406 718 33.9786 2.10993 45.3273 26.9126 33.3254 525 195 0.142017
217 0.726923 0.855204 713 91876 711 33.2628 2.11804 42.5427 27.0466 31.1146 520 193 0.167501
218 0.822547 0.883408 657 55666 655 36.9677 1.29166 44.155 29.9449 31.2219 479 178 0.108338
219 0.711735 0.86646 609 43814 607 31.5203 3.20944 34.7815 18.177 22.2941 392 217 0.0837239
220 0.911548 0.839367 590 60427 588 35.5813 1.14364 40.397 30.368 27.8215 407 183 0.101965
221 0.886957 0.839506 628 72088 0 36.2806 1.57827 42.3023 32.2559 31.1655 460 168 1.71862
222 0.842301 0.890196 806 81717 802 30.6448 5.76859 48.4253 30.4492 32.766 539 267 0.143499
223 0.779545 0.890909 653 54482 651 30.526 7.79556 43.8789 24.5656 27.7585 440 213 0.0977671
224 0.817181 0.994638 621 66198 619 34.9685 1.95389 42.3924 22.6906 28.1478 454 167 0.123262
225 0.822323 0.960106 594 59933 591 35.2248 1.11898 39.7004 23.3852 28.1114 439 155 0.114266
226 0.740899 0.878173 618 49054 616 32.4856 2.63563 38.0533 23.871 28.6702 467 151 0.0911357
227 0.763485 0.857809 685 91088 676 36.125 0.849139 44.9697 27.8647 32.0902 482 203 0.149103
228 0.851598 0.873536 583 73168 568 36.6315 0.26473 39.1751 29.1454 29.592 438 145 0.118073
229 0.679293 0.934028 544 61605 535 31.5759 4.55097 32.5952 15.8763 22.5832 396 148 0.100885
230 0.879747 0.900648 649 60862 647 34.7802 1.49029 41.8147 29.256 30.2251 474 175 0.106389
231 0.75705 0.935657 592 84037 590 34.232 2.00657 37.7395 23.9069 28.9729 461 131 0.133626
232 0.835398 0.830986 761 72514 0 34.4492 1.6508 46.734 35.0514 35.136 565 196 2.47165
233 0.733002 0.891129 781 75768 774 33.6965 3.17031 49.4921 30.5876 38.5365 603 178 0.146849
234 0.846307 0.846307 654 69806 0 34.8571 1.42844 42.2047 32.5545 32.2042 501 153 1.88463
235 0.976 0.873508 576 52632 574 37.4056 0.613541 39.8925 29.1307 26.1286 375 201 0.0904138
236 0.769685 0.951338 744 56868 742 31.8985 3.57772 41.918 23.3349 28.8351 508 236 0.107123
237 0.732632 0.792711 649 56286 647 32.1958 3.09139 39.1164 27.12 28.0156 475 174 0.0991733
238 1 0.779352 495 37761 493 24.7796 12.1958 29.9746 29.9746 23.1971 385 110 0.0612884
239 0.982107 0.816529 624 52834 0 35.8457 1.26558 43.3347 41.9255 35.3641 503 121 1.68004
240 0.712575 0.88806 701 99274 699 37.156 0.923326 48.3127 26.0375 33.1407 501 200 0.178513
241 0.867308 0.926078 671 55197 669 28.8317 9.12055 42.1839 29.2065 32.1451 520 151 0.100693
242 0.775824 0.782705 662 51132 660 33.2953 3.02386 42.0101 28.8501 28.171 455 207 0.0938675
243 0.757634 0.947494 635 46818 633 33.7159 5.0227 44.6756 28.4281 35.5999 524 111 0.0863941
244 0.859914 0.952267 624 75127 622 36.6253 1.36194 42.5325 28.9511 32.1808 464 160 0.122176
245 0.730594 0.924855 618 69033 611 33.3229 2.24773 38.8388 21.0657 26.989 438 180 0.115165
246 0.627599 0.892473 690 64225 688 29.8462 6.75063 42.6907 22.5174 32.7234 529 161 0.112642
247 0.603659 0.980198 654 71477 652 34.822 2.14428 44.0511 19.1324 31.4889 492 162 0.119756
248 0.820755 0.923567 705 80983 703 33.3593 1.52237 43.7092 28.7162 33.1033 530 175 0.147326
249 0.742915 0.890777 634 51530 632 31.8674 2.35516 36.2262 22.3839 27.7705 494 140 0.103721
250 0.856397 0.761021 583 69524 581 35.5207 1.57335 38.5699 28.3793 25.6651 383 200 0.114886
251 0.848485 0.935282 680 79751 675 33.2528 3.56179 42.1327 30.1594 33.1624 528 152 0.136443
252 0.865604 0.926829 628 74967 626 35.9464 0.859047 41.1776 26.9108 29.182 439 189 0.124352
253 0.729981 0.965517 676 88455 674 33.5305 2.10042 42.9155 25.1281 33.0158 537 139 0.144682
254 1 0.7431 472 32024 470 21.9603 15.5638 26.4775 26.4775 19.5861 350 122 0.0541623
255 0.918519 0.937618 738 72735 0 37.7523 0.941003 51.1516 35.042 36.0543 540 198 2.33848
256 0.684631 0.786697 691 67607 689 32.6623 1.95869 39.5643 25.8051 29.58 501 190 0.120404
257 0.8431 0.946921 702 101538 0 37.0304 1.06495 47.1144 30.8965 34.5358 529 173 2.15312
258 0.810155 0.929114 591 67193 589 35.3212 1.36492 41.4888 27.4237 31.0334 453 138 0.133508
259 0.716075 0.888601 660 84388 658 33.9764 1.92938 38.9909 22.4218 28.484 479 181 0.143937
260 1 0.655087 404 18562 402 21.5995 16.5343 25.216 25.216 16.1797 264 140 0.0343331
261 0.957115 0.807566 691 59010 0 31.241 5.15133 40.4885 36.0363 30.3358 513 178 2.05834
262 0.806071 0.939096 823 93411 820 33.4745 2.74769 48.0482 29.8071 34.3139 593 230 0.17592
263 0.815324 0.890558 716 102268 0 35.1317 1.33944 47.2567 30.7189 34.2398 509 207 2.24919
264 0.87033 0.912442 581 59999 579 35.1541 1.61062 38.5725 28.4865 29.9361 455 126 0.100542
265 0.962756 0.80155 723 84164 0 36.6237 0.963086 47.3723 42.8536 35.9427 537 186 2.27867
266 0.603478 0.790433 771 117121 766 34.6814 2.99281 49.1327 26.6725 36.3548 575 196 0.201994
267 0.800718 0.95914 728 59801 726 33.5588 2.43586 44.0604 28.3327 34.4078 557 171 0.121884
268 0.80381 0.98829 575 37084 573 28.2738 9.57484 36.2423 26.8982 33.446 525 50 0.0868247
269 0.833638 0.923077 751 109338 746 34.5143 1.67436 45.9198 30.1097 33.0896 547 204 0.178411
270 0.993072 0.769231 615 56644 0 33.7814 3.18636 40.6685 37.4064 28.7343 433 182 1.64177
271 0.806667 0.823129 614 60171 612 32.8066 2.50381 36.4031 25.6074 25.8807 450 164 0.103615
272 0.773585 0.938931 599 57936 597 33.8654 1.55656 35.8899 23.581 28.4707 477 122 0.0999093
273 0.76773 0.929185 695 75415 689 33.6963 3.40999 45.3575 30.4148 36.9305 564 131 0.135617
274 0.718876 0.94709 679 69619 667 34.8324 1.79279 44.0147 24.4969 31.8351 498 181 0.13213
275 0.756458 0.949074 681 96430 678 34.2342 2.54079 43.6537 26.9743 33.3761 542 139 0.170406
276 0.84296 0.956967 723 82174 721 33.8367 3.03647 44.3989 30.0808 34.6901 554 169 0.140731
277 0.672131 0.961877 644 80157 630 33.2185 1.67517 38.4915 19.447 28.7291 488 156 0.131008
278 0.721868 0.897098 615 80876 613 32.8281 2.61663 37.8051 23.1967 29.1221 471 144 0.130411
279 0.924051 0.9125 585 45269 583 35.523 2.67492 40.4585 27.8204 27.4531 395 190 0.0814192
280 0.669173 0.866883 580 62984 578 31.7845 2.00122 35.9284 17.9747 23.5685 399 181 0.105156
281 0.700772 1 519 46326 517 25.8186 11.5287 30.8472 21.4334 30.8472 518 1 0.0790535
282 0.732342 0.935867 711 98715 707 34.8965 1.38245 44.9837 25.8648 34.0781 538 173 0.159833
283 0.58444 0.846154 683 88689 670 32.307 3.56703 42.9862 22.4052 33.1878 527 156 0.162606
284 0.776596 0.964758 760 95958 756 37.7181 0.575382 49.8211 30.1636 37.521 564 196 0.161666
285 0.855186 0.954148 662 57834 660 35.5862 1.69077 42.6359 28.6047 32.6387 511 151 0.101564
286 0.750649 0.91746 520 33511 518 27.4704 9.28515 32.0749 17.9578 22.2968 385 135 0.0616021
287 0.602024 0.944444 759 83574 757 35.1453 1.34691 47.3176 21.9738 36.6119 593 166 0.142929
288 0.779255 0.791892 581 52313 579 30.6361 6.95827 38.4 23.5298 23.8201 376 205 0.0893818
289 0.717268 0.979275 733 76659 731 34.8882 2.4132 49.079 23.536 32.4848 527 206 0.131863
290 0.693712 0.991304 636 95637 631 37.5008 0.833056 45.0444 21.9746 32.862 493 143 0.150002
291 0.909859 0.904762 586 49087 584 35.6691 1.75785 38.441 23.123 23.268 355 231 0.0892253
292 0.749536 0.90991 730 75491 728 38.3703 0.961171 52.1973 29.1337 35.3754 539 191 0.154008
293 0.862403 0.954936 724 64333 721 32.6622 6.5876 50.3961 30.0399 33.4746 516 208 0.116366
294 0.8 0.873786 606 56881 604 32.8166 2.46875 36.5008 25.1318 27.642 450 156 0.0998164
295 0.690519 0.784553 761 62303 759 32.8878 2.64687 43.6093 29.1546 32.4248 559 202 0.117535
296 0.868687 0.92973 601 61582 599 26.4785 11.6007 35.6467 20.7584 22.1168 396 205 0.104661
297 0.758964 0.85426 618 66892 615 33.9889 4.20992 41.5533 29.8539 33.4762 502 116 0.109477
298 0.870879 0.972393 545 74464 543 39.3734 0.716677 41.1458 22.1711 24.9755 364 181 0.11749
299 0.782383 0.796834 589 81741 587 32.4939 2.70177 36.1369 22.4339 23.2154 386 203 0.130007
300 0.747934 0.880779 694 62436 692 34 1.63081 43.7123 24.7759 29.5794 484 210 0.116369
301 0.70068 0.95814 743 64412 741 32.3293 4.50494 43.8993 24.2302 33.5307 588 155 0.133503
302 0.820702 0.938689 673 72097 671 35.9375 1.60599 43.0718 29.8565 34.4785 541 132 0.12599
303 0.830508 0.927027 549 49018 519 33.6194 3.04375 35.2885 23.9425 26.4183 413 136 0.0844031
304 0.834331 0.861856 652 53567 648 33.0489 3.69546 40.253 30.3646 31.2434 501 151 0.0996107
305 0.745935 0.929114 643 47592 641 31.9748 4.91744 39.1347 23.4692 29.4783 492 151 0.0889425
306 0.886288 0.902896 772 53801 0 34.3821 3.5039 49.2437 37.1407 37.1824 598 174 2.52746
307 0.852423 0.969925 582 43737 580 33.5206 1.93577 37.5535 25.1441 28.4848 454 128 0.0802451
308 0.816764 0.903017 680 61888 678 32.7969 2.96582 40.0224 26.5667 29.0718 513 167 0.111919
309 0.738046 0.872236 682 58354 680 32.8572 3.23822 42.0171 25.1128 29.7168 481 201 0.106733
310 0.72905 0.878788 531 35106 529 22.9773 13.5601 30.7223 16.9331 20.5837 358 173 0.0656736
311 0.76673 0.806841 733 64141 728 31.1394 5.47857 45.8202 30.1004 32.0873 523 210 0.121587
312 0.862408 0.808756 566 66008 564 35.1443 1.77596 35.3757 27.722 25.0234 407 159 0.118847
313 0.696252 0.880299 606 39708 604 31.1766 5.06144 37.1997 24.4576 31.1277 507 99 0.077658
314 0.672065 0.885333 645 86106 638 33.9074 1.93484 42.4483 23.8248 31.5958 494 151 0.141564
315 1 0.967532 463 28344 461 25.2569 10.8641 26.8322 26.8322 25.8406 447 16 0.0496554
316 0.743455 0.853707 783 109859 779 35.1948 1.57553 47.5529 29.8751 35.4555 573 210 0.182217
317 0.779141 0.839207 667 80587 664 35.7254 1.9987 43.9754 29.91 32.134 489 178 0.130663
318 0.83691 0.845987 690 62701 688 25.218 12.5591 41.1519 26.9687 27.7054 466 224 0.113038
319 1 0.504739 423 20162 421 14.9525 24.288 23.8134 23.8134 11.7609 213 210 0.0366111
320 0.861809 0.897906 537 40420 535 28.0643 9.7384 33.8449 24.0953 25.0606 398 139 0.0729498
321 0.8 0.779817 592 59242 590 29.7737 8.21843 37.3962 27.2449 27.3139 425 167 0.101393
322 0.71179 0.835897 684 89903 682 33.7769 2.03618 42.3902 22.9205 27.0916 458 226 0.162469
323 0.88009 0.878104 591 63400 589 35.8443 1.23608 38.0228 28.6244 28.7587 442 149 0.109431
324 0.8736 0.786744 818 81519 0 35.2486 1.12954 49.6196 42.9876 38.0868 625 193 2.86336
325 0.70068 0.880342 629 45621 625 32.5727 2.97697 36.7373 20.8174 26.4856 441 188 0.084756
326 0.8833 0.944086 596 83212 0 36.1489 1.38068 40.123 31.5886 33.4571 497 99 1.57334
327 0.581301 0.775068 622 53695 620 32.6105 2.48185 37.513 21.0894 29.5441 492 130 0.0958581
328 0.827869 0.950588 629 76697 626 34.8646 1.33753 40.5565 27.2953 31.1201 488 141 0.128306
329 0.728723 0.929864 724 61322 722 32.5128 3.94866 44.0945 26.9481 34.4369 564 160 0.134191
330 0.620561 0.862338 722 98509 720 33.9349 2.04838 45.0815 23.5644 33.1224 535 187 0.163671
331 0.686992 0.834568 618 51290 616 32.969 3.92851 38.8388 25.7273 31.3726 492 126 0.0932078
332 0.716475 0.92804 725 74584 719 36.4479 0.997019 49.9348 26.2682 34.2057 522 203 0.129941
333 1 0.697425 467 31116 463 22.6408 13.4138 27.2242 27.2242 18.7885 325 142 0.0524568
334 0.746429 0.952164 719 49019 716 32.9942 3.57471 45.52 28.2297 35.4606 560 159 0.0999432
335 0.806122 0.842217 655 50882 636 33.5741 2.12471 39.6627 28.4045 29.6322 490 165 0.0939931
336 0.81741 0.873016 594 57277 592 36.645 1.03424 38.9747 29.0587 31.1642 471 123 0.0994957
337 0.711896 0.86456 700 83992 698 34.6725 1.52788 43.1655 27.4314 33.5554 538 162 0.140199
338 0.952577 0.756137 639 78448 1 35.0503 1.78987 43.7942 41.9982 33.639 485 154 1.81398
339 0.734146 0.877551 546 51218 544 35.8978 1.09893 35.6045 22.3526 26.9811 410 136 0.0888334
340 0.793785 0.761518 508 45374 504 34.5196 2.34227 32.8293 23.7685 23.3054 354 154 0.0778932
341 0.625272 0.982877 644 49944 642 34.1857 1.85888 38.7795 15.9136 26.0906 459 185 0.0921517
342 0.726368 0.741117 611 47916 609 32.204 2.42634 37.8008 23.5352 25.0042 402 209 0.0870056
343 0.80397 0.81 558 36671 556 34.1686 2.31174 35.4262 25.5734 25.7231 403 155 0.0694375
344 0.890698 0.884527 568 56068 566 33.9764 1.65963 35.855 27.6811 27.1515 430 138 0.0956531
345 0.755011 0.965812 604 69009 600 33.1469 2.32191 38.1413 20.0925 27.1654 449 155 0.119378
346 0.819343 0.901606 747 79250 0 33.0699 4.98598 49.803 33.4157 36.7271 548 199 2.4152
347 0.971751 0.812598 674 87632 0 33.4062 1.91945 44.2028 41.5385 33.7302 531 143 1.97961
348 0.899244 0.822581 581 80460 579 36.5617 1.27255 39.3694 29.473 26.4525 397 184 0.130017
349 0.864499 0.891061 526 53108 524 32.5209 2.368 31.4899 21.1471 21.8686 369 157 0.0887478
350 0.804 0.922018 658 74292 656 32.9438 2.50708 40.9404 27.1086 31.4006 500 158 0.123096
351 0.801619 0.883929 669 76966 663 34.5931 1.59313 43.901 27.8998 30.5052 494 175 0.127741
352 0.83038 0.913649 572 65795 569 33.0631 2.91144 37.1029 22.4647 25.1559 395 177 0.108681
353 0.750965 0.82241 728 88794 726 36.3936 0.67979 45.839 30.2694 32.5993 518 210 0.149474
354 0.709611 0.974719 673 80904 671 36.0164 3.12253 47.9665 23.0263 32.4081 489 184 0.135561
355 0.83682 0.898876 675 81910 673 36.1625 1.22898 44.7489 28.1319 30.4234 478 197 0.151239
356 0.998028 0.735465 715 108812 0 34.7222 2.41394 47.4683 45.7234 33.8925 507 208 2.22801
357 0.703436 0.92399 709 76950 707 33.9047 1.92301 46.4713 26.4609 35.5624 553 156 0.12878
358 0.870968 0.949749 540 61071 535 34.7237 1.09539 35.5317 26.6158 29.0866 434 106 0.107783
359 0.787815 0.892857 631 69496 629 34.1947 1.77665 39.3023 25.9544 29.9785 476 155 0.12835
360 0.915354 0.87242 702 83200 0 37.3124 1.03056 47.8754 36.1871 34.1372 508 194 2.14582
361 0.905312 0.911628 603 83342 601 36.7592 0.848374 39.2961 28.1239 28.0721 433 170 0.131851
362 1 0.575453 498 30894 496 19.5048 18.3434 29.5438 29.5438 15.8837 286 212 0.0604271
363 0.785859 0.89016 679 59686 677 32.225 3.39858 40.147 24.8025 28.5831 495 184 0.125586
364 0.776087 0.832168 636 74193 632 36.3852 1.09891 45.0807 30.3976 32.945 460 176 0.127136
365 0.366853 0.887387 718 53078 716 32.6641 4.06828 43.5213 11.8807 32.3212 537 181 0.101847
366 0.857923 0.951515 666 77129 664 33.3694 3.27956 39.4524 29.2334 32.5581 549 117 0.129018
367 0.778761 0.909091 799 82658 0 33.3487 4.04539 50.2887 31.3833 36.6773 565 234 2.74446
368 0.716157 0.908587 700 68063 698 32.3739 3.30087 41.5604 21.1457 27.2781 458 242 0.120087
369 0.927039 0.850394 616 38029 614 31.1363 5.3336 36.7519 30.3973 28.1509 466 150 0.0751474
370 0.728571 0.871795 787 79822 779 34.6675 3.13443 53.5933 30.588 36.3581 560 227 0.157218
371 0.796258 0.888631 688 74968 684 33.9625 1.26783 42.718 25.8282 29.0092 481 207 0.147166
372 0.889597 0.912854 622 76145 619 32.9074 2.71605 39.7171 29.8394 30.3614 471 151 0.12434
373 0.723368 0.866255 782 75568 778 34.8586 1.893 47.2909 29.7045 35.0933 582 200 0.135879
374 0.750973 0.861607 688 83583 686 34.4199 1.58667 44.7728 27.7472 31.9139 514 174 0.140134
375 0.782796 0.957895 666 50230 664 31.5591 5.80401 42.4838 23.1585 28.0146 465 201 0.0941613
376 0.73975 0.949657 710 76279 704 35.8951 0.969121 46.4354 28.8883 36.9849 561 149 0.13205
377 0.804054 0.816934 610 76555 604 32.5325 2.95853 36.7095 26.4381 26.6139 444 166 0.123664
378 0.756989 0.93617 550 33057 548 31.8961 3.5631 32.656 21.9882 27.358 465 85 0.0648418
379 0.890951 0.901408 656 75164 638 35.9969 1.06378 44.8536 30.057 29.9893 431 225 0.149831
380 0.734345 0.902098 644 85980 639 35.2162 0.860002 45.9998 30.5107 38.2183 527 117 0.160456
381 0.740143 0.871308 759 72720 757 34.5782 2.69382 50.1095 29.6496 35.3259 558 201 0.133593
382 0.845494 0.774067 684 47726 682 30.607 6.25244 39.6114 30.352 27.5922 466 218 0.0933286
383 0.81382 0.782288 728 86177 0 35.0022 1.67184 46.4165 35.425 33.263 521 207 2.31114
384 1 0.768212 454 59120 452 20.0605 17.9368 27.7897 27.7897 20.894 348 106 0.0884007
385 0.853801 0.9125 654 65116 0 36.0083 1.14882 43.6263 32.6192 34.8179 513 141 1.83857
386 0.645221 0.906977 699 83998 696 33.8703 2.92584 47.0827 23.5357 35.9307 544 155 0.141764
387 0.832952 0.82167 656 75083 654 34.4746 1.25042 41.5592 28.4427 28.3193 437 219 0.122585
388 0.880412 0.893305 712 62813 0 34.3531 3.69513 49.8833 32.3134 32.3129 485 227 2.18376
389 0.86165 0.929319 468 25827 466 30.3447 9.69351 32.3047 26.5192 28.5391 412 56 0.0503933
390 0.729124 0.828704 642 48335 640 32.9614 1.61627 40.4233 26.7371 30.6674 491 151 0.0893075
391 0.835671 0.954233 704 58115 700 35.9115 1.67839 50.8129 30.4334 34.7826 499 205 0.106782
392 0.745562 0.908654 655 46907 653 31.7839 3.09529 38.1786 23.9082 30.2764 507 148 0.0996156
393 0.724771 0.958738 689 66060 687 33.1383 1.92379 42.5666 25.0245 32.8422 545 144 0.129721
394 0.763326 0.852381 635 52666 633 32.0518 2.7578 38.0264 24.3819 26.9414 469 166 0.0945963
395 0.877462 0.897092 687 105412 684 37.7812 0.327796 48.2946 30.1637 30.659 457 230 0.162299
396 0.824524 0.960591 655 88936 652 38.2696 0.560003 46.1579 27.5816 31.9939 473 182 0.145904
397 0.921466 0.836105 565 55193 554 36.6759 1.28609 38.0849 28.1992 25.6125 382 183 0.0931136
398 0.778656 0.744802 750 101160 0 34.8019 1.9519 48.557 34.3562 32.9414 506 244 2.44157
399 0.965957 0.800705 620 61359 0 34.9684 1.01059 39.3426 36.1368 29.5821 470 150 1.67077
400 0.841649 0.869955 589 34943 587 30.1671 6.63765 38.6516 29.1619 29.9576 461 128 0.0694965
401 0.853234 0.846914 559 54076 401 35.3836 2.95763 37.3664 27.1581 27.0409 402 157 0.109022
402 1 1 482 51417 478 24.9968 12.5266 29.2348 29.2348 29.2348 481 1 0.0988999
403 0.697987 0.920354 618 50177 616 33.6958 1.91421 39.8268 19.6164 27.3423 447 171 0.0972382
404 0.946488 0.738903 482 23814 480 24.5274 13.9786 31.2515 24.7461 18.489 299 183 0.0491259
405 0.802575 0.88 612 57918 610 33.0283 2.79815 39.3538 27.2267 29.9124 466 146 0.100564
406 0.838235 0.833638 685 79901 1 34.6 0.955555 41.9258 33.8155 33.5878 544 141 2.03805
407 0.748214 0.821569 778 70924 773 31.8713 4.89513 47.1953 29.9745 32.9467 560 218 0.157087
408 0.795673 0.811275 612 73216 591 33.5624 2.66276 40.5143 27.0815 26.8352 416 196 0.124283
409 0.865019 0.947917 695 52647 692 33.4229 3.05836 45.4409 30.5128 33.3009 526 169 0.0957313
410 0.758065 0.913607 731 106463 0 36.35 0.804282 50.7022 30.679 38.1751 558 173 2.3538
411 0.927152 0.708263 635 88046 0 38.3158 0.960548 47.8579 44.5011 32.8734 453 182 1.79001
412 0.792157 0.841667 706 61909 704 32.973 3.17351 42.9664 28.5959 30.9246 510 196 0.112455
413 0.789362 0.847032 595 51847 593 27.9977 8.75797 37.0142 27.3775 29.3159 470 125 0.0916812
414 0.744318 0.958537 688 60245 686 36.2134 1.00336 45.0836 26.7686 34.0643 528 160 0.107873
415 0.849785 0.866521 682 83136 680 36.4782 1.02361 45.1055 29.195 29.9832 466 216 0.138212
416 0.766544 0.865145 709 100879 706 35.3415 1.86461 45.0511 30.3223 33.7061 544 165 0.158395
417 1 0.64588 450 26859 448 18.2566 20.093 25.6901 25.6901 16.4244 290 160 0.0460025
418 0.819802 0.9 629 53720 627 34.5281 2.24624 39.5548 29.1109 31.8975 505 124 0.0961112
419 0.901437 0.783929 624 71990 0 33.5945 1.52892 39.6516 35.5068 31.176 487 137 1.69566
420 0.835616 0.884058 726 86950 723 36.3836 0.742511 45.8039 30.3709 32.2821 511 215 0.143463
421 0.863931 0.823045 665 51829 662 31.0365 5.70546 41.1077 29.9841 28.1106 463 202 0.0922177
422 0.8375 0.853503 663 48090 660 33.9014 3.06835 42.6974 30.2662 30.1994 480 183 0.0987971
423 0.905051 0.832714 638 61975 0 36.3655 1.37375 43.7055 36.3679 32.7892 495 143 1.78354
424 0.678161 0.666667 547 36366 545 30.1268 4.20655 30.5519 19.5951 19.0774 348 199 0.0686758
425 0.735417 0.928947 670 94050 668 35.5979 1.25489 43.6839 24.8912 31.4751 480 190 0.149734
426 0.785185 0.861789 550 44352 548 32.4368 3.46755 34.3132 22.8262 24.9155 405 145 0.0791386
427 0.870564 0.877895 673 72070 0 36.0936 1.6663 47.2843 31.9331 32.4479 479 194 1.99605
428 0.797297 0.912371 592 46806 590 30.2859 4.7956 35.0577 23.5005 26.5032 444 148 0.0850951
429 0.772727 0.865741 673 109011 671 28.4402 8.78604 43.4508 27.836 31.108 484 189 0.171486
430 0.963753 0.881092 721 66672 0 36.736 1.09616 48.6098 34.6517 32.0219 469 252 2.22935
431 0.684882 0.87239 725 74665 721 34.4002 2.13599 46.7593 27.9801 35.8466 549 176 0.138464
432 0.721992 0.913386 642 61604 628 34.0372 2.01822 41.2565 24.4413 30.9158 482 160 0.107324
433 0.816667 0.861328 701 87108 1 34.3759 2.50519 43.6542 31.9054 33.6019 540 161 2.14628
434 0.810235 0.931373 609 37765 607 31.0458 4.50572 36.691 24.2442 27.6161 469 140 0.0743936
435 0.811508 0.859244 678 99408 0 36.824 1.73525 46.9521 33.2481 35.2565 504 174 2.03014
436 0.7375 0.936508 660 77469 658 35.6187 1.30655 43.5124 24.2584 30.7867 480 180 0.143449
437 0.805505 0.91841 721 56835 716 32.1851 4.43145 47.4404 30.2381 34.3826 545 176 0.129584
438 0.799578 0.85553 629 70926 627 32.0111 3.92635 40.2082 27.5222 29.7855 474 155 0.121893
439 0.605317 0.878338 684 63491 682 32.2829 5.01267 44.6073 20.3374 30.4157 489 195 0.112907
440 0.811881 0.971564 671 58833 669 35.0641 1.87095 41.6494 26.0103 31.4957 505 166 0.106421
441 0.749042 0.946731 672 84395 670 33.3401 1.89655 40.9831 25.0074 32.1038 522 150 0.139742
442 0.813043 0.842342 654 51753 652 30.8073 6.81236 42.3325 27.8482 28.5567 460 194 0.0952688
443 0.924623 0.867925 577 70148 575 37.9516 0.844724 41.159 30.2445 29.0183 398 179 0.115519
444 1 0.776184 745 73523 0 36.4359 1.14753 47.0134 44.4374 34.4022 541 204 2.39629
445 0.724584 0.935561 710 96793 708 35.1449 0.811221 44.2319 24.9993 32.6153 541 169 0.158055
446 0.796748 0.848485 676 53592 674 32.4363 3.36407 41.0327 26.6803 28.5577 492 184 0.0992743
447 0.692453 0.897311 701 71186 698 36.3936 1.66245 48.7477 26.5685 35.6616 530 171 0.144453
448 0.723005 0.922156 568 83108 555 33.3088 2.65163 37.2937 21.4752 27.9344 426 142 0.135697
449 0.752033 0.958549 683 89586 681 36.3805 0.571147 45.0485 22.863 29.5922 492 191 0.147503
450 0.861723 0.884774 673 60857 0 33.8699 3.04104 43.1597 31.1743 31.8866 499 174 1.92866
451 0.78803 0.918605 546 41052 457 33.6576 2.01467 34.567 21.2473 24.8902 401 145 0.0708845
452 0.838323 0.84507 696 80138 0 35.1052 1.54233 45.6159 31.8035 31.2191 501 195 2.06435
453 0.909722 0.815353 580 45146 578 25.8641 11.1293 34.5023 28.998 25.5615 432 148 0.0808266
454 0.817156 0.880779 591 54287 587 35.9995 2.03927 40.043 27.8912 30.256 443 148 0.0984087
455 0.761161 0.909333 579 47191 564 32.6571 3.28811 33.8613 22.2637 26.1844 448 131 0.0832692
456 0.930973 0.873754 704 80859 0 34.2589 3.4239 45.8621 39.3528 37.2225 565 139 2.15259
457 0.954296 0.746781 774 59082 0 35.8916 1.33907 49.4926 45.4719 34.6855 547 227 2.54133
458 0.890661 0.851852 667 88252 664 36.6646 0.879866 45.3456 30.443 29.221 439 228 0.138798
459 0.815603 1 565 52644 563 27.3532 11.3474 35.783 29.0818 35.783 564 1 0.0912914
460 0.810573 0.92 586 72735 579 32.9093 3.04505 36.8101 25.1659 28.5147 454 132 0.120248
461 0.841076 0.803738 586 54621 0 35.9911 3.92425 43.7725 31.8184 30.7076 409 177 1.51062
462 0.915521 0.83066 657 53120 0 33.9937 2.70262 42.3203 36.4762 33.1494 509 148 1.88775
463 0.707424 0.917847 626 60540 624 34.8727 1.77076 40.3127 22.361 29.926 458 168 0.104969
464 0.847682 0.85906 650 66673 648 34.6524 1.88023 41.9304 28.5619 28.5115 453 197 0.114507
465 0.798095 0.956621 722 63841 720 35.4321 1.38676 49.7532 27.8114 33.5198 525 197 0.115885
466 0.7 0.773869 609 74124 607 35.5316 1.18696 41.0144 26.5434 29.1155 440 169 0.120458
467 0.852273 0.878906 725 96976 0 35.6099 1.73289 46.9116 33.1914 34.3834 528 197 2.28815
468 1 0.556291 454 33559 452 22.0083 17.506 28.5921 28.5921 15.9113 252 202 0.055553
469 0.888 0.874016 550 33315 548 26.8221 9.61394 33.3323 22.5938 22.2619 375 175 0.0655536
470 0.858896 0.921053 639 45237 637 30.1679 5.5581 37.6486 26.6826 28.6793 489 150 0.086674
471 0.955947 0.754783 636 83334 1 32.2873 3.54105 39.1601 35.4189 27.8927 454 182 1.78138
472 0.89071 0.949515 721 77534 0 35.9678 0.596503 45.7188 32.6348 34.7935 549 172 2.25074
473 0.825175 0.882793 585 52124 574 38.4121 0.625455 39.6765 27.1405 28.9824 429 156 0.0926571
474 0.727099 0.911483 659 78951 657 34.2233 1.3644 42.1732 26.4963 33.755 524 135 0.129868
475 0.670082 0.891008 630 49879 628 34.9994 0.985479 41.3079 22.9221 32.1049 488 142 0.113772
476 0.743902 0.948187 683 70484 672 34.0726 2.32287 44.2382 24.9769 32.0023 492 191 0.137184
477 0.994832 0.681416 606 74689 0 37.2514 0.984888 42.5654 39.6856 27.5099 387 219 1.62304
478 0.888696 0.784946 755 69659 0 31.5753 5.41613 48.5345 41.5859 35.8478 575 180 2.44183
479 1 0.629187 419 21324 417 18.2929 18.9737 24.1175 24.1175 14.7679 263 156 0.0371347
480 0.807851 0.911422 644 70470 642 35.1644 1.21378 42.9089 28.2902 32.4584 484 160 0.117501
481 0.753296 0.980392 711 99357 709 37.9969 0.620024 50.3472 26.4425 34.7108 531 180 0.16062
482 0.670807 0.9 667 80436 661 33.8392 1.99649 41.4895 20.9151 28.7294 483 184 0.132798
483 0.78934 0.83378 557 53508 555 37.741 0.543538 38.8542 25.6517 28.0106 394 163 0.0922168
484 0.68097 0.975936 699 84113 697 35.3162 2.08783 48.9725 23.8274 35.565 536 163 0.146142
485 0.947479 0.802491 679 83003 0 36.436 1.19037 46.2786 38.3146 32.3707 476 203 2.00352
486 0.767821 0.856818 694 62778 692 31.7398 3.72611 43.9658 26.8353 30.0517 491 203 0.112321
487 0.807921 0.869936 699 85979 694 35.8321 1.21827 45.8035 30.2033 32.9814 505 194 0.145541
488 0.817992 0.814583 697 79949 694 33.388 1.87462 43.3135 29.7225 29.5481 478 219 0.1307
489 0.941472 0.811239 814 103275 0 35.1086 1.3017 52.5899 45.2106 39.3257 598 216 2.85656
490 0.842767 0.887417 615 47600 0 34.6697 2.7687 42.8283 31.49 33.1414 477 138 1.62909
491 0.892601 0.757085 626 41276 624 29.0607 7.88301 37.6477 29.5813 25.3586 419 207 0.0804885
492 0.837004 0.873563 582 55354 580 33.9045 2.64702 38.2418 28.8528 29.9604 454 128 0.0949776
493 0.928721 0.808394 672 82682 0 37.8662 0.738204 47.2884 38.9845 33.5236 477 195 1.97704
494 0.833333 0.892857 688 72761 685 36.8161 0.82736 47.6306 30.4723 32.9904 480 208 0.122243
495 0.744554 0.888889 698 81502 696 36.1564 1.03899 44.1192 26.7147 32.0385 505 193 0.137221
496 0.804428 0.94577 680 68135 674 36.2888 1.07381 44.4065 30.0412 35.9929 542 138 0.12569
497 1 0.25283 266 8820 264 9.88936 29.2855 15.0893 15.0893 3.3923 67 199 0.0165166
498 0.67094 0.798982 620 66955 616 32.9916 2.33399 39.3498 24.2882 29.5098 468 152 0.113266
499 0.769231 0.896686 711 84361 0 35.675 2.35539 48.4842 34.7468 41.1236 598 113 2.19286
500 0.856364 0.975155 708 63099 705 33.9907 2.3203 46.6369 30.3972 34.9836 550 158 0.109653
501 0.839034 0.854508 629 64320 627 34.5009 2.06605 38.8402 30.0744 30.9618 497 132 0.108791
502 0.754132 0.816555 668 82058 666 34.4755 1.55623 41.4126 27.9284 29.9962 484 184 0.133476
503 0.655832 0.905013 716 81223 710 34.6127 0.881661 46.5459 23.0276 32.6377 523 193 0.135884
504 0.935922 0.890943 701 77886 0 36.2387 1.20871 47.161 36.5153 34.5481 515 186 2.14687
505 0.63355 0.836559 760 73812 756 33.3052 2.85806 43.3607 27.1384 34.7763 614 146 0.131316
506 0.833984 0.928261 626 40160 624 31.8117 4.13799 39.4095 28.34 32.072 512 114 0.0790574
507 0.735849 0.923077 625 54585 623 32.5623 2.53592 36.8342 19.1805 24.1991 424 201 0.0970843
508 0.885393 0.922717 629 76132 627 29.6317 8.03716 40.7148 27.3218 28.3621 445 184 0.128041
509 0.954217 0.918794 601 53552 597 39.6269 0.297793 43.9626 29.9611 28.6981 415 186 0.108777
510 0.771186 0.921519 647 85597 645 33.2668 1.37384 39.3324 23.416 27.9146 472 175 0.141479
511 0.831915 0.92435 646 71251 644 34.1149 2.00635 41.1934 26.6594 29.3803 470 176 0.120074
512 0.905738 0.930526 672 65100 0 33.1065 3.10696 44.0669 30.9592 31.8732 488 184 1.93117
513 0.785859 0.902552 665 60393 657 32.7143 2.00151 39.2292 24.9637 29 495 170 0.106408
514 0.739754 0.911616 621 63107 615 32.9549 2.32015 39.3879 24.6621 30.335 488 133 0.119478
515 0.788603 0.932609 714 75604 711 35.0721 2.02086 45.4522 26.8188 32.1628 544 170 0.139028
516 0.672956 0.794554 635 87857 631 35.5938 1.33488 40.7164 24.1783 30.4407 477 158 0.139594
517 0.779126 0.814721 568 57018 566 33.5154 1.81838 35.0968 24.385 25.238 412 156 0.0964737
518 0.813627 0.794521 678 79072 0 33.298 3.26154 43.0601 32.5677 31.7449 499 179 1.98899
519 0.68262 0.865815 581 44499 579 30.0682 8.05321 36.7535 18.9282 24.3657 397 184 0.0947624
520 0.64271 0.915205 617 49788 615 31.9716 3.79931 38.3382 20.7711 29.9199 487 130 0.0905419
521 0.654412 0.861985 728 86137 726 34.0502 2.0856 45.8167 25.0059 33.8133 544 184 0.146051
522 0.777547 0.842342 632 68954 630 33.2664 2.32646 38.8169 27.113 29.5311 481 151 0.115683
523 0.802956 0.869333 523 43663 517 36.9374 0.919033 35.1914 25.071 27.6076 406 117 0.0767306
524 0.774775 0.964126 743 65551 741 34.9881 1.03307 43.7105 26.3645 31.8309 555 188 0.118255
525 0.707826 0.810757 781 87709 778 34.7353 1.01582 47.0192 30.3329 35.4652 575 206 0.147426
526 0.437599 0.821958 798 111366 796 33.7114 2.19999 48.0411 19.2388 38.0578 633 165 0.183142
527 1 0.63835 413 21905 411 20.706 15.4626 24.8474 24.8474 15.6066 263 150 0.0383121
528 0.725746 0.872197 675 51763 673 33.3524 1.82863 41.1982 27.1675 32.7969 536 139 0.106375
529 0.903158 0.859719 623 61766 0 37.1385 0.785966 46.5474 36.7723 35.4643 475 148 1.67423
530 0.82839 0.909302 699 67343 697 35.1366 1.30916 48.4024 27.6304 30.4001 472 227 0.120474
531 0.835031 0.983213 655 53469 653 28.2429 8.93058 41.3594 25.3433 30.0316 491 164 0.0980005
532 0.825553 0.817518 555 39621 553 30.679 3.11238 31.1819 23.0486 23.0969 407 148 0.0729948
533 0.844156 0.735294 601 67017 598 38.6738 0.27514 41.0532 30.4665 25.9695 385 216 0.108619
534 0.87291 0.774481 775 75193 0 35.268 1.86231 51.5885 44.8993 39.7099 598 177 2.56027
535 0.718676 0.858757 609 51020 607 33.1334 3.2534 39.1489 22.3215 26.8462 423 186 0.0920292
536 0.836996 0.954071 698 59029 693 37.1663 0.546505 44.799 29.8057 34.125 546 152 0.110735
537 0.746736 0.861446 544 39373 542 29.2069 6.86301 35.2434 21.4902 24.8087 383 161 0.0721179
538 0.715532 0.850622 693 58483 691 32.293 3.32135 41.33 28.4003 34.9231 573 120 0.107526
539 1 0.647815 390 20467 388 16.062 22.0501 22.0779 22.0779 13.812 252 138 0.0358695
540 0.798828 0.942396 651 56926 645 35.3211 2.9863 46.1317 30.591 35.9767 512 139 0.108941
541 0.666004 0.907859 667 78299 664 34.5659 1.9452 45.0429 23.1064 31.8871 503 164 0.13092
542 0.787575 0.96798 593 53999 591 31.1964 5.19119 38.6167 26.9444 32.9591 499 94 0.0941122
543 0.895928 0.887892 632 83514 627 34.099 1.40498 38.3152 27.2696 26.7904 442 190 0.157939
544 0.591255 0.831551 758 78139 756 36.5905 0.899126 50.8233 23.1007 34.9815 526 232 0.141743
545 0.824228 0.865337 571 71800 568 33.504 2.01683 36.0214 24.8902 26.3544 421 150 0.115755
546 0.35497 0.7 681 77842 677 34.5915 0.97017 41.8032 13.8703 30.111 493 188 0.130874
547 0.715536 0.976119 618 67067 616 35.7975 0.922276 41.3035 20.3374 27.9583 457 161 0.112105
548 0.848649 0.921722 732 57795 0 34.0499 3.40369 46.9929 32.211 34.4852 555 177 2.29422
549 0.789883 0.867521 644 47927 642 32.5904 2.38895 38.6297 28.6574 31.0996 514 130 0.0903871
550 0.669261 0.917333 647 103431 645 34.0494 1.17524 39.5849 23.1856 31.9851 514 133 0.163659
551 0.866962 0.92435 607 67181 605 33.0235 3.98 39.225 27.1323 29.2352 451 156 0.112578
552 0.851145 0.744574 721 84113 0 35.5613 1.75098 48.2092 39.9212 35.3567 524 197 2.2562
553 0.849015 0.95098 598 43728 596 32.244 5.53816 39.9767 26.92 29.8325 457 141 0.0793528
554 0.831197 0.800412 646 53096 0 32.1645 5.84532 42.1142 32.1403 30.907 468 178 1.76994
555 0.854806 0.945701 673 57561 670 37.6809 0.914592 48.4404 29.7171 32.6656 489 184 0.110105
556 0.792531 0.782787 643 69922 641 28.5141 7.31167 39.0631 28.3559 29.0424 482 161 0.124133
557 0.885204 0.858911 585 41117 583 33.8407 2.60726 35.2714 24.9166 24.1938 392 193 0.0770877
558 0.769357 0.930279 806 81359 0 33.8374 2.96893 50.5484 30.9433 36.6987 607 199 2.76144
559 0.879819 0.852747 617 57557 0 37.6534 0.789247 43.7604 32.7179 31.7869 441 176 1.64144
560 0.987755 0.847636 663 64443 0 36.8009 2.49318 45.2636 39.7802 33.6441 490 173 1.91991
561 0.743346 0.853712 720 60461 718 31.5463 4.03048 43.348 27.5615 31.7046 526 194 0.111893
562 0.678917 0.975 664 46153 662 32.0874 3.98477 40.0218 20.059 28.9984 517 147 0.0883499
563 0.909292 0.85625 620 60356 0 34.5725 2.13574 41.7807 32.4427 29.9702 452 168 1.67511
564 0.850112 0.840708 650 76202 647 35.6059 1.56404 44.6209 30.2648 30.0927 447 203 0.128625
565 1 0.51087 277 8888 275 12.2554 27.0014 15.7047 15.7047 7.54934 141 136 0.0171874
566 0.769841 0.921615 657 55117 655 33.2221 3.44013 42.0158 27.2218 33.1161 504 153 0.101982
567 0.741228 0.957507 643 90508 641 34.5926 2.47972 42.2646 22.2804 29.2737 456 187 0.178023
568 0.969957 0.794376 626 66985 0 36.6229 1.33113 44.3995 40.4444 33.0746 466 160 1.7144
569 0.691532 0.982808 679 77459 677 33.7884 2.72225 43.4697 19.9531 29.2391 496 183 0.130299
570 0.849372 0.922727 641 59398 639 36.1707 0.996674 42.6967 27.1661 29.7724 478 163 0.103762
571 0.723577 0.739612 604 51345 602 23.3426 14.7471 36.7735 22.4774 22.077 369 235 0.0919508
572 0.877193 0.803571 634 56125 0 29.9372 9.25564 44.7237 39.842 35.579 513 121 1.76269
573 0.867021 0.817043 567 69180 565 35.905 1.66858 38.639 26.9356 25.6822 376 191 0.111925
574 0.802139 0.958466 561 67198 557 34.7701 2.39473 37.328 20.2068 24.1682 374 187 0.108471
575 0.905569 0.834821 607 55334 0 37.5935 0.775129 45.639 32.8533 30.6001 413 194 1.60554
576 0.743852 0.887531 646 51830 644 35.6829 1.10581 42.3664 25.913 31.3711 488 158 0.0943143
577 0.853862 0.904867 625 65915 622 36.1316 1.06563 41.2194 30.234 32.3379 479 146 0.108529
578 0.722441 0.897311 716 55310 714 31.7313 4.36189 44.7687 24.6566 31.6281 508 208 0.104109
579 0.827068 0.783848 567 55161 551 36.9806 1.15284 39.4549 29.408 27.8508 399 168 0.108792
580 0.892057 0.908714 646 67035 643 33.2303 4.75775 41.5175 29.9464 30.256 491 155 0.125349
581 0.892019 0.940594 521 49176 426 34.69 4.4222 39.0077 30.449 32.4217 426 95 0.0819044
582 0.76378 0.87191 686 63633 684 32.0378 2.60589 41.1773 26.3757 30.0896 508 178 0.111032
583 0.737778 0.892473 555 49425 553 32.5128 2.1758 34.3687 22.8876 27.7633 450 105 0.0845549
584 0.853717 0.822171 630 69254 627 37.8094 0.936014 44.3529 30.302 29.6965 417 213 0.112359
585 0.64375 0.877841 632 75820 630 32.1679 3.43 36.9422 19.4594 28.0702 480 152 0.122729
586 0.884354 0.860927 626 48648 624 29.4229 8.17145 38.6164 28.2064 27.6753 441 185 0.0877528
587 0.838164 0.948087 594 52997 591 38.359 0.50933 43.1987 24.4473 27.5472 414 180 0.0913498
588 0.815348 0.86514 544 60441 542 35.5396 1.47997 37.7108 27.0023 28.9053 417 127 0.097979
589 0.638202 0.845238 594 44891 592 31.4433 2.72628 34.9649 18.9497 26.066 445 149 0.0868289
590 0.823529 0.82167 669 54949 664 35.104 2.4716 45.1442 29.9755 28.81 442 227 0.125034
591 0.926887 0.901376 561 67859 559 36.8125 0.980105 37.8427 29.9618 29.207 424 137 0.113962
592 0.890244 0.90796 584 41815 582 28.0309 9.59499 35.4622 24.6684 24.9723 410 174 0.0781696
593 0.935123 0.930958 584 80933 579 37.006 0.739345 38.787 30.1459 30.2438 447 137 0.135624
594 0.831486 0.838926 649 54622 466 29.1073 6.67791 40.9939 26.869 27.4918 451 198 0.0917509
595 0.493151 0.834437 666 72684 662 35.7744 1.99995 44.5052 17.7103 34.0649 511 155 0.128133
596 0.658041 0.919897 652 55882 650 33.2475 1.8899 38.8348 22.4738 32.4881 541 111 0.0993084
597 0.762846 0.889401 730 64533 728 34.2012 2.2629 44.2666 26.1655 29.7078 506 224 0.115633
598 0.875803 0.857442 716 88415 713 35.0447 1.67351 45.4052 29.8025 28.9537 467 249 0.141497
599 0.789362 0.948849 630 81988 626 34.9707 1.06989 40.3525 24.4062 29.1466 470 160 0.16526
600 0.694444 0.936768 788 74821 785 36.8341 1.46966 54.1898 27.0036 37.2799 576 212 0.142555
601 0.872768 0.896789 567 64439 563 36.1018 1.47426 38.4912 29.9364 30.9678 448 119 0.102346
602 0.802632 0.847222 667 71762 1 33.7349 2.05187 40.564 30.9271 33.3458 532 135 1.89021
603 0.668908 0.99005 710 74699 708 33.8526 2.80342 42.6075 24.171 36.1125 595 115 0.129163
604 0.884527 0.862613 589 62626 587 34.9737 1.91052 37.6526 28.696 27.6532 433 156 0.11825
605 0.96383 0.746293 659 59898 0 36.0907 1.12181 44.5071 40.9825 31.3539 470 189 1.86613
606 0.66955 0.843137 676 56835 673 32.8451 2.23989 43.2025 29.7478 36.5166 578 98 0.10025
607 0.80819 0.771605 680 71394 677 33.196 1.96613 42.3587 30.0478 28.1679 464 216 0.124985
608 0.935268 0.901075 578 66817 1 36.7238 0.572587 40.2389 32.4014 31.4311 448 130 1.48147
609 0.747059 0.824675 742 51583 740 33.3064 3.67865 45.2537 28.7199 30.5675 510 232 0.118096
610 0.642436 0.75 697 75774 688 33.1443 1.74668 41.5786 25.6555 29.9971 509 188 0.131635
611 0.28481 0.741758 640 45674 638 33.7317 3.77201 41.8094 10.0043 30.8392 474 166 0.0861587
612 0.619522 0.939577 636 45209 634 31.5531 3.80825 38.3046 18.1323 28.5486 502 134 0.085638
613 0.886617 0.84127 708 115955 0 35.4212 1.03217 46.1913 37.5877 35.2377 538 170 2.22957
614 0.914077 0.769231 718 67438 0 31.3649 5.60547 44.136 39.8187 33.7537 547 171 2.19544
615 0.918736 0.735986 590 49049 0 35.1418 3.06471 40.8041 38.47 29.5647 443 147 1.56587
616 0.764925 0.885529 657 88407 654 34.6992 1.0692 40.1442 28.5389 32.5373 536 121 0.145242
617 1 0.263666 312 11816 310 9.84275 29.2764 17.0876 17.0876 4.22939 82 230 0.0221719
618 0.908096 0.920177 612 55617 609 35.1249 1.87182 42.113 30.0866 30.8626 457 155 0.094746
619 0.941048 0.88866 657 82582 0 36.9676 1.32519 46.8811 34.7416 33.0385 458 199 1.88603
620 0.834146 0.852868 573 57625 571 35.8416 1.69248 37.4474 26.1938 27.3392 410 163 0.102154
621 0.83223 0.915049 626 40452 624 33.0066 4.03911 40.8647 26.4151 29.3858 453 173 0.0873797
622 0.870968 0.762353 573 37409 571 30.9424 5.31094 34.9399 25.8557 22.3694 372 201 0.0707478
623 0.759936 0.983539 809 70094 805 35.7008 0.784318 51.2921 29.9959 39.6258 629 180 0.13218
624 0.897917 0.918977 678 62051 675 31.0737 7.6505 47.3285 29.9959 30.6718 480 198 0.106152
625 0.734733 0.921053 694 74868 690 36.7578 0.826277 46.0031 27.3611 34.9417 524 170 0.135131
626 0.858316 0.926829 664 69717 661 37.7842 0.536029 47.0366 29.6711 32.741 487 177 0.116254
627 1 0.883333 421 32022 415 28.7527 7.33862 26.0288 26.0288 23.0249 371 50 0.0510289
628 0.802381 0.982507 550 53005 548 33.1978 3.0922 36.8943 20.9141 25.8112 420 130 0.0907192
629 0.477273 0.681416 689 70873 687 34.2551 1.44064 42.8463 19.2795 29.8062 484 205 0.122897
630 0.851282 0.959538 525 48908 523 35.3078 1.68313 35.5753 22.438 25.5805 390 135 0.0830859
631 0.714597 0.863158 687 63051 685 33.1913 3.0466 42.1689 23.8377 29.2236 459 228 0.127005
632 0.770961 0.897619 657 79228 655 34.5445 1.48077 42.3692 26.5526 30.7093 489 168 0.133864
633 0.915301 0.872396 525 34654 523 25.3635 13.7854 32.7156 23.7666 22.8956 366 159 0.0648851
634 0.623188 0.990132 645 47770 640 35.2633 1.2784 40.8983 16.9715 27.9531 483 162 0.0885183
635 0.611219 0.929412 707 61236 705 30.4505 6.04885 43.5422 20.097 31.3966 517 190 0.110584
636 0.792325 0.904639 642 75975 633 35.1272 1.3902 44.6623 26.03 29.7426 443 199 0.125318
637 0.90604 0.798817 576 74508 1 35.4775 1.57032 38.539 34.1294 30.2547 447 129 1.47217
638 0.912245 0.894 684 92719 0 34.5556 3.50054 46.4256 34.0687 33.4374 490 194 2.07302
639 0.941606 0.764822 614 45649 1 36.4355 0.868461 40.4081 33.2715 27.3769 411 203 1.61566
640 0.859813 0.936387 566 39345 564 35.454 2.06965 37.6736 25.5879 28.3203 428 138 0.0730859
641 0.782857 0.899344 718 89598 715 34.2382 3.66793 47.0066 30.0657 35.119 525 193 0.143225
642 0.762745 0.917453 646 86963 642 34.9262 0.975119 41.6087 26.1658 32.063 510 136 0.13777
643 0.63482 0.973941 644 56391 642 32.3101 2.67416 36.5162 17.1372 26.8681 471 173 0.123431
644 0.710702 0.974771 709 78607 703 34.6254 1.64634 44.2286 26.644 36.7884 598 111 0.136557
645 0.653979 0.875 742 107699 733 36.5397 1.55015 55.2544 30.0674 41.3128 578 164 0.193378
646 0.613636 0.908654 737 94106 735 32.743 5.30997 45.9538 25.1652 38.3382 616 121 0.15476
647 0.841202 0.922353 562 74374 560 33.8908 2.34321 38.9801 29.2095 32.4168 466 96 0.119309
648 0.677778 0.927052 583 37070 581 33.7665 1.41023 35.9556 19.4233 27.5409 450 133 0.07147
649 0.821918 0.905172 654 44389 652 31.2305 3.72067 38.9549 27.9209 30.7844 511 143 0.0850583
650 0.910314 0.962085 618 54655 616 32.6075 5.49816 42.4074 27.8926 29.3726 446 172 0.0960852
651 0.973094 0.854331 622 65406 1 36.9063 1.69341 41.9211 34.1372 30.3487 446 176 1.7323
652 0.900217 0.951835 611 57270 598 36.08 1.35846 42.1664 30.2128 32.1871 461 150 0.0977414
653 0.850195 0.954148 676 70415 673 34.955 1.42385 44.1309 30.1954 34.0875 514 162 0.118044
654 0.781705 0.917073 602 54240 600 33.3073 2.24589 37.1124 24.4385 29.5355 481 121 0.0948153
655 0.842377 0.931429 538 38010 536 23.3165 13.0425 30.7887 19.6571 21.6375 387 151 0.0703827
656 0.913357 0.7737 730 84689 0 34.8347 2.05014 48.3792 43.4337 35.0115 554 176 2.31326
657 0.545283 0.842566 679 62628 677 33.9811 1.59068 41.117 19.677 32.4381 530 149 0.1088
658 0.861538 0.875 637 73394 631 33.4435 3.55568 43.4929 30.5433 30.5554 455 182 0.127026
659 0.664216 0.865815 537 37225 535 32.0661 2.05791 31.9446 18.0437 24.2116 408 129 0.068265
660 0.882353 0.93 662 73648 0 36.6134 1.47605 44.5623 34.4916 35.9283 527 135 1.9253
661 0.702991 0.956395 543 43165 541 28.2965 7.58753 33.448 21.1072 29.2538 468 75 0.0771477
662 0.164589 0.37931 618 48404 616 32.4962 4.64967 38.5855 9.15881 25.3195 401 217 0.0889146
663 0.963415 0.956416 559 61438 557 38.0024 0.921503 37.7934 27.5974 27.4253 410 149 0.101914
664 0.728571 0.816934 648 87408 646 33.6073 1.89025 39.3903 26.6323 29.7738 490 158 0.141024
665 0.90293 0.937262 755 111850 0 36.0149 1.41646 50.3323 33.9589 35.5545 546 209 2.47749
666 0.888664 0.903292 679 52615 0 29.178 8.62265 43.1072 31.514 31.9684 494 185 1.97625
667 0.702991 0.800487 657 60242 655 34.2684 1.41542 39.6929 24.6877 28.3104 468 189 0.107448
668 0.880435 0.922551 688 75524 686 35.6228 1.48217 44.9891 28.0208 29.461 460 228 0.126986
669 0.91587 0.838879 712 74860 0 35.5927 1.16065 47.2264 37.9799 34.5978 523 189 2.13769
670 0.816 0.85 711 54665 709 32.0834 2.70649 43.3348 29.2759 31.4226 500 211 0.101851
671 0.707527 0.824561 618 40302 616 31.4093 3.95101 35.7333 22.877 26.6087 465 153 0.0776606
672 0.682984 0.915625 558 47461 556 31.6067 3.74949 34.1904 19.4765 26.4953 429 129 0.0829352
673 0.816367 0.789575 746 77030 741 33.8283 1.84634 43.5059 30.2703 28.7588 501 245 0.132404
674 0.903226 0.779221 616 44467 1 33.7974 2.24286 39.001 33.9314 29.187 465 151 1.65273
675 0.926978 0.827899 627 70787 0 34.6207 1.70312 41.7789 37.1603 32.7456 493 134 1.71108
676 0.983725 0.754508 783 97364 0 36.9911 1.12947 54.3371 50.2953 38.6784 553 230 2.64249
677 0.743539 0.923457 650 53676 648 27.108 10.6734 38.4299 23.2059 28.9722 503 147 0.0978884
678 0.539604 0.758701 786 75616 768 35.0253 1.87614 46.9208 25.9565 35.7261 606 180 0.208027
679 0.755027 0.997585 710 65647 708 36.8398 0.456443 47.4422 25.2371 34.1554 547 163 0.134617
680 0.689732 0.848901 635 84691 628 31.3901 4.27987 37.9375 21.0502 25.8616 448 187 0.138211
681 0.508299 0.853659 605 84399 594 35.3508 1.12011 41.1714 18.3456 32.5992 482 123 0.132263
682 0.89117 0.878543 628 59726 0 37.5519 1.14396 43.2847 34.2205 33.8657 487 141 1.70558
683 0.466561 0.872024 764 93777 762 34.5488 1.15093 47.4153 19.2957 39.2834 628 136 0.158405
684 0.8 0.834532 614 71590 612 35.092 1.25099 40.6021 26.7301 27.9173 435 179 0.126981
685 0.761711 0.909976 729 66737 727 32.7405 2.92063 41.4265 22.9224 28.0615 491 238 0.138417
686 1 0.503521 285 10450 283 12.2472 26.4895 15.9486 15.9486 7.87623 143 142 0.0190073
687 0.835214 0.811404 654 56787 652 34.4208 1.28956 40.4005 28.4984 27.5618 443 211 0.101919
688 0.774257 0.907193 641 53575 639 32.6432 2.21571 37.4813 24.1325 28.5506 505 136 0.0966116
689 0.768374 0.953039 642 62511 640 37.4907 1.06526 45.0951 23.4758 29.2067 449 193 0.109923
690 0.782772 0.963134 664 51794 662 32.2058 5.11203 41.5954 27.2644 33.2083 534 130 0.0955627
691 0.719925 0.882488 657 66512 655 33.7089 1.78406 39.4853 25.5983 31.7812 532 125 0.114293
692 0.772358 0.909091 676 53551 674 31.1899 6.29899 41.7623 24.6586 29.8248 492 184 0.0985191
693 0.111111 0.322581 622 51974 620 30.9008 4.01181 36.9779 8.39671 26.3162 450 172 0.093334
694 0.848718 0.8275 570 60241 559 34.4399 1.55157 36.0245 24.7175 23.3409 390 180 0.100306
695 0.671593 0.859244 794 88597 792 33.9076 1.93592 46.702 28.4306 36.9071 609 185 0.173273
696 0.832669 0.990521 695 67651 692 33.5856 3.38239 45.1789 28.3463 33.5705 502 193 0.125153
697 0.924 0.762376 656 68209 0 33.6911 2.70306 40.5913 37.5793 30.9338 500 156 1.84217
698 0.832661 0.956019 627 70847 625 35.2835 1.74324 43.5429 29.9912 34.4014 496 131 0.118156
699 0.731225 0.891566 682 99517 677 34.651 1.01033 43.8744 25.8831 31.1703 506 176 0.160739
700 0.77758 0.96044 721 87269 710 33.5651 1.71806 46.0112 29.2307 36.2899 562 159 0.170271
701 0.797826 0.915212 617 35202 615 29.262 6.85606 36.9501 23.1291 27.0773 460 157 0.0720799
702 0.93379 0.776091 606 75043 0 37.1238 1.50636 43.7194 38.0481 31.0101 438 168 1.62125
703 0.831818 0.936061 584 51318 582 35.9153 1.34788 38.4833 25.6694 28.9785 440 144 0.0888315
704 0.817658 0.889353 686 72363 683 32.611 4.41964 42.5519 30.2474 32.7772 521 165 0.118929
705 0.83935 0.981013 700 80616 697 34.7801 1.21183 43.6726 30.0298 35.2523 554 146 0.131794
706 0.781651 0.853707 694 68163 0 35.7259 1.68768 45.2497 32.7247 35.3886 545 149 2.09951
707 0.875244 0.935417 689 63292 0 36.1755 1.59034 47.1576 32.3765 34.7692 513 176 2.06007
708 0.848233 0.885033 709 85554 706 34.9895 1.44193 47.3581 29.853 31.2029 481 228 0.154046
709 0.837891 1 517 42654 511 25.6905 11.3491 31.8262 25.8557 31.5972 512 5 0.0746387
710 0.868627 0.748311 708 88980 0 36.2261 0.533033 46.1251 39.332 32.9653 510 198 2.1576
711 0.876993 0.967337 559 51895 557 32.0943 2.87058 35.3196 25.0494 27.5606 439 120 0.101152
712 0.794872 0.880325 720 69927 717 34.9601 1.61927 45.3813 30.3872 33.5854 546 174 0.132663
713 0.806773 0.944056 684 83271 682 32.8272 3.05517 41.0262 25.4827 30.2154 502 182 0.139444
714 0.785863 0.807692 685 62066 683 31.8081 3.63268 39.9994 28.0408 28.8809 481 204 0.111113
715 0.566667 0.891975 694 64734 680 32.2105 3.33793 42.872 18.9674 31.8265 510 184 0.114466
716 0.88664 0.939914 636 84381 634 35.2095 1.23641 41.8105 29.6789 31.5686 494 142 0.135537
717 0.666034 0.948649 686 70080 684 36.3653 1.12166 46.64 23.6331 34.0089 527 159 0.121512
718 0.747082 0.929782 667 60312 665 32.1486 4.30801 40.7556 25.0777 31.4357 514 153 0.10716
719 0.717047 0.948837 694 59135 690 33.0479 2.38959 40.2715 24.9696 32.9324 569 125 0.107918
720 0.690476 0.826603 679 58897 677 31.7466 4.20914 40.668 25.5168 30.3872 504 175 0.123666
721 0.871486 0.904167 613 70663 0 35.8076 1.30982 42.5401 33.211 34.4463 498 115 1.64633
722 0.699262 0.994751 726 120103 710 39.2288 0.225814 57.4975 27.2558 40.1859 542 184 0.192608
723 0.720884 0.858852 694 100881 684 35.8593 1.95319 45.7731 26.3513 32.8133 498 196 0.181956
724 0.844961 0.92766 707 68527 705 33.4436 2.53408 41.6441 28.4709 30.9387 516 191 0.121438
725 0.784314 0.83682 720 71208 718 34.9087 2.00384 45.2624 27.997 31.209 510 210 0.125401
726 0.715808 0.814141 797 89899 793 34.3997 1.72396 48.578 30.161 34.6196 563 234 0.185074
727 0.758216 0.841146 571 28008 569 29.489 6.10033 32.9832 22.103 24.5565 426 145 0.0609482
728 0.806584 0.977556 610 45077 608 33.7357 2.0913 35.9212 23.5493 28.3987 486 124 0.0835533
729 0.862661 0.893333 638 55082 635 36.4725 0.998654 42.0614 30.0205 30.8817 466 172 0.0939569
730 0.828638 0.902813 575 39506 573 30.2293 4.60956 33.1138 22.276 24.7585 426 149 0.0734884
731 0.767258 0.841991 677 86393 672 35.3589 1.81217 44.3111 30.1749 33.0421 507 170 0.136616
732 0.82618 0.807128 632 76707 630 32.803 2.3807 39.7586 29.3984 28.6249 466 166 0.123272
733 0.907692 0.934389 560 62180 553 36.4645 0.797466 38.3417 30.3912 30.8859 455 105 0.0989709
734 0.807619 0.925764 673 81856 670 36.8702 1.35386 45.3581 30.5235 35.584 525 148 0.13059
735 0.785872 0.735537 673 63957 670 33.7701 2.39217 41.6194 30.4053 28.6125 453 220 0.120036
736 0.807933 0.895833 671 59196 667 33.5478 2.10997 40.3429 25.7041 28.7402 479 192 0.125786
737 0.913607 0.931718 629 49484 626 34.7732 4.6671 44.8053 30.3668 31.4192 463 166 0.090902
738 0.64268 0.948718 535 57606 533 37.0814 0.740276 35.017 17.3501 26.6937 403 132 0.0945088
739 0.854317 0.78125 751 95183 0 34.5808 2.63284 48.7866 40.5129 35.5583 556 195 2.43747
740 0.493363 0.650146 656 76315 652 37.1482 1.15806 44.6406 19.3617 30.7827 452 204 0.133731
741 0.597015 0.874317 694 50146 692 31.8662 2.59473 41.1 20.7019 31.4564 536 158 0.0973639
742 0.717949 0.945946 793 101091 791 35.647 1.63617 50.434 26.5065 35.2278 585 208 0.171615
743 0.757692 0.825996 681 62276 677 32.7536 1.73539 37.7195 26.5934 29.5749 520 161 0.11122
744 0.70018 0.890411 729 61384 727 34.8001 3.26428 46.67 26.6978 34.2629 557 172 0.113403
745 0.952261 0.853604 564 58723 556 32.5033 3.39406 35.2821 27.4137 24.1019 398 166 0.0986221
746 0.763964 0.890756 768 141646 757 35.0028 1.26877 48.9866 30.0492 34.7145 555 213 0.24812
747 0.88412 0.930023 623 82530 0 36.6604 0.992846 43.4811 31.2 32.8413 466 157 1.69086
748 0.657588 0.923497 644 58348 642 32.0523 4.17462 39.3373 21.9881 31.6748 514 130 0.101752
749 0.938547 0.744461 758 88972 0 37.0338 0.962631 51.2408 46.5085 36.2203 537 221 2.47211
750 0.755258 0.908046 633 48331 631 34.7954 2.51756 40.5704 28.131 33.8248 523 110 0.0888857
751 0.70428 0.902743 648 63102 646 33.3737 2.72313 42.0315 25.5443 33.419 514 134 0.109421
752 0.748837 0.761229 601 35983 599 26.4203 9.36523 34.4722 23.8979 24.482 430 171 0.0707394
753 0.758964 0.768145 675 54439 673 32.4282 3.00845 40.5215 30.055 30.3805 502 173 0.111728
754 1 0.268657 336 15409 334 10.7087 29.1817 19.6036 19.6036 4.56014 90 246 0.0293122
755 0.863732 0.919643 654 50722 652 33.7895 2.86697 43.0552 28.9591 31.2976 477 177 0.103441
756 0.801527 0.897436 706 88351 693 35.4859 1.4094 46.6071 30.3757 34.0987 524 182 0.147842
757 0.919765 0.78727 719 65698 0 34.6784 1.69217 46.6865 39.499 33.7321 511 208 2.2361
758 0.87037 0.862385 566 60052 563 37.9228 0.288538 38.7372 30.2454 29.8437 432 134 0.108252
759 0.865979 0.976744 633 65967 631 35.0895 3.56707 42.7382 27.6828 30.7073 485 148 0.113617
760 0.918736 0.763602 675 92269 0 38.1091 0.3871 46.1945 36.9238 30.568 443 232 1.98952
761 0.925508 0.833333 597 89070 1 37.6945 0.568226 41.0537 34.0332 30.505 443 154 1.6377
762 0.853659 0.919037 645 47543 643 30.5167 4.93276 39.2937 26.6597 28.8764 492 153 0.0889287
763 0.906667 0.906667 627 60558 0 37.083 1.68009 44.6662 32.0645 32.0443 450 177 1.6963
764 0.780911 0.978261 642 53902 640 34.7192 1.7069 39.915 21.1996 26.2221 461 181 0.0952027
765 0.60461 0.960563 781 102032 777 38.1084 0.587103 57.8134 21.9228 38.9413 564 217 0.176068
766 0.737052 0.777311 731 77015 728 33.6044 3.36952 48.4042 30.0056 32.0697 502 229 0.127833
767 0.880157 0.951168 717 63711 712 34.9424 1.60511 48.2742 30.2323 32.0589 509 208 0.119325
768 0.92233 0.833333 649 61978 0 33.9134 1.68362 42.1173 36.9435 32.3953 515 134 1.83638
769 0.807851 0.942169 599 53679 595 32.3509 3.29717 37.3599 25.955 30.0146 484 115 0.0929897
770 0.737882 0.992754 721 71182 716 35.9488 1.00968 46.6824 25.0234 34.2166 557 164 0.123169
771 1 0.771008 477 27479 475 30.8148 3.57995 27.9678 27.9678 21.2358 367 110 0.0475916
772 0.839286 0.919315 584 44165 582 34.2384 2.09717 39.7054 27.6714 30.6544 448 136 0.0807014
773 0.703196 0.900585 607 54943 603 31.8358 3.66987 37.4493 19.8765 25.8431 438 169 0.094956
774 0.894081 0.784153 510 58149 507 38.0381 0.406641 34.9508 24.9164 22.5563 321 189 0.0941136
775 0.913607 0.762162 624 39892 0 29.3175 8.96647 41.7845 37.3105 30.3137 463 161 1.68699
776 0.609756 0.953079 678 41052 676 32.6857 4.87741 41.2352 19.3337 31.0616 533 145 0.0832502
777 0.768763 0.87935 622 60990 620 32.1006 2.58779 38.2731 26.8021 30.4305 493 129 0.10583
778 0.733463 0.961735 728 73719 726 30.9359 4.26679 43.4592 22.9362 30.2676 514 214 0.129717
779 0.732692 0.803797 713 73860 711 32.3767 3.71212 42.0043 27.8571 30.6784 520 193 0.12746
780 0.839901 0.979885 540 46226 538 33.3974 4.47497 37.7569 23.8212 27.8873 406 134 0.0803318
781 0.872928 0.79 568 28725 566 22.8932 14.1488 32.6181 22.5524 20.3802 362 206 0.0600808
782 0.726944 0.855319 720 80714 715 35.1397 1.74915 47.1659 29.951 36.28 553 167 0.148412
783 0.813679 0.945205 588 37870 586 28.2702 7.76318 34.0118 20.022 24.2043 424 164 0.087797
784 0.822222 0.988864 676 94537 671 37.2349 1.13883 45.9395 29.4783 35.1201 540 136 0.159152
785 0.983178 0.801829 762 92869 0 36.6242 1.11992 54.1219 46.3625 38.144 535 227 2.51036
786 0.855392 0.956164 602 45891 600 33.4049 2.77879 39.9222 22.3597 25.0598 408 194 0.0844947
787 0.758684 0.833333 749 75346 747 33.9166 2.04692 45.3795 29.7092 32.9403 547 202 0.132038
788 0.671202 0.919255 592 79291 590 32.5745 2.17759 36.2454 19.179 27.1506 441 151 0.126993
789 0.80625 0.844978 670 68465 667 35.9816 1.86571 45.5038 30.5028 32.1643 480 190 0.115081
790 0.81854 0.910088 620 61533 618 33.9681 2.36291 37.8404 27.794 30.7728 507 113 0.10624
791 0.60687 0.857143 716 81150 714 33.1556 2.99264 41.3025 20.4257 31.0449 524 192 0.137543
792 0.951654 0.890476 580 71271 578 39.1007 0.131812 43.0268 30.1653 27.822 393 187 0.124933
793 0.771784 0.918519 689 95015 687 35.3987 1.41228 43.7252 24.2071 28.2852 482 207 0.170005
794 0.631579 0.883853 650 54787 648 31.2205 4.86149 40.1165 21.0807 30.2012 494 156 0.102027
795 0.761702 0.842353 593 34648 591 27.7104 7.64451 35.7642 25.2196 27.5592 470 123 0.0688878
796 0.773455 0.847118 592 46493 590 29.0689 6.12512 32.5616 22.2178 24.3177 437 155 0.0842153
797 0.811321 0.856574 720 57729 718 32.9073 3.33745 43.2182 30.1211 32.0931 530 190 0.107582
798 0.732877 0.82732 606 50017 604 37.4303 1.17757 42.1043 26.062 29.1324 438 168 0.0901379
799 0.959128 0.8523 529 30502 527 26.4969 11.6544 32.6728 25.4903 22.5133 367 162 0.0598085
800 0.840796 0.873385 557 50520 553 34.553 1.93478 36.1562 24.944 25.8844 402 155 0.0872337
801 0.825103 0.84778 644 60368 642 33.9509 2.54111 41.4196 30.301 30.2908 486 158 0.105562
802 0.601156 0.957055 663 71738 661 33.9035 0.90337 40.5846 18.5635 30.1732 519 144 0.122775
803 0.714844 0.879808 670 40277 668 30.0844 5.84403 38.0749 23.2436 28.9295 512 158 0.0929287
804 0.880361 0.953545 601 83821 599 34.8801 1.38045 40.6876 26.8329 29.2212 443 158 0.1365
805 0.93032 0.77673 705 77321 1 33.2117 2.54235 42.9956 38.892 32.9771 531 174 2.15313
806 0.840399 0.941341 566 33171 564 29.1442 8.80119 37.6399 20.7825 23.5877 401 165 0.0647026
807 0.783158 0.900726 638 88968 635 33.9378 1.62121 41.0601 25.668 30.1322 475 163 0.165747
808 0.736648 0.936768 652 67180 650 30.6578 4.46812 36.6349 23.4363 30.0466 543 109 0.119655
809 0.861386 0.875252 659 72355 657 33.3893 2.33753 41.1223 30.4547 31.568 505 154 0.123205
810 0.523422 0.769461 631 66377 627 34.6872 1.96546 41.5713 19.7384 33.4711 491 140 0.113316
811 0.85177 0.918854 577 36679 575 32.3611 3.69993 34.6315 25.2153 27.128 452 125 0.0709421
812 0.89013 0.908745 712 76478 0 34.7872 2.31421 45.6935 33.4735 34.3172 537 175 2.20006
813 0.842932 0.805 728 78651 0 33.5626 2.9441 45.7514 37.8714 35.9027 573 155 2.27824
814 0.836812 0.956616 704 95548 0 36.5765 1.57006 46.351 31.423 35.2527 527 177 2.17668
815 0.83524 0.788337 640 48647 638 28.0418 9.26645 38.1604 27.0185 25.4427 437 203 0.0910397
816 0.784038 0.881266 606 79235 604 34.5328 1.50189 37.5228 23.3196 26.1539 426 180 0.12883
817 0.823928 0.926396 610 63903 608 34.7536 2.76964 38.7126 25.5716 28.5849 443 167 0.10966
818 0.721414 0.752711 700 54419 698 30.1267 6.20679 43.3017 27.9418 29.2878 481 219 0.102969
819 0.901786 0.838174 653 41868 0 29.2675 9.53329 42.5747 31.4608 29.5242 448 205 1.81
820 0.8625 0.992806 484 23727 482 24.5 15.149 31.9578 16.7125 19.0726 320 164 0.0485265
821 0.848077 0.887324 717 99815 0 37.4275 1.07408 51.0238 33.7816 35.0872 520 197 2.25074
822 0.854348 0.86755 581 62437 579 35.4796 0.709687 39.1507 30.4534 31.0655 460 121 0.119925
823 0.706721 0.958564 659 70949 655 32.8626 2.90475 39.5395 21.4158 29.0646 491 168 0.123395
824 0.713348 0.961652 594 46548 592 30.3309 3.70813 34.3045 19.4806 26.462 457 137 0.0843392
825 0.863291 0.802353 620 50704 616 38.5172 0.800516 43.8489 29.9229 27.8956 395 225 0.0920786
826 0.793907 0.934599 725 74630 722 36.6395 1.14011 50.2827 30.0025 35.6876 558 167 0.126987
827 0.84435 0.796781 598 74560 1 33.1272 2.50092 38.2548 32.2483 30.3152 469 129 1.59347
828 0.382504 0.659763 742 56811 740 32.5818 3.10565 43.2593 19.2541 34.4614 583 159 0.108551
829 0.853659 0.955335 590 43270 588 32.5937 2.66157 35.5565 24.3765 27.2485 451 139 0.0839833
830 0.734151 0.831019 708 83490 706 36.5822 0.703714 45.0391 27.3031 31.2123 489 219 0.171722
831 0.908096 0.95843 614 57264 0 37.7565 0.878853 42.7167 30.6305 32.2026 457 157 1.6354
832 0.852362 0.900208 698 52683 696 30.6815 4.48653 39.3811 27.6027 29.5215 508 190 0.0978706
833 0.555992 0.842262 714 114980 710 38.4077 0.500666 48.9023 20.4683 35.046 509 205 0.1891
834 0.931442 0.895455 572 52535 565 35.9669 1.23676 39.4303 30.147 28.7288 423 149 0.0910419
835 1 0.696703 456 24940 454 21.9116 16.5121 27.9226 27.9226 19.4162 317 139 0.043613
836 0.649695 0.871585 650 49584 648 30.6093 4.95401 35.4373 19.6895 26.4252 491 159 0.0922718
837 0.72447 0.942356 685 62852 683 32.8485 2.46388 39.6853 22.7309 29.5452 519 166 0.127853
838 1 0.452489 443 23361 441 16.1439 23.6541 28.2893 28.2893 11.7985 200 243 0.0479172
839 0.963235 0.781312 640 50604 0 38.1133 0.82249 44.3717 34.4722 27.9494 408 232 1.77114
840 1 0.905512 509 34991 507 27.7442 6.64977 29.4268 29.4268 26.7146 460 49 0.0592621
841 0.764912 0.958242 727 119979 723 32.033 3.73848 48.4101 29.8427 37.9 570 157 0.192321
842 0.787419 0.887531 580 48598 578 34.5549 1.4462 35.4977 24.8491 28.1461 461 119 0.0864703
843 0.831933 0.897959 627 72493 625 33.3981 2.21922 38.7993 27.2264 29.0521 476 151 0.120806
844 0.69403 0.902913 735 74346 733 33.7917 1.77678 43.2166 23.0641 30.6913 536 199 0.144236
845 0.702602 0.904306 690 73089 688 28.4894 8.04118 39.6922 24.1364 31.3838 538 152 0.131263
846 0.967105 0.801818 647 41266 1 30.4712 5.73241 39.6698 34.1308 27.9151 456 191 1.77952
847 0.848303 0.968109 668 75936 662 37.5356 0.816113 47.0648 30.5176 34.3618 501 167 0.128846
848 0.842407 0.867257 545 40574 543 29.2391 8.46129 32.7066 20.1068 21.1901 349 196 0.0724716
849 0.792411 0.867971 589 81878 587 34.8131 1.96229 40.7129 27.8308 30.3317 448 141 0.128087
850 0.682143 0.979487 696 103436 675 35.6186 1.37375 46.6486 24.6993 37.0509 560 136 0.175954
851 0.695853 0.784416 622 71606 620 37.0758 0.982586 43.4602 26.4986 29.8703 434 188 0.124179
852 0.905242 0.766212 699 64045 0 34.3918 2.13112 44.3883 37.561 31.8653 496 203 2.09674
853 0.707483 0.869081 545 28851 543 28.059 7.3018 33.2344 21.5317 26.8289 441 104 0.0596342
854 0.725296 0.867612 661 56548 659 32.1441 2.89304 38.7838 24.3731 29.0464 506 155 0.10775
855 0.858086 0.77266 773 107716 0 34.2323 1.96733 47.5967 42.3725 37.1929 606 167 2.61214
856 0.872123 0.902116 508 56155 506 36.7326 1.02629 34.2236 25.3534 26.5527 391 117 0.096129
857 0.65 0.73062 783 78096 779 33.3834 1.9144 44.582 30.3141 32.7202 580 203 0.141063
858 0.748815 0.865753 567 81405 565 35.0557 2.52588 39.3892 25.2089 29.1434 422 145 0.127476
859 0.821705 0.817481 568 48861 563 34.0213 2.12018 35.4297 24.2402 24.2672 387 181 0.0865378
860 0.436009 0.82716 575 62609 573 33.7903 2.41555 36.9571 13.6154 29.8287 461 114 0.104094
861 0.772313 0.881497 693 67224 660 33.6579 2.88332 42.8069 30.1812 34.6072 549 144 0.114317
862 0.950413 0.827338 626 66786 0 35.9597 1.07893 43.6426 38.8342 33.9463 484 142 1.71126
863 0.756604 0.862366 714 62806 712 33.0969 2.69898 42.789 28.2969 32.5873 530 184 0.119312
864 0.729977 0.811705 642 39680 640 32.8211 2.64639 37.466 22.8738 25.4942 437 205 0.0788569
865 0.67756 0.767901 650 86810 647 35.1331 1.80425 43.3397 26.102 30.8718 459 191 0.142025
866 0.816415 0.825328 642 48696 640 34.5606 2.49023 41.9091 29.1782 29.87 463 179 0.0895589
867 0.724954 0.904545 743 105204 738 35.0354 2.84108 50.545 29.9852 37.0332 549 194 0.172776
868 0.737024 0.936264 749 63333 747 34.4437 1.74894 47.7179 26.0886 33.3329 578 171 0.115975
869 0.67451 0.891192 696 59458 694 32.7426 1.80996 40.4909 22.6789 29.8321 510 186 0.106764
870 0.695918 0.730193 669 67548 667 33.1898 2.27787 39.6841 27.5009 28.964 490 179 0.115918
871 0.92081 0.878735 691 73035 0 33.5738 2.30348 43.2101 35.6564 33.7883 543 148 2.07046
872 0.878425 0.881443 777 77574 0 32.9489 3.57972 46.8633 34.9459 34.7748 584 193 2.59187
873 0.672101 0.839367 674 55478 672 33.2733 2.46719 43.0143 27.5399 35.6148 552 122 0.10141
874 1 0.300292 344 13149 342 10.9691 28.4166 18.8438 18.8438 5.42915 103 241 0.0245985
875 0.809633 0.907455 516 55766 513 34.5602 1.27009 33.6359 25.1286 28.0451 436 80 0.0924994
876 0.862779 0.926335 720 78418 0 33.5793 2.44393 47.6202 34.9604 38.6756 583 137 2.23155
877 0.507937 0.911392 742 59433 739 35.1274 1.82542 48.7428 18.3221 37.2475 567 175 0.11316
878 0.904159 0.763359 768 76854 0 36.2579 1.78296 51.0522 43.7391 37.5935 553 215 2.52175
879 0.858896 0.950226 562 61083 559 35.2691 1.96932 37.553 30.0408 33.2936 489 73 0.0982606
880 0.744648 0.960552 787 125941 0 35.2095 1.05945 48.1394 31.198 40.5198 654 133 2.67497
881 0.819355 0.837363 591 53659 589 33.3944 3.0525 37.9022 29.283 29.7166 465 126 0.093538
882 0.734545 0.924485 689 67335 687 30.9329 4.26333 40.9546 25.5914 32.8338 550 139 0.118629
883 0.85545 0.925641 617 46083 615 34.5043 2.24319 39.3143 24.2869 25.9696 422 195 0.0853674
884 0.78501 0.961353 612 55478 610 31.9177 3.70244 35.5748 23.6638 29.2366 507 105 0.0970764
885 0.885781 0.935961 552 50922 550 35.6917 1.35365 37.3397 27.668 29.5062 429 123 0.0886496
886 0.689091 0.933498 694 84738 688 33.4145 1.78384 42.3803 23.946 33.8365 550 144 0.171753
887 0.82167 0.823529 673 86872 659 33.7695 2.85911 43.7627 27.4533 27.1942 443 230 0.144415
888 0.87013 0.91423 733 84679 0 37.3385 1.15642 50.1988 34.9384 36.9969 539 194 2.32033
889 0.707192 0.901747 782 79780 777 34.646 2.68716 48.706 28.2024 35.8883 584 198 0.144596
890 0.741874 0.896074 670 44892 523 32.406 3.84394 40.6382 25.7988 31.7444 523 147 0.0826892
891 1 0.981013 475 26341 473 19.9867 18.3524 29.8449 29.8449 29.0316 465 10 0.0472531
892 0.89022 0.774306 643 70442 1 33.1917 2.21522 39.8661 36.0141 31.2402 501 142 1.79979
893 0.825431 0.918465 641 99169 636 35.4868 1.48281 43.0368 27.8809 31.1294 464 177 0.155284
894 0.984704 0.791091 672 48035 0 29.9672 6.55608 41.0141 39.7741 32.3459 523 149 1.93135
895 0.700669 0.906926 763 116246 0 34.8671 2.16308 51.7714 31.7478 41.1236 598 165 2.55209
896 0.733634 0.892857 658 53041 656 33.915 2.29305 42.0945 23.5292 28.1345 443 215 0.0967893
897 0.852679 0.886311 652 39237 650 32.2222 3.71382 38.3192 25.2962 26.1737 448 204 0.0792283
898 0.847534 0.945 578 43106 576 34.6068 3.00654 38.5063 26.3063 28.94 446 132 0.0790726
899 0.770833 0.958167 790 77231 788 30.8657 5.7949 44.4527 27.8916 35.0273 624 166 0.138972
900 0.872587 0.905812 690 90129 0 33.7103 2.60326 44.553 32.1442 33.1505 518 172 2.10784
901 0.914557 0.787466 487 54005 485 29.9931 8.65038 32.1368 24.0967 20.3789 316 171 0.0858788
902 0.959364 0.820242 706 50666 0 34.1062 2.1421 45.2539 42.6109 35.7388 566 140 2.14753
903 0.87013 0.961722 570 57484 568 33.2404 1.91335 35.5953 26.2615 28.7749 462 108 0.096593
904 0.799263 0.935345 751 117662 746 37.8969 1.14342 48.3212 29.7692 34.6237 543 208 0.191824
905 0.877005 0.778481 737 87088 0 35.8363 1.80107 48.115 41.4179 37.5068 561 176 2.32616
906 0.726415 0.885057 664 59893 662 34.3939 1.87158 41.602 26.6046 33.2868 530 134 0.10517
907 0.795407 0.850446 652 70544 646 35.915 1.10851 43.1922 30.1402 32.7968 479 173 0.115139
908 0.706667 0.83905 675 53342 673 29.3566 7.19768 40.321 22.0413 25.8101 450 225 0.0965876
909 0.73428 0.918782 622 52418 620 30.932 5.15534 40.4882 25.0673 32.563 493 129 0.0929032
910 0.741551 0.828889 644 59745 642 33.2909 2.41128 38.2506 26.7003 30.052 503 141 0.104841
911 0.67426 0.933754 616 41376 614 30.8724 3.55241 36.3188 18.8198 26.186 439 177 0.0784571
912 0.84 0.962751 549 53675 409 34.4611 2.12236 36.8144 23.3863 26.7307 400 149 0.0920821
913 0.811069 0.815739 692 73551 0 34.0456 1.52777 44.8575 32.6103 32.8852 524 168 2.07039
914 0.841102 0.938534 645 43392 643 30.047 6.42055 38.9807 24.2832 27.1328 472 173 0.0828717
915 0.860963 0.841463 733 60990 0 34.9819 2.14973 46.7737 36.6944 35.5711 561 172 2.31003
916 0.81854 0.870021 687 80969 684 33.3307 3.3894 44.1507 30.4188 32.3564 507 180 0.131571
917 0.934354 0.85743 684 92640 0 38.6522 1.33311 49.1133 36.221 32.7546 457 227 2.07321
918 0.687075 0.87069 751 93404 749 32.9899 2.38595 44.5261 27.9917 34.9819 588 163 0.156786
919 0.912245 0.817185 665 90154 0 36.9785 0.405632 46.8001 38.907 33.8762 490 175 1.95113
920 0.839243 0.89196 584 50717 579 34.2055 2.00492 36.353 25.0439 26.2441 423 161 0.10663
921 0.761079 0.963415 710 55964 708 32.5343 3.97236 43.7606 24.3858 30.5584 519 191 0.117635
922 0.814141 0.834369 709 82227 706 36.5911 1.80491 45.7035 30.5084 31.1385 495 214 0.138134
923 0.964824 0.647555 663 80834 0 38.0351 0.457618 44.7609 39.7933 27.4964 398 265 1.92101
924 0.704348 0.939675 718 57314 716 34.6519 1.01425 43.9311 25.7143 36.0104 575 143 0.107075
925 0.781132 0.831325 642 58328 640 31.3764 3.38589 38.5138 29.5921 31.2165 530 112 0.107212
926 0.699463 0.935407 657 51812 655 30.3983 5.59431 38.5532 24.405 32.2141 559 98 0.104638
927 0.901361 0.848 727 72900 0 34.6291 1.89934 44.302 38.7404 36.0821 588 139 2.24057
928 0.422078 0.795918 603 47017 601 37.4683 0.130493 40.3689 13.5638 31.3834 462 141 0.0861597
929 0.816467 0.946322 758 103247 0 37.036 0.875855 50.03 34.0006 38.8506 583 175 2.50077
930 0.875847 0.97733 532 69020 514 35.464 1.47537 34.87 26.2126 29.1896 443 89 0.108071
931 0.830986 0.988038 625 93223 622 34.1903 3.2941 41.7303 26.3876 31.573 497 128 0.145665
932 0.774545 0.959459 739 80431 737 32.3495 3.60307 45.5401 26.1116 33.0613 550 189 0.138038
933 0.889157 0.89781 559 59986 556 37.7649 0.99939 40.5709 30.1896 30.3475 415 144 0.101204
934 0.766667 0.958333 553 46810 551 26.8494 10.1038 32.8179 16.0452 20.4173 360 193 0.0980315
935 0.784067 0.804301 645 45371 643 30.4897 6.97799 40.8866 28.6646 29.2285 477 168 0.0871962
936 0.780488 0.969697 500 42104 498 25.4482 11.9414 30.8577 14.9954 18.4382 328 172 0.0731285
937 0.921053 0.796964 691 67682 0 35.288 1.58099 47.6261 35.423 31.1446 456 235 2.04098
938 0.836996 0.885659 691 72504 0 34.3962 1.99938 43.9843 32.9018 34.3103 546 145 2.07996
939 0.942721 0.862445 562 31749 560 26.1788 10.7812 34.8439 28.2198 26.2227 419 143 0.062179
940 0.911871 0.819063 814 80571 0 33.9473 2.00208 49.0428 37.8585 34.0299 556 258 2.82341
941 0.728155 0.9375 625 54252 623 31.3002 3.64951 36.2398 22.7935 29.6944 515 110 0.0974726
942 0.915547 0.751181 691 73858 0 35.7791 1.4854 45.4418 41.5254 33.5294 521 170 2.08917
943 0.842412 0.941304 686 56996 677 32.6343 3.88852 39.846 26.4396 29.9315 514 172 0.103983
944 0.921488 0.684049 718 68647 0 35.9356 1.37507 47.32 43.0477 31.9223 484 234 2.23414
945 0.636986 0.798283 744 67729 742 33.7877 2.07793 43.8837 27.6699 34.5821 584 160 0.122307
946 1 0.344156 309 12605 307 9.68529 29.6256 17.0123 17.0123 5.34084 106 203 0.0227233
947 0.764192 0.918635 637 93471 632 36.6182 1.27223 43.2719 25.1842 31.0141 458 179 0.148158
948 0.765363 0.874468 760 80822 757 34.3086 1.73254 48.6997 29.8652 34.713 537 223 0.137385
949 0.824427 0.93913 670 82197 668 34.4435 2.38133 42.2726 29.6152 33.9269 524 146 0.136151
950 0.814394 0.926724 676 70932 673 34.5943 1.76592 43.3772 30.1006 33.6738 528 148 0.121757
951 0.781784 0.869198 718 85216 712 35.8422 0.958343 47.1362 30.4213 33.6931 527 191 0.172958
952 0.928406 0.954869 629 82221 611 38.1517 0.747865 43.7629 29.9175 30.3924 433 196 0.131029
953 0.887387 0.753346 629 86056 0 35.9436 1.58964 43.0189 36.2928 30.1318 444 185 1.74893
954 0.913934 0.883168 645 56824 0 36.4694 1.23568 44.1612 35.1265 33.7621 488 157 1.81523
955 0.844444 0.902808 677 51956 673 35.2974 2.18798 47.202 30.4974 32.7933 495 182 0.0979286
956 0.77453 0.929825 633 47348 630 32.6721 2.16282 36.9527 23.3229 28.1445 479 154 0.0882527
957 1 0.786982 508 27140 506 26.1688 9.4249 27.7001 27.7001 21.5198 399 109 0.0492563
958 0.92668 0.816876 608 70683 1 32.3625 3.59527 38.0999 35.3149 30.9586 491 117 1.64555
959 0.921196 0.768707 559 37359 557 23.8944 13.7603 33.9571 26.4071 22.0509 368 191 0.0703488
960 0.728782 1 674 105969 672 37.5443 1.41535 45.7138 25.4561 34.9243 542 132 0.168141
961 0.958716 0.732049 652 98329 0 38.7004 0.481051 44.4582 39.4262 29.9099 436 216 1.88503
962 0.750459 0.855649 709 73979 706 34.0437 1.98559 45.0833 29.8821 34.8501 545 164 0.125272
963 0.861507 0.959184 624 65347 619 35.4186 1.86675 42.926 29.8733 33.2159 491 133 0.10752
964 0.806452 0.892857 673 60398 0 34.7506 2.00076 44.5139 31.722 34.7613 527 146 1.95304
965 0.874674 0.823096 569 63202 567 33.9876 2.43136 36.9545 26.4211 24.7878 383 186 0.107019
966 0.681979 0.877273 727 115264 725 34.4839 1.85271 45.6297 26.453 34.9014 566 161 0.184798
967 0.708609 0.788698 657 67168 655 34.397 2.07775 41.5645 24.5641 27.5556 453 204 0.116501
968 0.779621 0.856771 559 66899 557 34.3183 4.65861 38.5041 26.3564 28.802 422 137 0.107375
969 0.640596 0.888889 727 70117 723 35.2003 1.63087 45.1845 23.4719 31.8963 537 190 0.123018
970 0.79604 0.872017 740 92895 735 36.7762 1.8851 48.7526 30.17 33.4537 505 235 0.156106
971 0.995215 0.744186 583 47092 0 37.4807 0.979407 41.3402 39.7854 29.8281 418 165 1.47361
972 0.884021 0.86398 594 64233 592 36.0311 1.13404 40.1193 26.7307 26.0548 388 206 0.128486
973 0.79597 0.847185 577 40382 575 26.5362 11.2799 36.8073 22.4975 24.5715 397 180 0.0759379
974 0.670232 0.949495 723 76865 721 31.89 4.14873 44.9413 25.0167 34.6725 561 162 0.133487
975 0.905286 0.895425 603 61611 594 36.0075 1.06302 39.636 30.4137 30.4801 454 149 0.101171
976 0.657948 0.762238 682 57735 680 34.4609 2.68958 42.5327 27.718 30.4299 497 185 0.104263
977 0.760536 0.853763 764 60254 762 32.993 2.23199 45.7679 26.9342 30.1974 522 242 0.112752
978 0.582822 0.823699 646 56470 644 32.7857 2.23702 37.6314 19.2005 29.0076 489 157 0.1006
979 0.698514 0.852332 651 67698 646 34.9632 2.03319 43.1237 24.5168 30.6598 471 180 0.115563
980 0.861831 0.768875 758 65309 1 33.3252 2.47986 43.609 37.8012 33.2673 579 179 2.45283
981 0.694737 0.91455 709 85981 706 32.6074 4.00479 44.0358 25.479 35.1691 570 139 0.14807
982 0.695219 0.819249 671 56686 669 33.8739 2.7621 42.8284 26.7505 32.3273 502 169 0.105268
983 0.777778 0.916667 654 66734 652 34.6737 1.03977 43.3284 25.4504 30.9988 495 159 0.114581
984 0.87799 0.857477 663 94373 661 36.4947 1.11463 45.1475 29.2371 28.189 418 245 0.15344
985 0.788235 0.881579 655 75046 653 32.3757 3.78869 41.8097 29.4178 33.0369 510 145 0.12581
986 0.792453 0.92511 667 74938 664 34.8362 2.41274 44.2594 29.7053 34.9529 530 137 0.124714
987 0.828921 0.853249 700 58094 698 32.6983 4.27882 45.2169 29.6056 31.0922 491 209 0.10707
988 0.735741 0.897912 706 85405 704 34.6203 1.36355 45.2447 26.6641 32.2147 526 180 0.14346
989 0.851175 0.779904 604 62739 602 33.4468 5.21312 40.0342 26.3332 24.3283 383 221 0.108483
990 0.761194 0.902655 600 61256 541 32.9458 3.1048 37.7275 19.2159 22.721 402 198 0.103643
991 0.795359 0.841518 667 72878 664 35.959 1.02984 43.7169 29.7063 31.3883 474 193 0.12588
992 0.752632 0.926566 753 83534 750 33.7102 3.71552 49.268 30.2696 37.2853 570 183 0.138178
993 0.933712 0.776378 737 70271 0 34.4948 3.47628 49.0393 42.6676 35.4529 528 209 2.32269
994 0.901257 0.762918 740 93733 0 35.0237 1.96265 47.9495 42.4229 36.5295 557 183 2.37862
995 0.686347 0.823009 708 64319 706 35.4901 1.61632 43.97 28.1428 34.1224 542 166 0.113678
996 0.742291 0.859694 592 68611 590 35.3131 0.962823 37.526 25.0214 29.299 454 138 0.110813
997 0.830898 0.954436 656 86435 654 33.2578 2.69605 42.3694 26.8546 31.0946 479 177 0.137813
998 0.893333 0.805288 553 64941 550 35.6963 1.46746 36.9987 27.9844 25.0276 375 178 0.10408
999 0.693252 0.882812 662 68676 660 33.3101 2.38572 40.8089 23.8341 30.2515 489 173 0.124999
