0 -211 0 30.1396 -100 0 0 
1 311 1 10.4976 100 0 0 
2 -211 1 1 -109.284 -57.244 0.1 
3 -211 1 1 -98.876 -57.244 0.1 
4 -211 0 2 -98.876 -15.612 0.1 
5 -211 0 1 -88.468 -15.612 0.1 
6 -211 0 1 -98.876 -5.20399 0.1 
7 -211 0 1 -98.876 5.204 0.1 
8 -211 1 1 26.02 5.20403 0.1 
9 -211 1 3 26.02 15.612 0.1 
10 -211 0 1 -119.692 -36.428 0.2 
11 -211 0 1 -109.284 -36.428 0.2 
12 -211 0 1 -119.692 -26.02 0.2 
13 -211 0 1 -109.284 -26.02 0.2 
14 -211 0 1 -98.876 -26.02 0.2 
15 -211 0 1 -88.468 -26.02 0.2 
16 -211 0 1 -119.692 -15.612 0.2 
17 -211 0 1 -109.284 -15.612 0.2 
18 -211 0 1 -98.876 -15.612 0.2 
19 -211 0 3 -88.468 -15.612 0.2 
20 -211 0 1 -119.692 -5.20399 0.2 
21 -211 0 2 -109.284 -5.20399 0.2 
22 -211 0 3 -98.876 -5.20399 0.2 
23 -211 0 1 -88.468 -5.20399 0.2 
24 -211 0 1 -78.06 -5.20399 0.2 
25 -211 0 1 -109.284 5.204 0.2 
26 -211 0 3 -98.876 5.204 0.2 
27 -211 0 2 -88.468 5.204 0.2 
28 -211 0 1 -109.284 15.612 0.2 
29 -211 0 1 -98.876 15.612 0.2 
30 -211 0 1 -88.468 15.612 0.2 
31 -211 0 1 -109.284 26.02 0.2 
32 -211 0 1 -119.692 -26.02 0.3 
33 -211 0 2 -109.284 -26.02 0.3 
34 -211 0 1 -98.876 -26.02 0.3 
35 -211 0 1 -140.508 -15.612 0.3 
36 -211 0 1 -130.1 -15.612 0.3 
37 -211 0 1 -119.692 -15.612 0.3 
38 -211 0 1 -109.284 -15.612 0.3 
39 -211 0 2 -98.876 -15.612 0.3 
40 -211 0 1 -88.468 -15.612 0.3 
41 -211 0 1 -78.06 -15.612 0.3 
42 -211 0 1 -119.692 -5.20402 0.3 
43 -211 0 3 -109.284 -5.20402 0.3 
44 -211 0 2 -98.876 -5.20402 0.3 
45 -211 0 3 -88.468 -5.20402 0.3 
46 -211 0 1 -78.06 -5.20402 0.3 
47 -211 0 1 -119.692 5.204 0.3 
48 -211 0 1 -109.284 5.204 0.3 
49 -211 0 3 -98.876 5.204 0.3 
50 -211 0 2 -88.468 5.204 0.3 
51 -211 0 1 -78.06 5.204 0.3 
52 -211 0 1 -119.692 15.612 0.3 
53 -211 0 2 -109.284 15.612 0.3 
54 -211 0 1 -98.876 15.612 0.3 
55 -211 0 2 -88.468 15.612 0.3 
56 -211 0 2 -78.06 15.612 0.3 
57 -211 0 1 -88.468 26.02 0.3 
58 -211 0 1 -78.06 26.02 0.3 
59 -211 0 2 -88.468 36.428 0.3 
60 -211 1 1 -130.1 57.244 0.3 
61 -211 0 1 -140.508 -26.02 0.4 
62 -211 0 2 -98.876 -26.02 0.4 
63 -211 0 1 -88.468 -26.02 0.4 
64 -211 0 1 -140.508 -15.612 0.4 
65 -211 0 2 -130.1 -15.612 0.4 
66 -211 0 1 -119.692 -15.612 0.4 
67 -211 0 1 -109.284 -15.612 0.4 
68 -211 0 1 -98.876 -15.612 0.4 
69 -211 0 1 -88.468 -15.612 0.4 
70 -211 0 1 -150.916 -5.20399 0.4 
71 -211 0 1 -140.508 -5.20399 0.4 
72 -211 0 3 -130.1 -5.20399 0.4 
73 -211 0 1 -119.692 -5.20399 0.4 
74 -211 0 2 -109.284 -5.20399 0.4 
75 -211 0 2 -98.876 -5.20399 0.4 
76 -211 0 1 -88.468 -5.20399 0.4 
77 -211 0 1 -130.1 5.204 0.4 
78 -211 0 1 -119.692 5.204 0.4 
79 -211 0 3 -109.284 5.204 0.4 
80 -211 0 3 -98.876 5.204 0.4 
81 -211 0 1 -88.468 5.204 0.4 
82 -211 0 1 -78.06 5.204 0.4 
83 -211 0 1 -130.1 15.612 0.4 
84 -211 0 3 -119.692 15.612 0.4 
85 -211 0 2 -109.284 15.612 0.4 
86 -211 0 3 -98.876 15.612 0.4 
87 -211 0 3 -88.468 15.612 0.4 
88 -211 0 1 -78.06 15.612 0.4 
89 -211 0 1 -119.692 26.02 0.4 
90 -211 0 1 -109.284 26.02 0.4 
91 -211 0 1 -98.876 26.02 0.4 
92 -211 0 1 -88.468 26.02 0.4 
93 -211 1 1 -223.772 -67.652 0.5 
94 -211 1 1 -213.364 -67.652 0.5 
95 -211 0 1 -109.284 -26.02 0.5 
96 -211 0 1 -98.876 -26.02 0.5 
97 -211 0 1 -88.468 -26.02 0.5 
98 -211 0 1 -140.508 -15.612 0.5 
99 -211 0 1 -119.692 -15.612 0.5 
100 -211 0 3 -109.284 -15.612 0.5 
101 -211 0 2 -98.876 -15.612 0.5 
102 -211 0 1 -88.468 -15.612 0.5 
103 -211 0 1 -119.692 -5.20402 0.5 
104 -211 0 3 -109.284 -5.20402 0.5 
105 -211 0 2 -98.876 -5.20402 0.5 
106 -211 0 2 -88.468 -5.20402 0.5 
107 -211 0 1 -78.06 -5.20399 0.5 
108 -211 0 1 -130.1 5.204 0.5 
109 -211 0 1 -119.692 5.204 0.5 
110 -211 0 2 -109.284 5.204 0.5 
111 -211 0 3 -98.876 5.204 0.5 
112 -211 0 3 -88.468 5.204 0.5 
113 -211 0 1 -78.06 5.20403 0.5 
114 -211 0 1 -67.652 5.20403 0.5 
115 -211 0 1 -140.508 15.612 0.5 
116 -211 0 2 -130.1 15.612 0.5 
117 -211 0 2 -119.692 15.612 0.5 
118 -211 0 2 -109.284 15.612 0.5 
119 -211 0 3 -98.876 15.612 0.5 
120 -211 0 2 -88.468 15.612 0.5 
121 -211 0 1 -78.06 15.612 0.5 
122 -211 0 1 -67.652 15.612 0.5 
123 -211 0 1 -140.508 26.02 0.5 
124 -211 0 1 -130.1 26.02 0.5 
125 -211 0 1 -119.692 26.02 0.5 
126 -211 0 1 -109.284 26.02 0.5 
127 -211 0 1 -98.876 26.02 0.5 
128 -211 0 1 -88.468 26.02 0.5 
129 -211 0 1 -119.692 36.428 0.5 
130 -211 1 1 -265.404 -88.468 0.6 
131 -211 1 1 -254.996 -88.468 0.6 
132 -211 1 1 -265.404 -78.06 0.6 
133 -211 0 1 -140.508 -26.02 0.6 
134 -211 0 3 -130.1 -26.02 0.6 
135 -211 0 1 -119.692 -26.02 0.6 
136 -211 0 2 -109.284 -26.02 0.6 
137 -211 0 1 -98.876 -26.02 0.6 
138 -211 0 1 -88.468 -26.02 0.6 
139 -211 0 1 -78.06 -26.02 0.6 
140 -211 0 1 -140.508 -15.612 0.6 
141 -211 0 3 -130.1 -15.612 0.6 
142 -211 0 3 -119.692 -15.612 0.6 
143 -211 0 3 -109.284 -15.612 0.6 
144 -211 0 1 -98.876 -15.612 0.6 
145 -211 0 1 -88.468 -15.612 0.6 
146 -211 0 1 -130.1 -5.20399 0.6 
147 -211 0 2 -119.692 -5.20399 0.6 
148 -211 0 3 -109.284 -5.20399 0.6 
149 -211 0 3 -98.876 -5.20402 0.6 
150 -211 0 1 -88.468 -5.20399 0.6 
151 -211 0 1 -78.06 -5.20402 0.6 
152 -211 0 1 -67.652 -5.20402 0.6 
153 -211 0 1 -130.1 5.204 0.6 
154 -211 0 1 -119.692 5.204 0.6 
155 -211 0 2 -109.284 5.204 0.6 
156 -211 0 3 -98.876 5.20397 0.6 
157 -211 0 3 -88.468 5.20403 0.6 
158 -211 0 3 -78.06 5.20397 0.6 
159 -211 0 1 -67.652 5.204 0.6 
160 -211 0 2 -140.508 15.612 0.6 
161 -211 0 1 -130.1 15.612 0.6 
162 -211 0 2 -119.692 15.612 0.6 
163 -211 0 3 -109.284 15.612 0.6 
164 -211 0 3 -98.876 15.612 0.6 
165 -211 0 3 -88.468 15.612 0.6 
166 -211 0 1 -78.06 15.612 0.6 
167 -211 0 1 -67.652 15.612 0.6 
168 -211 0 1 -161.324 26.02 0.6 
169 -211 0 2 -150.916 26.02 0.6 
170 -211 0 2 -140.508 26.02 0.6 
171 -211 0 1 -130.1 26.02 0.6 
172 -211 0 1 -109.284 26.02 0.6 
173 -211 0 1 -98.876 26.02 0.6 
174 -211 0 1 -88.468 26.02 0.6 
175 -211 0 1 -171.732 36.428 0.6 
176 -211 0 1 -161.324 36.428 0.6 
177 -211 0 1 -150.916 36.428 0.6 
178 -211 0 1 -109.284 46.836 0.6 
179 -211 1 1 -161.324 171.732 0.6 
180 -211 1 2 -161.324 182.14 0.6 
181 -211 0 1 -140.508 -46.836 0.7 
182 -211 0 2 -150.916 -36.428 0.7 
183 -211 0 1 -140.508 -36.428 0.7 
184 -211 0 1 -119.692 -36.428 0.7 
185 -211 0 1 -109.284 -36.428 0.7 
186 -211 0 1 -140.508 -26.02 0.7 
187 -211 0 1 -130.1 -26.02 0.7 
188 -211 0 3 -119.692 -26.02 0.7 
189 -211 0 2 -109.284 -26.02 0.7 
190 -211 0 1 -98.876 -26.02 0.7 
191 -211 0 1 -140.508 -15.612 0.7 
192 -211 0 2 -130.1 -15.612 0.7 
193 -211 0 3 -119.692 -15.612 0.7 
194 -211 0 2 -109.284 -15.612 0.7 
195 -211 0 2 -98.876 -15.612 0.7 
196 -211 0 1 -88.468 -15.612 0.7 
197 -211 0 1 -130.1 -5.20402 0.7 
198 -211 0 1 -119.692 -5.20402 0.7 
199 -211 0 2 -109.284 -5.20402 0.7 
200 -211 0 3 -98.876 -5.20402 0.7 
201 -211 0 1 -88.468 -5.20402 0.7 
202 -211 0 1 -78.06 -5.20402 0.7 
203 -211 0 1 -119.692 5.20397 0.7 
204 -211 0 2 -109.284 5.20397 0.7 
205 -211 0 1 -98.876 5.20397 0.7 
206 -211 0 3 -88.468 5.20397 0.7 
207 -211 0 1 -78.06 5.204 0.7 
208 -211 0 1 -182.14 15.612 0.7 
209 -211 0 1 -119.692 15.612 0.7 
210 -211 0 3 -109.284 15.612 0.7 
211 -211 0 3 -98.876 15.612 0.7 
212 -211 0 3 -88.468 15.612 0.7 
213 -211 0 1 -78.06 15.612 0.7 
214 -211 0 1 -57.244 15.612 0.7 
215 -211 0 1 -192.548 26.02 0.7 
216 -211 0 3 -182.14 26.02 0.7 
217 -211 0 1 -119.692 26.02 0.7 
218 -211 0 1 -109.284 26.02 0.7 
219 -211 0 1 -98.876 26.02 0.7 
220 -211 0 2 -88.468 26.02 0.7 
221 -211 0 1 -78.06 26.02 0.7 
222 -211 0 1 -192.548 36.428 0.7 
223 -211 0 1 -182.14 36.428 0.7 
224 -211 0 1 -109.284 36.428 0.7 
225 -211 0 1 -98.876 36.428 0.7 
226 -211 0 1 -192.548 46.836 0.7 
227 -211 0 1 -119.692 -36.428 0.8 
228 -211 0 2 -109.284 -36.428 0.8 
229 -211 0 1 -130.1 -26.02 0.8 
230 -211 0 1 -119.692 -26.02 0.8 
231 -211 0 1 -109.284 -26.02 0.8 
232 -211 0 1 -140.508 -15.612 0.8 
233 -211 0 3 -130.1 -15.612 0.8 
234 -211 0 3 -119.692 -15.612 0.8 
235 -211 0 1 -109.284 -15.612 0.8 
236 -211 0 1 -98.876 -15.612 0.8 
237 -211 0 1 -88.468 -15.612 0.8 
238 -211 0 1 -140.508 -5.20399 0.8 
239 -211 0 1 -130.1 -5.20399 0.8 
240 -211 0 1 -119.692 -5.20399 0.8 
241 -211 0 3 -109.284 -5.20399 0.8 
242 -211 0 2 -98.876 -5.20399 0.8 
243 -211 0 1 -88.468 -5.20399 0.8 
244 -211 0 1 -78.06 -5.20402 0.8 
245 -211 1 1 15.612 -5.20399 0.8 
246 -211 0 1 -130.1 5.20403 0.8 
247 -211 0 2 -119.692 5.20403 0.8 
248 -211 0 1 -109.284 5.20403 0.8 
249 -211 0 2 -98.876 5.20403 0.8 
250 -211 0 3 -88.468 5.20403 0.8 
251 -211 0 2 -78.06 5.204 0.8 
252 -211 0 1 -67.652 5.204 0.8 
253 -211 0 1 -119.692 15.612 0.8 
254 -211 0 3 -109.284 15.612 0.8 
255 -211 0 3 -98.876 15.612 0.8 
256 -211 0 3 -88.468 15.612 0.8 
257 -211 0 3 -78.06 15.612 0.8 
258 -211 0 1 -67.652 15.612 0.8 
259 -211 0 1 -57.244 15.612 0.8 
260 -211 0 2 -46.836 15.612 0.8 
261 -211 0 1 -119.692 26.02 0.8 
262 -211 0 3 -109.284 26.02 0.8 
263 -211 0 2 -98.876 26.02 0.8 
264 -211 0 2 -88.468 26.02 0.8 
265 -211 0 1 -78.06 26.02 0.8 
266 -211 0 1 -150.916 36.428 0.8 
267 -211 0 2 -140.508 36.428 0.8 
268 -211 0 1 -109.284 36.428 0.8 
269 -211 0 1 -98.876 36.428 0.8 
270 -211 0 1 -88.468 36.428 0.8 
271 -211 0 2 -150.916 46.836 0.8 
272 -211 0 1 -140.508 46.836 0.8 
273 -211 0 1 -150.916 57.244 0.8 
274 -211 0 1 -140.508 57.244 0.8 
275 -211 0 1 -109.284 -46.836 0.9 
276 -211 0 1 -98.876 -46.836 0.9 
277 -211 0 1 -130.1 -36.428 0.9 
278 -211 0 1 -119.692 -36.428 0.9 
279 -211 0 1 -109.284 -36.428 0.9 
280 -211 0 3 -98.876 -36.428 0.9 
281 -211 0 1 -140.508 -26.02 0.9 
282 -211 0 3 -130.1 -26.02 0.9 
283 -211 0 1 -119.692 -26.02 0.9 
284 -211 0 1 -109.284 -26.02 0.9 
285 -211 0 2 -140.508 -15.612 0.9 
286 -211 0 3 -130.1 -15.612 0.9 
287 -211 0 3 -119.692 -15.612 0.9 
288 -211 0 1 -109.284 -15.612 0.9 
289 -211 0 1 -140.508 -5.20399 0.9 
290 -211 0 1 -130.1 -5.20399 0.9 
291 -211 0 2 -119.692 -5.20399 0.9 
292 -211 0 2 -109.284 -5.20399 0.9 
293 -211 0 1 -98.876 -5.20399 0.9 
294 -211 0 1 -150.916 5.20403 0.9 
295 -211 0 2 -140.508 5.20403 0.9 
296 -211 0 1 -119.692 5.20403 0.9 
297 -211 0 1 -109.284 5.20403 0.9 
298 -211 0 1 -98.876 5.20403 0.9 
299 -211 0 1 -88.468 5.20403 0.9 
300 -211 0 1 -78.06 5.204 0.9 
301 -211 0 1 -67.652 5.204 0.9 
302 -211 0 1 -109.284 15.612 0.9 
303 -211 0 1 -98.876 15.612 0.9 
304 -211 0 3 -88.468 15.612 0.9 
305 -211 0 3 -78.06 15.612 0.9 
306 -211 0 2 -67.652 15.612 0.9 
307 -211 0 1 -57.244 15.612 0.9 
308 -211 0 2 -46.836 15.612 0.9 
309 -211 0 1 -36.428 15.612 0.9 
310 -211 0 1 -109.284 26.02 0.9 
311 -211 0 1 -98.876 26.02 0.9 
312 -211 0 3 -88.468 26.02 0.9 
313 -211 0 3 -78.06 26.02 0.9 
314 -211 0 2 -67.652 26.02 0.9 
315 -211 0 1 -46.836 26.02 0.9 
316 -211 0 1 -109.284 36.428 0.9 
317 -211 0 1 -98.876 36.428 0.9 
318 -211 0 1 -88.468 36.428 0.9 
319 -211 0 1 -78.06 36.428 0.9 
320 -211 1 1 -265.404 46.836 0.9 
321 -211 0 1 -150.916 46.836 0.9 
322 -211 0 1 -140.508 46.836 0.9 
323 -211 0 2 -109.284 46.836 0.9 
324 -211 1 1 -275.812 57.244 0.9 
325 -211 1 3 -265.404 57.244 0.9 
326 -211 1 1 -244.588 57.244 0.9 
327 -211 1 1 -234.18 57.244 0.9 
328 -211 0 1 -161.324 57.244 0.9 
329 -211 0 2 -150.916 57.244 0.9 
330 -211 0 1 -140.508 57.244 0.9 
331 -211 0 1 -150.916 -46.836 1 
332 -211 0 2 -140.508 -46.836 1 
333 -211 0 2 -109.284 -46.836 1 
334 -211 0 1 -130.1 -36.428 1 
335 -211 0 1 -109.284 -36.428 1 
336 -211 0 1 -140.508 -26.02 1 
337 -211 0 3 -130.1 -26.02 1 
338 -211 0 1 -119.692 -26.02 1 
339 -211 0 1 -109.284 -26.02 1 
340 -211 0 1 -130.1 -15.612 1 
341 -211 0 1 -119.692 -15.612 1 
342 -211 0 2 -119.692 -5.20402 1 
343 -211 0 2 -109.284 -5.20402 1 
344 -211 0 1 -119.692 5.204 1 
345 -211 0 1 -109.284 5.204 1 
346 -211 0 1 -98.876 5.204 1 
347 -211 0 1 -88.468 5.204 1 
348 -211 0 1 -78.06 5.20397 1 
349 -211 0 2 -98.876 15.612 1 
350 -211 0 3 -88.468 15.612 1 
351 -211 0 3 -78.06 15.612 1 
352 -211 0 1 -36.428 15.612 1 
353 -211 0 1 -98.876 26.02 1 
354 -211 0 1 -88.468 26.02 1 
355 -211 0 1 -78.06 26.02 1 
356 -211 0 1 -36.428 26.02 1 
357 -211 0 2 -78.06 36.428 1 
358 -211 0 2 -130.1 -57.244 1.1 
359 -211 0 1 -130.1 -46.836 1.1 
360 -211 0 1 -109.284 -46.836 1.1 
361 -211 0 2 -130.1 -36.428 1.1 
362 -211 0 1 -130.1 -26.02 1.1 
363 -211 0 1 -150.916 -15.612 1.1 
364 -211 0 1 -130.1 -15.612 1.1 
365 311 1 2 88.468 -15.612 1.1 
366 311 1 3 98.876 -15.612 1.1 
367 311 1 1 109.284 -15.612 1.1 
368 -211 0 1 -150.916 -5.20399 1.1 
369 -211 0 1 -140.508 -5.20399 1.1 
370 -211 0 2 -130.1 -5.20399 1.1 
371 -211 0 1 -109.284 -5.20399 1.1 
372 311 1 1 88.468 -5.20402 1.1 
373 311 1 3 98.876 -5.20402 1.1 
374 311 1 2 109.284 -5.20402 1.1 
375 311 1 1 119.692 -5.20402 1.1 
376 -211 0 2 -109.284 5.204 1.1 
377 -211 0 1 -78.06 5.204 1.1 
378 311 1 2 98.876 5.204 1.1 
379 311 1 2 109.284 5.204 1.1 
380 -211 0 1 -109.284 15.612 1.1 
381 -211 0 1 -36.428 15.612 1.1 
382 311 1 1 109.284 15.612 1.1 
383 -211 0 1 -140.508 26.02 1.1 
384 -211 0 2 -130.1 26.02 1.1 
385 -211 0 1 -88.468 26.02 1.1 
386 -211 0 2 -78.06 26.02 1.1 
387 -211 0 1 -67.652 26.02 1.1 
388 -211 0 1 -36.428 26.02 1.1 
389 -211 0 1 -88.468 36.428 1.1 
390 -211 0 1 -78.06 36.428 1.1 
391 -211 1 1 5.20397 36.428 1.1 
392 -211 1 2 -67.652 78.06 1.1 
393 -211 1 1 -67.652 88.468 1.1 
394 -211 0 1 -130.1 -46.836 1.2 
395 -211 0 1 -119.692 -46.836 1.2 
396 -211 0 1 -109.284 -46.836 1.2 
397 -211 0 1 -98.876 -46.836 1.2 
398 -211 0 1 -140.508 -36.428 1.2 
399 -211 0 2 -130.1 -36.428 1.2 
400 -211 0 1 -119.692 -36.428 1.2 
401 -211 0 2 -130.1 -26.02 1.2 
402 -211 0 1 -119.692 -26.02 1.2 
403 311 1 1 98.876 -15.612 1.2 
404 311 1 2 109.284 -15.612 1.2 
405 311 1 1 88.468 -5.20399 1.2 
406 311 1 2 98.876 -5.20399 1.2 
407 311 1 1 109.284 -5.20399 1.2 
408 311 1 2 130.1 -5.20399 1.2 
409 311 1 1 140.508 -5.20399 1.2 
410 -211 0 2 -109.284 5.204 1.2 
411 -211 0 1 -78.06 5.204 1.2 
412 311 1 1 98.876 5.204 1.2 
413 311 1 1 109.284 5.204 1.2 
414 311 1 1 130.1 5.204 1.2 
415 311 1 1 140.508 5.204 1.2 
416 -211 0 1 -109.284 15.612 1.2 
417 -211 0 2 -98.876 15.612 1.2 
418 -211 0 2 -88.468 15.612 1.2 
419 -211 0 2 -78.06 15.612 1.2 
420 -211 0 2 -109.284 26.02 1.2 
421 -211 0 2 -98.876 26.02 1.2 
422 -211 0 1 -88.468 26.02 1.2 
423 311 1 2 130.1 26.02 1.2 
424 311 1 1 254.996 26.02 1.2 
425 -211 0 1 -109.284 36.428 1.2 
426 -211 0 1 -109.284 46.836 1.2 
427 -211 1 1 -57.244 -57.244 1.3 
428 -211 0 1 -130.1 -46.836 1.3 
429 -211 0 1 -109.284 -46.836 1.3 
430 -211 0 2 -98.876 -46.836 1.3 
431 -211 1 1 -67.652 -46.836 1.3 
432 -211 1 2 -57.244 -46.836 1.3 
433 -211 0 1 -140.508 -36.428 1.3 
434 -211 0 2 -130.1 -36.428 1.3 
435 311 1 1 109.284 -26.02 1.3 
436 -211 0 1 -150.916 -15.612 1.3 
437 311 1 1 57.244 -15.612 1.3 
438 311 1 2 67.652 -15.612 1.3 
439 311 1 2 88.468 -15.612 1.3 
440 311 1 1 98.876 -15.612 1.3 
441 311 1 2 109.284 -15.612 1.3 
442 311 1 1 119.692 -15.612 1.3 
443 -211 0 1 -150.916 -5.20399 1.3 
444 311 1 2 98.876 -5.20402 1.3 
445 311 1 1 109.284 -5.20402 1.3 
446 311 1 1 150.916 -5.20402 1.3 
447 311 1 1 161.324 -5.20402 1.3 
448 311 1 1 171.732 -5.20402 1.3 
449 -211 1 2 -46.836 5.204 1.3 
450 311 1 1 98.876 5.204 1.3 
451 311 1 1 109.284 5.204 1.3 
452 311 1 1 161.324 5.204 1.3 
453 311 1 1 171.732 5.204 1.3 
454 -211 0 2 -119.692 15.612 1.3 
455 311 1 2 88.468 15.612 1.3 
456 311 1 1 98.876 15.612 1.3 
457 -211 0 1 -98.876 26.02 1.3 
458 -211 0 1 -98.876 -46.836 1.4 
459 311 1 1 26.02 -46.836 1.4 
460 311 1 2 36.428 -46.836 1.4 
461 311 1 2 57.244 -46.836 1.4 
462 311 1 1 67.652 -46.836 1.4 
463 311 1 1 78.06 -46.836 1.4 
464 311 1 2 88.468 -46.836 1.4 
465 -211 1 2 -161.324 -36.428 1.4 
466 311 1 1 57.244 -36.428 1.4 
467 311 1 1 88.468 -36.428 1.4 
468 311 1 1 98.876 -36.428 1.4 
469 -211 1 1 -161.324 -26.02 1.4 
470 -211 1 2 -150.916 -26.02 1.4 
471 311 1 1 78.06 -26.02 1.4 
472 311 1 3 88.468 -26.02 1.4 
473 311 1 1 98.876 -26.02 1.4 
474 311 1 1 109.284 -26.02 1.4 
475 -211 0 1 -119.692 -15.612 1.4 
476 311 1 1 78.06 -15.612 1.4 
477 311 1 1 88.468 -15.612 1.4 
478 311 1 1 98.876 -15.612 1.4 
479 311 1 1 109.284 -15.612 1.4 
480 -211 0 2 -119.692 -5.20402 1.4 
481 311 1 2 98.876 -5.20402 1.4 
482 311 1 1 109.284 -5.20402 1.4 
483 311 1 1 5.204 5.204 1.4 
484 311 1 1 98.876 5.204 1.4 
485 311 1 2 109.284 5.204 1.4 
486 311 1 1 119.692 5.204 1.4 
487 311 1 1 88.468 15.612 1.4 
488 311 1 1 88.468 26.02 1.4 
489 -211 1 1 -171.732 140.508 1.4 
490 -211 1 1 -182.14 150.916 1.4 
491 -211 1 3 -171.732 150.916 1.4 
492 311 1 1 36.428 -67.652 1.5 
493 311 1 1 46.836 -67.652 1.5 
494 311 1 1 36.428 -57.244 1.5 
495 311 1 3 46.836 -57.244 1.5 
496 311 1 1 57.244 -57.244 1.5 
497 -211 0 2 -150.916 -46.836 1.5 
498 -211 0 1 -140.508 -46.836 1.5 
499 -211 0 1 -98.876 -46.836 1.5 
500 311 1 1 57.244 -46.836 1.5 
501 311 1 1 98.876 -46.836 1.5 
502 311 1 1 78.06 -36.428 1.5 
503 311 1 1 88.468 -36.428 1.5 
504 311 1 1 98.876 -36.428 1.5 
505 311 1 1 78.06 -26.02 1.5 
506 311 1 3 88.468 -26.02 1.5 
507 311 1 1 98.876 -26.02 1.5 
508 311 1 2 109.284 -26.02 1.5 
509 311 1 1 119.692 -26.02 1.5 
510 311 1 1 140.508 -26.02 1.5 
511 311 1 1 150.916 -26.02 1.5 
512 -211 0 1 -119.692 -15.612 1.5 
513 -211 0 1 -109.284 -15.612 1.5 
514 311 1 1 98.876 -15.612 1.5 
515 311 1 1 109.284 -15.612 1.5 
516 311 1 1 119.692 -15.612 1.5 
517 311 1 2 98.876 -5.20399 1.5 
518 311 1 1 109.284 -5.20399 1.5 
519 311 1 1 98.876 5.204 1.5 
520 311 1 1 109.284 5.204 1.5 
521 311 1 1 119.692 5.20397 1.5 
522 -211 1 1 -109.284 67.652 1.5 
523 -211 1 1 -98.876 67.652 1.5 
524 -211 1 1 -109.284 78.06 1.5 
525 -211 1 1 -98.876 78.06 1.5 
526 311 1 2 88.468 -119.692 1.6 
527 -211 0 1 -98.876 -46.836 1.6 
528 -211 0 1 -88.468 -46.836 1.6 
529 311 1 1 88.468 -46.836 1.6 
530 311 1 1 130.1 -46.836 1.6 
531 311 1 1 140.508 -46.836 1.6 
532 311 1 1 67.652 -36.428 1.6 
533 311 1 2 78.06 -36.428 1.6 
534 311 1 2 88.468 -36.428 1.6 
535 311 1 1 98.876 -36.428 1.6 
536 311 1 1 109.284 -36.428 1.6 
537 311 1 1 67.652 -26.02 1.6 
538 311 1 1 78.06 -26.02 1.6 
539 311 1 1 109.284 -26.02 1.6 
540 311 1 1 119.692 -26.02 1.6 
541 311 1 1 130.1 -26.02 1.6 
542 311 1 1 98.876 -15.612 1.6 
543 311 1 1 109.284 -15.612 1.6 
544 311 1 2 119.692 -15.612 1.6 
545 311 1 3 130.1 -15.612 1.6 
546 311 1 1 140.508 -15.612 1.6 
547 311 1 1 98.876 -5.20402 1.6 
548 311 1 1 130.1 -5.20402 1.6 
549 311 1 2 98.876 5.20397 1.6 
550 311 1 1 119.692 5.20397 1.6 
551 -211 0 1 -98.876 26.02 1.6 
552 -211 0 2 -88.468 26.02 1.6 
553 -211 0 1 -98.876 36.428 1.6 
554 -211 0 1 -88.468 36.428 1.6 
555 311 1 1 78.06 36.428 1.6 
556 311 1 1 -46.836 -78.06 1.7 
557 311 1 2 -36.428 -78.06 1.7 
558 311 1 1 -26.02 -78.06 1.7 
559 -211 1 2 -171.732 -67.652 1.7 
560 -211 1 1 -161.324 -67.652 1.7 
561 311 1 2 -46.836 -67.652 1.7 
562 311 1 1 -36.428 -67.652 1.7 
563 -211 1 1 -171.732 -57.244 1.7 
564 -211 0 1 -88.468 -57.244 1.7 
565 -211 0 1 -88.468 -46.836 1.7 
566 311 1 2 67.652 -46.836 1.7 
567 311 1 3 78.06 -46.836 1.7 
568 311 1 1 67.652 -36.428 1.7 
569 311 1 1 78.06 -36.428 1.7 
570 311 1 1 98.876 -15.612 1.7 
571 311 1 1 109.284 -15.612 1.7 
572 -211 0 1 -140.508 -5.20402 1.7 
573 -211 0 3 -140.508 5.204 1.7 
574 -211 0 1 -130.1 5.204 1.7 
575 311 1 1 98.876 5.204 1.7 
576 311 1 1 119.692 5.204 1.7 
577 -211 0 1 -78.06 15.612 1.7 
578 311 1 1 78.06 36.428 1.7 
579 311 1 1 -46.836 -98.876 1.8 
580 311 1 1 -36.428 -98.876 1.8 
581 311 1 1 -78.06 -88.468 1.8 
582 311 1 2 -67.652 -88.468 1.8 
583 -211 0 1 -88.468 -57.244 1.8 
584 311 1 1 36.428 -57.244 1.8 
585 311 1 1 46.836 -57.244 1.8 
586 311 1 1 57.244 -57.244 1.8 
587 311 1 2 67.652 -57.244 1.8 
588 311 1 1 78.06 -57.244 1.8 
589 -211 0 1 -88.468 -46.836 1.8 
590 311 1 2 36.428 -46.836 1.8 
591 311 1 1 46.836 -46.836 1.8 
592 311 1 1 57.244 -46.836 1.8 
593 311 1 1 67.652 -46.836 1.8 
594 311 1 1 78.06 -46.836 1.8 
595 311 1 1 109.284 -15.612 1.8 
596 311 1 2 88.468 -5.20402 1.8 
597 311 1 1 98.876 -5.20399 1.8 
598 311 1 1 88.468 5.204 1.8 
599 311 1 2 98.876 5.204 1.8 
600 311 1 1 119.692 5.204 1.8 
601 311 1 1 130.1 5.204 1.8 
602 311 1 1 78.06 46.836 1.8 
603 -211 0 1 -88.468 -57.244 1.9 
604 -211 0 1 -78.06 -57.244 1.9 
605 311 1 2 67.652 -57.244 1.9 
606 311 1 1 109.284 -26.02 1.9 
607 311 1 2 109.284 -15.612 1.9 
608 311 1 1 98.876 5.20403 1.9 
609 311 1 2 130.1 5.20403 1.9 
610 -211 0 1 -119.692 15.612 1.9 
611 311 1 1 130.1 15.612 1.9 
612 311 1 2 67.652 46.836 1.9 
613 311 1 1 67.652 57.244 1.9 
614 -211 0 1 -78.06 -57.244 2 
615 311 1 1 109.284 -26.02 2 
616 311 1 2 109.284 -15.612 2 
617 311 1 1 119.692 -15.612 2 
618 311 1 1 130.1 -15.612 2 
619 311 1 2 46.836 -5.20399 2 
620 311 1 1 57.244 -5.20399 2 
621 311 1 2 78.06 -5.20399 2 
622 311 1 1 98.876 -5.20399 2 
623 311 1 1 119.692 -5.20399 2 
624 311 1 3 130.1 -5.20399 2 
625 311 1 1 46.836 5.204 2 
626 311 1 1 67.652 5.204 2 
627 311 1 1 78.06 5.204 2 
628 311 1 1 98.876 5.204 2 
629 311 1 1 130.1 5.204 2 
630 311 1 1 130.1 15.612 2 
631 311 1 1 57.244 57.244 2 
632 311 1 2 67.652 57.244 2 
633 311 1 1 67.652 67.652 2 
634 311 1 1 57.244 -67.652 2.1 
635 -211 0 1 -78.06 -57.244 2.1 
636 311 1 1 109.284 -26.02 2.1 
637 311 1 1 109.284 -15.612 2.1 
638 -211 0 1 -36.428 26.02 2.1 
639 -211 0 1 -26.02 26.02 2.1 
640 311 1 2 150.916 26.02 2.1 
641 -211 0 1 -36.428 36.428 2.1 
642 -211 0 1 -26.02 36.428 2.1 
643 311 1 1 57.244 57.244 2.1 
644 311 1 1 67.652 57.244 2.1 
645 311 1 1 57.244 67.652 2.1 
646 311 1 1 67.652 67.652 2.1 
647 311 1 3 -57.244 -119.692 2.2 
648 311 1 1 -46.836 -119.692 2.2 
649 311 1 2 -57.244 -109.284 2.2 
650 311 1 1 -46.836 -109.284 2.2 
651 -211 0 1 -88.468 -57.244 2.2 
652 -211 0 1 -78.06 -57.244 2.2 
653 -211 0 2 -67.652 -57.244 2.2 
654 311 1 1 109.284 -15.612 2.2 
655 311 1 1 192.548 57.244 2.2 
656 311 1 2 202.956 57.244 2.2 
657 311 1 2 57.244 67.652 2.2 
658 311 1 1 202.956 67.652 2.2 
659 -211 1 1 -119.692 -57.244 2.3 
660 -211 1 1 -57.244 -46.836 2.3 
661 311 1 2 109.284 -15.612 2.3 
662 311 1 1 119.692 -15.612 2.3 
663 311 1 1 57.244 78.06 2.3 
664 -211 1 1 -46.836 -36.428 2.4 
665 311 1 1 46.836 78.06 2.4 
666 -211 1 1 -36.428 -36.428 2.5 
667 -211 1 1 -36.428 -26.02 2.5 
668 311 1 1 46.836 88.468 2.5 
669 311 1 1 46.836 88.468 2.6 
670 311 1 1 36.428 98.876 2.6 
671 311 1 1 46.836 98.876 2.6 
672 311 1 1 36.428 98.876 2.7 
673 311 1 2 36.428 109.284 2.8 
674 311 1 1 36.428 109.284 2.9 
675 311 1 1 36.428 119.692 2.9 
676 311 1 1 26.02 119.692 3 
677 311 1 1 26.02 119.692 3.1 
678 311 1 2 26.02 130.1 3.1 
679 311 1 1 15.612 130.1 3.2 
680 311 1 1 26.02 130.1 3.2 
681 311 1 1 15.612 140.508 3.3 
682 311 1 1 15.612 140.508 3.4 
683 311 1 1 15.612 150.916 3.4 
684 311 1 1 -15.612 130.1 3.5 
685 311 1 1 -15.612 140.508 3.5 
686 311 1 1 -5.20402 140.508 3.5 
687 311 1 2 5.204 140.508 3.5 
688 311 1 2 -15.612 119.692 3.6 
689 311 1 1 -36.428 98.876 3.7 
690 311 1 1 -46.836 98.876 3.8 
691 311 1 1 -36.428 98.876 3.8 
692 311 1 1 -57.244 98.876 4 
